"C","Dispatch Fuel Mix Report"
"C","Filename: genfuelmix_20220419.csv"
"C","Report for 04/19/2022"
"C","Report generated 08/12/2024 16:40:13 EDT"
"H","Date","Time","Fuel Category","Fuel Category Rollup","Gen Mw","Marginal Flag"
"H","Local Date","Local Time","String","String","MWh","String"
"D","04/19/2022","00:01:03","Hydro","Hydro",1206,"No"
"D","04/19/2022","00:01:03","Natural Gas","Natural Gas",4575,"Yes"
"D","04/19/2022","00:01:03","Nuclear","Nuclear",2120,"No"
"D","04/19/2022","00:01:03","Other","Other",20,"No"
"D","04/19/2022","00:01:03","Landfill Gas","Renewables",37,"No"
"D","04/19/2022","00:01:03","Refuse","Renewables",348,"No"
"D","04/19/2022","00:01:03","Wind","Renewables",692,"No"
"D","04/19/2022","00:01:03","Wood","Renewables",169,"No"
"D","04/19/2022","00:14:34","Hydro","Hydro",1120,"No"
"D","04/19/2022","00:14:34","Natural Gas","Natural Gas",4636,"Yes"
"D","04/19/2022","00:14:34","Nuclear","Nuclear",2120,"No"
"D","04/19/2022","00:14:34","Other","Other",12,"No"
"D","04/19/2022","00:14:34","Landfill Gas","Renewables",37,"No"
"D","04/19/2022","00:14:34","Refuse","Renewables",348,"No"
"D","04/19/2022","00:14:34","Wind","Renewables",682,"Yes"
"D","04/19/2022","00:14:34","Wood","Renewables",167,"No"
"D","04/19/2022","00:36:46","Hydro","Hydro",1120,"No"
"D","04/19/2022","00:36:46","Natural Gas","Natural Gas",4559,"Yes"
"D","04/19/2022","00:36:46","Nuclear","Nuclear",2118,"No"
"D","04/19/2022","00:36:46","Other","Other",2,"No"
"D","04/19/2022","00:36:46","Landfill Gas","Renewables",37,"No"
"D","04/19/2022","00:36:46","Refuse","Renewables",349,"No"
"D","04/19/2022","00:36:46","Wind","Renewables",703,"Yes"
"D","04/19/2022","00:36:46","Wood","Renewables",168,"No"
"D","04/19/2022","00:53:09","Hydro","Hydro",1119,"No"
"D","04/19/2022","00:53:09","Natural Gas","Natural Gas",4357,"Yes"
"D","04/19/2022","00:53:09","Nuclear","Nuclear",2120,"No"
"D","04/19/2022","00:53:09","Other","Other",2,"No"
"D","04/19/2022","00:53:09","Landfill Gas","Renewables",37,"No"
"D","04/19/2022","00:53:09","Refuse","Renewables",346,"No"
"D","04/19/2022","00:53:09","Wind","Renewables",731,"Yes"
"D","04/19/2022","00:53:09","Wood","Renewables",167,"No"
"D","04/19/2022","01:06:52","Hydro","Hydro",1119,"No"
"D","04/19/2022","01:06:52","Natural Gas","Natural Gas",4182,"Yes"
"D","04/19/2022","01:06:52","Nuclear","Nuclear",2120,"No"
"D","04/19/2022","01:06:52","Other","Other",2,"No"
"D","04/19/2022","01:06:52","Landfill Gas","Renewables",37,"No"
"D","04/19/2022","01:06:52","Refuse","Renewables",345,"No"
"D","04/19/2022","01:06:52","Wind","Renewables",734,"Yes"
"D","04/19/2022","01:06:52","Wood","Renewables",167,"No"
"D","04/19/2022","01:26:01","Coal","Coal",4,"No"
"D","04/19/2022","01:26:01","Hydro","Hydro",1123,"No"
"D","04/19/2022","01:26:01","Natural Gas","Natural Gas",4114,"Yes"
"D","04/19/2022","01:26:01","Nuclear","Nuclear",2120,"No"
"D","04/19/2022","01:26:01","Other","Other",8,"No"
"D","04/19/2022","01:26:01","Landfill Gas","Renewables",37,"No"
"D","04/19/2022","01:26:01","Refuse","Renewables",353,"No"
"D","04/19/2022","01:26:01","Wind","Renewables",761,"Yes"
"D","04/19/2022","01:26:01","Wood","Renewables",169,"No"
"D","04/19/2022","01:40:32","Hydro","Hydro",1116,"No"
"D","04/19/2022","01:40:32","Natural Gas","Natural Gas",4012,"Yes"
"D","04/19/2022","01:40:32","Nuclear","Nuclear",2121,"No"
"D","04/19/2022","01:40:32","Other","Other",2,"No"
"D","04/19/2022","01:40:32","Landfill Gas","Renewables",37,"No"
"D","04/19/2022","01:40:32","Refuse","Renewables",341,"No"
"D","04/19/2022","01:40:32","Wind","Renewables",781,"Yes"
"D","04/19/2022","01:40:32","Wood","Renewables",166,"No"
"D","04/19/2022","01:56:26","Hydro","Hydro",1120,"No"
"D","04/19/2022","01:56:26","Natural Gas","Natural Gas",4039,"Yes"
"D","04/19/2022","01:56:26","Nuclear","Nuclear",2120,"No"
"D","04/19/2022","01:56:26","Other","Other",2,"No"
"D","04/19/2022","01:56:26","Landfill Gas","Renewables",37,"No"
"D","04/19/2022","01:56:26","Refuse","Renewables",346,"No"
"D","04/19/2022","01:56:26","Wind","Renewables",770,"Yes"
"D","04/19/2022","01:56:26","Wood","Renewables",166,"No"
"D","04/19/2022","02:09:31","Hydro","Hydro",1111,"Yes"
"D","04/19/2022","02:09:31","Natural Gas","Natural Gas",4024,"Yes"
"D","04/19/2022","02:09:31","Nuclear","Nuclear",2120,"No"
"D","04/19/2022","02:09:31","Other","Other",2,"No"
"D","04/19/2022","02:09:31","Landfill Gas","Renewables",37,"No"
"D","04/19/2022","02:09:31","Refuse","Renewables",350,"No"
"D","04/19/2022","02:09:31","Wind","Renewables",692,"Yes"
"D","04/19/2022","02:09:31","Wood","Renewables",165,"No"
"D","04/19/2022","02:24:18","Hydro","Hydro",1108,"No"
"D","04/19/2022","02:24:18","Natural Gas","Natural Gas",3926,"Yes"
"D","04/19/2022","02:24:18","Nuclear","Nuclear",2121,"No"
"D","04/19/2022","02:24:18","Other","Other",4,"No"
"D","04/19/2022","02:24:18","Landfill Gas","Renewables",37,"No"
"D","04/19/2022","02:24:18","Refuse","Renewables",351,"No"
"D","04/19/2022","02:24:18","Wind","Renewables",695,"Yes"
"D","04/19/2022","02:24:18","Wood","Renewables",166,"Yes"
"D","04/19/2022","02:37:37","Hydro","Hydro",1105,"No"
"D","04/19/2022","02:37:37","Natural Gas","Natural Gas",3888,"Yes"
"D","04/19/2022","02:37:37","Nuclear","Nuclear",2118,"No"
"D","04/19/2022","02:37:37","Other","Other",2,"No"
"D","04/19/2022","02:37:37","Landfill Gas","Renewables",36,"No"
"D","04/19/2022","02:37:37","Refuse","Renewables",356,"No"
"D","04/19/2022","02:37:37","Wind","Renewables",698,"Yes"
"D","04/19/2022","02:37:37","Wood","Renewables",164,"No"
"D","04/19/2022","02:55:36","Hydro","Hydro",1105,"No"
"D","04/19/2022","02:55:36","Natural Gas","Natural Gas",3879,"Yes"
"D","04/19/2022","02:55:36","Nuclear","Nuclear",2120,"No"
"D","04/19/2022","02:55:36","Other","Other",2,"No"
"D","04/19/2022","02:55:36","Landfill Gas","Renewables",37,"No"
"D","04/19/2022","02:55:36","Refuse","Renewables",350,"No"
"D","04/19/2022","02:55:36","Wind","Renewables",759,"Yes"
"D","04/19/2022","02:55:36","Wood","Renewables",163,"No"
"D","04/19/2022","03:21:09","Hydro","Hydro",1107,"Yes"
"D","04/19/2022","03:21:09","Natural Gas","Natural Gas",3692,"Yes"
"D","04/19/2022","03:21:09","Nuclear","Nuclear",2118,"No"
"D","04/19/2022","03:21:09","Other","Other",3,"No"
"D","04/19/2022","03:21:09","Landfill Gas","Renewables",36,"No"
"D","04/19/2022","03:21:09","Refuse","Renewables",349,"No"
"D","04/19/2022","03:21:09","Wind","Renewables",871,"Yes"
"D","04/19/2022","03:21:09","Wood","Renewables",161,"No"
"D","04/19/2022","03:40:38","Hydro","Hydro",1105,"No"
"D","04/19/2022","03:40:38","Natural Gas","Natural Gas",3792,"Yes"
"D","04/19/2022","03:40:38","Nuclear","Nuclear",2120,"No"
"D","04/19/2022","03:40:38","Other","Other",3,"No"
"D","04/19/2022","03:40:38","Landfill Gas","Renewables",36,"No"
"D","04/19/2022","03:40:38","Refuse","Renewables",346,"No"
"D","04/19/2022","03:40:38","Wind","Renewables",863,"Yes"
"D","04/19/2022","03:40:38","Wood","Renewables",157,"No"
"D","04/19/2022","03:55:17","Hydro","Hydro",1104,"Yes"
"D","04/19/2022","03:55:17","Natural Gas","Natural Gas",3887,"Yes"
"D","04/19/2022","03:55:17","Nuclear","Nuclear",2118,"No"
"D","04/19/2022","03:55:17","Other","Other",2,"No"
"D","04/19/2022","03:55:17","Landfill Gas","Renewables",36,"No"
"D","04/19/2022","03:55:17","Refuse","Renewables",346,"No"
"D","04/19/2022","03:55:17","Wind","Renewables",852,"Yes"
"D","04/19/2022","03:55:17","Wood","Renewables",158,"Yes"
"D","04/19/2022","04:18:04","Hydro","Hydro",1103,"Yes"
"D","04/19/2022","04:18:04","Natural Gas","Natural Gas",3987,"Yes"
"D","04/19/2022","04:18:04","Nuclear","Nuclear",2120,"No"
"D","04/19/2022","04:18:04","Other","Other",2,"No"
"D","04/19/2022","04:18:04","Landfill Gas","Renewables",36,"No"
"D","04/19/2022","04:18:04","Refuse","Renewables",342,"No"
"D","04/19/2022","04:18:04","Wind","Renewables",911,"Yes"
"D","04/19/2022","04:18:04","Wood","Renewables",160,"No"
"D","04/19/2022","04:23:21","Hydro","Hydro",1106,"Yes"
"D","04/19/2022","04:23:21","Natural Gas","Natural Gas",4022,"Yes"
"D","04/19/2022","04:23:21","Nuclear","Nuclear",2118,"No"
"D","04/19/2022","04:23:21","Other","Other",2,"No"
"D","04/19/2022","04:23:21","Landfill Gas","Renewables",36,"No"
"D","04/19/2022","04:23:21","Refuse","Renewables",353,"No"
"D","04/19/2022","04:23:21","Wind","Renewables",901,"Yes"
"D","04/19/2022","04:23:21","Wood","Renewables",160,"No"
"D","04/19/2022","04:38:25","Hydro","Hydro",1094,"No"
"D","04/19/2022","04:38:25","Natural Gas","Natural Gas",4075,"Yes"
"D","04/19/2022","04:38:25","Nuclear","Nuclear",2120,"No"
"D","04/19/2022","04:38:25","Other","Other",2,"No"
"D","04/19/2022","04:38:25","Landfill Gas","Renewables",36,"No"
"D","04/19/2022","04:38:25","Refuse","Renewables",350,"No"
"D","04/19/2022","04:38:25","Wind","Renewables",929,"Yes"
"D","04/19/2022","04:38:25","Wood","Renewables",156,"No"
"D","04/19/2022","04:57:58","Hydro","Hydro",1085,"Yes"
"D","04/19/2022","04:57:58","Natural Gas","Natural Gas",4260,"Yes"
"D","04/19/2022","04:57:58","Nuclear","Nuclear",2118,"No"
"D","04/19/2022","04:57:58","Other","Other",2,"No"
"D","04/19/2022","04:57:58","Landfill Gas","Renewables",36,"No"
"D","04/19/2022","04:57:58","Refuse","Renewables",352,"No"
"D","04/19/2022","04:57:58","Wind","Renewables",949,"Yes"
"D","04/19/2022","04:57:58","Wood","Renewables",153,"No"
"D","04/19/2022","05:11:41","Hydro","Hydro",1082,"Yes"
"D","04/19/2022","05:11:41","Natural Gas","Natural Gas",4441,"Yes"
"D","04/19/2022","05:11:41","Nuclear","Nuclear",2116,"No"
"D","04/19/2022","05:11:41","Other","Other",2,"No"
"D","04/19/2022","05:11:41","Landfill Gas","Renewables",36,"No"
"D","04/19/2022","05:11:41","Refuse","Renewables",345,"No"
"D","04/19/2022","05:11:41","Wind","Renewables",1083,"Yes"
"D","04/19/2022","05:11:41","Wood","Renewables",154,"No"
"D","04/19/2022","05:18:40","Hydro","Hydro",1082,"Yes"
"D","04/19/2022","05:18:40","Natural Gas","Natural Gas",4698,"Yes"
"D","04/19/2022","05:18:40","Nuclear","Nuclear",2118,"No"
"D","04/19/2022","05:18:40","Other","Other",2,"No"
"D","04/19/2022","05:18:40","Landfill Gas","Renewables",36,"No"
"D","04/19/2022","05:18:40","Refuse","Renewables",347,"No"
"D","04/19/2022","05:18:40","Wind","Renewables",1096,"Yes"
"D","04/19/2022","05:18:40","Wood","Renewables",154,"No"
"D","04/19/2022","05:34:52","Hydro","Hydro",1087,"Yes"
"D","04/19/2022","05:34:52","Natural Gas","Natural Gas",4728,"Yes"
"D","04/19/2022","05:34:52","Nuclear","Nuclear",2118,"No"
"D","04/19/2022","05:34:52","Other","Other",15,"No"
"D","04/19/2022","05:34:52","Landfill Gas","Renewables",36,"No"
"D","04/19/2022","05:34:52","Refuse","Renewables",349,"No"
"D","04/19/2022","05:34:52","Wind","Renewables",1116,"Yes"
"D","04/19/2022","05:34:52","Wood","Renewables",156,"No"
"D","04/19/2022","05:42:21","Hydro","Hydro",1084,"No"
"D","04/19/2022","05:42:21","Natural Gas","Natural Gas",4789,"Yes"
"D","04/19/2022","05:42:21","Nuclear","Nuclear",2118,"No"
"D","04/19/2022","05:42:21","Other","Other",13,"No"
"D","04/19/2022","05:42:21","Landfill Gas","Renewables",36,"No"
"D","04/19/2022","05:42:21","Refuse","Renewables",342,"No"
"D","04/19/2022","05:42:21","Wind","Renewables",1101,"Yes"
"D","04/19/2022","05:42:21","Wood","Renewables",155,"Yes"
"D","04/19/2022","05:57:52","Hydro","Hydro",1178,"No"
"D","04/19/2022","05:57:52","Natural Gas","Natural Gas",5082,"Yes"
"D","04/19/2022","05:57:52","Nuclear","Nuclear",2120,"No"
"D","04/19/2022","05:57:52","Other","Other",2,"No"
"D","04/19/2022","05:57:52","Landfill Gas","Renewables",35,"No"
"D","04/19/2022","05:57:52","Refuse","Renewables",344,"No"
"D","04/19/2022","05:57:52","Wind","Renewables",1093,"Yes"
"D","04/19/2022","05:57:52","Wood","Renewables",156,"Yes"
"D","04/19/2022","06:02:00","Hydro","Hydro",1233,"No"
"D","04/19/2022","06:02:00","Natural Gas","Natural Gas",5146,"Yes"
"D","04/19/2022","06:02:00","Nuclear","Nuclear",2118,"No"
"D","04/19/2022","06:02:00","Other","Other",41,"No"
"D","04/19/2022","06:02:00","Landfill Gas","Renewables",36,"No"
"D","04/19/2022","06:02:00","Refuse","Renewables",345,"No"
"D","04/19/2022","06:02:00","Wind","Renewables",1091,"Yes"
"D","04/19/2022","06:02:00","Wood","Renewables",156,"Yes"
"D","04/19/2022","06:02:19","Hydro","Hydro",1233,"No"
"D","04/19/2022","06:02:19","Natural Gas","Natural Gas",5146,"Yes"
"D","04/19/2022","06:02:19","Nuclear","Nuclear",2118,"No"
"D","04/19/2022","06:02:19","Other","Other",41,"No"
"D","04/19/2022","06:02:19","Landfill Gas","Renewables",36,"No"
"D","04/19/2022","06:02:19","Refuse","Renewables",345,"No"
"D","04/19/2022","06:02:19","Wind","Renewables",1091,"Yes"
"D","04/19/2022","06:02:19","Wood","Renewables",156,"Yes"
"D","04/19/2022","06:05:56","Hydro","Hydro",1236,"No"
"D","04/19/2022","06:05:56","Natural Gas","Natural Gas",5156,"Yes"
"D","04/19/2022","06:05:56","Nuclear","Nuclear",2118,"No"
"D","04/19/2022","06:05:56","Other","Other",32,"No"
"D","04/19/2022","06:05:56","Landfill Gas","Renewables",35,"No"
"D","04/19/2022","06:05:56","Refuse","Renewables",345,"No"
"D","04/19/2022","06:05:56","Wind","Renewables",1096,"Yes"
"D","04/19/2022","06:05:56","Wood","Renewables",156,"Yes"
"D","04/19/2022","06:08:00","Hydro","Hydro",1239,"No"
"D","04/19/2022","06:08:00","Natural Gas","Natural Gas",5324,"Yes"
"D","04/19/2022","06:08:00","Nuclear","Nuclear",2117,"No"
"D","04/19/2022","06:08:00","Other","Other",11,"No"
"D","04/19/2022","06:08:00","Landfill Gas","Renewables",35,"No"
"D","04/19/2022","06:08:00","Refuse","Renewables",344,"No"
"D","04/19/2022","06:08:00","Wind","Renewables",1089,"Yes"
"D","04/19/2022","06:08:00","Wood","Renewables",156,"Yes"
"D","04/19/2022","06:29:08","Hydro","Hydro",1247,"No"
"D","04/19/2022","06:29:08","Natural Gas","Natural Gas",5854,"Yes"
"D","04/19/2022","06:29:08","Nuclear","Nuclear",2118,"No"
"D","04/19/2022","06:29:08","Other","Other",6,"No"
"D","04/19/2022","06:29:08","Landfill Gas","Renewables",35,"No"
"D","04/19/2022","06:29:08","Refuse","Renewables",346,"No"
"D","04/19/2022","06:29:08","Solar","Renewables",0,"No"
"D","04/19/2022","06:29:08","Wind","Renewables",1073,"Yes"
"D","04/19/2022","06:29:08","Wood","Renewables",156,"No"
"D","04/19/2022","06:39:25","Hydro","Hydro",1253,"No"
"D","04/19/2022","06:39:25","Natural Gas","Natural Gas",6108,"Yes"
"D","04/19/2022","06:39:25","Nuclear","Nuclear",2120,"No"
"D","04/19/2022","06:39:25","Other","Other",7,"No"
"D","04/19/2022","06:39:25","Landfill Gas","Renewables",29,"No"
"D","04/19/2022","06:39:25","Refuse","Renewables",334,"No"
"D","04/19/2022","06:39:25","Solar","Renewables",1,"No"
"D","04/19/2022","06:39:25","Wind","Renewables",1069,"Yes"
"D","04/19/2022","06:39:25","Wood","Renewables",161,"No"
"D","04/19/2022","07:09:39","Hydro","Hydro",1248,"No"
"D","04/19/2022","07:09:39","Natural Gas","Natural Gas",6332,"Yes"
"D","04/19/2022","07:09:39","Nuclear","Nuclear",2118,"No"
"D","04/19/2022","07:09:39","Other","Other",31,"No"
"D","04/19/2022","07:09:39","Landfill Gas","Renewables",22,"No"
"D","04/19/2022","07:09:39","Refuse","Renewables",349,"No"
"D","04/19/2022","07:09:39","Solar","Renewables",3,"No"
"D","04/19/2022","07:09:39","Wind","Renewables",1077,"Yes"
"D","04/19/2022","07:09:39","Wood","Renewables",162,"No"
"D","04/19/2022","07:10:37","Hydro","Hydro",1248,"No"
"D","04/19/2022","07:10:37","Natural Gas","Natural Gas",6334,"Yes"
"D","04/19/2022","07:10:37","Nuclear","Nuclear",2116,"No"
"D","04/19/2022","07:10:37","Other","Other",19,"No"
"D","04/19/2022","07:10:37","Landfill Gas","Renewables",22,"No"
"D","04/19/2022","07:10:37","Refuse","Renewables",349,"No"
"D","04/19/2022","07:10:37","Solar","Renewables",4,"No"
"D","04/19/2022","07:10:37","Wind","Renewables",1088,"Yes"
"D","04/19/2022","07:10:37","Wood","Renewables",162,"No"
"D","04/19/2022","07:18:18","Hydro","Hydro",1380,"No"
"D","04/19/2022","07:18:18","Natural Gas","Natural Gas",6547,"Yes"
"D","04/19/2022","07:18:18","Nuclear","Nuclear",2118,"No"
"D","04/19/2022","07:18:18","Other","Other",6,"No"
"D","04/19/2022","07:18:18","Landfill Gas","Renewables",22,"No"
"D","04/19/2022","07:18:18","Refuse","Renewables",346,"No"
"D","04/19/2022","07:18:18","Solar","Renewables",5,"No"
"D","04/19/2022","07:18:18","Wind","Renewables",1064,"Yes"
"D","04/19/2022","07:18:18","Wood","Renewables",163,"No"
"D","04/19/2022","07:23:53","Hydro","Hydro",1520,"No"
"D","04/19/2022","07:23:53","Natural Gas","Natural Gas",6550,"Yes"
"D","04/19/2022","07:23:53","Nuclear","Nuclear",2118,"No"
"D","04/19/2022","07:23:53","Other","Other",8,"No"
"D","04/19/2022","07:23:53","Landfill Gas","Renewables",29,"No"
"D","04/19/2022","07:23:53","Refuse","Renewables",345,"No"
"D","04/19/2022","07:23:53","Solar","Renewables",7,"No"
"D","04/19/2022","07:23:53","Wind","Renewables",1054,"Yes"
"D","04/19/2022","07:23:53","Wood","Renewables",165,"No"
"D","04/19/2022","07:36:18","Hydro","Hydro",1526,"Yes"
"D","04/19/2022","07:36:18","Natural Gas","Natural Gas",6656,"No"
"D","04/19/2022","07:36:18","Nuclear","Nuclear",2118,"No"
"D","04/19/2022","07:36:18","Other","Other",15,"No"
"D","04/19/2022","07:36:18","Landfill Gas","Renewables",29,"No"
"D","04/19/2022","07:36:18","Refuse","Renewables",339,"No"
"D","04/19/2022","07:36:18","Solar","Renewables",11,"No"
"D","04/19/2022","07:36:18","Wind","Renewables",1030,"Yes"
"D","04/19/2022","07:36:18","Wood","Renewables",166,"No"
"D","04/19/2022","08:01:51","Hydro","Hydro",1636,"No"
"D","04/19/2022","08:01:51","Natural Gas","Natural Gas",6641,"Yes"
"D","04/19/2022","08:01:51","Nuclear","Nuclear",2117,"No"
"D","04/19/2022","08:01:51","Other","Other",12,"No"
"D","04/19/2022","08:01:51","Landfill Gas","Renewables",29,"No"
"D","04/19/2022","08:01:51","Refuse","Renewables",336,"No"
"D","04/19/2022","08:01:51","Solar","Renewables",20,"No"
"D","04/19/2022","08:01:51","Wind","Renewables",1047,"Yes"
"D","04/19/2022","08:01:51","Wood","Renewables",163,"No"
"D","04/19/2022","08:14:11","Hydro","Hydro",1674,"No"
"D","04/19/2022","08:14:11","Natural Gas","Natural Gas",6762,"No"
"D","04/19/2022","08:14:11","Nuclear","Nuclear",2118,"No"
"D","04/19/2022","08:14:11","Other","Other",6,"Yes"
"D","04/19/2022","08:14:11","Landfill Gas","Renewables",29,"No"
"D","04/19/2022","08:14:11","Refuse","Renewables",299,"No"
"D","04/19/2022","08:14:11","Solar","Renewables",28,"No"
"D","04/19/2022","08:14:11","Wind","Renewables",1008,"Yes"
"D","04/19/2022","08:14:11","Wood","Renewables",169,"No"
"D","04/19/2022","08:30:26","Hydro","Hydro",1696,"No"
"D","04/19/2022","08:30:26","Natural Gas","Natural Gas",6646,"Yes"
"D","04/19/2022","08:30:26","Nuclear","Nuclear",2120,"No"
"D","04/19/2022","08:30:26","Oil","Oil",42,"No"
"D","04/19/2022","08:30:26","Other","Other",6,"No"
"D","04/19/2022","08:30:26","Landfill Gas","Renewables",30,"No"
"D","04/19/2022","08:30:26","Refuse","Renewables",340,"No"
"D","04/19/2022","08:30:26","Solar","Renewables",46,"No"
"D","04/19/2022","08:30:26","Wind","Renewables",1025,"Yes"
"D","04/19/2022","08:30:26","Wood","Renewables",166,"No"
"D","04/19/2022","08:46:50","Hydro","Hydro",1668,"Yes"
"D","04/19/2022","08:46:50","Natural Gas","Natural Gas",6686,"Yes"
"D","04/19/2022","08:46:50","Nuclear","Nuclear",2118,"No"
"D","04/19/2022","08:46:50","Oil","Oil",42,"No"
"D","04/19/2022","08:46:50","Other","Other",6,"No"
"D","04/19/2022","08:46:50","Landfill Gas","Renewables",30,"No"
"D","04/19/2022","08:46:50","Refuse","Renewables",341,"No"
"D","04/19/2022","08:46:50","Solar","Renewables",49,"No"
"D","04/19/2022","08:46:50","Wind","Renewables",991,"Yes"
"D","04/19/2022","08:46:50","Wood","Renewables",167,"No"
"D","04/19/2022","09:20:17","Coal","Coal",7,"No"
"D","04/19/2022","09:20:17","Hydro","Hydro",1645,"No"
"D","04/19/2022","09:20:17","Natural Gas","Natural Gas",6612,"Yes"
"D","04/19/2022","09:20:17","Nuclear","Nuclear",2120,"No"
"D","04/19/2022","09:20:17","Oil","Oil",42,"No"
"D","04/19/2022","09:20:17","Other","Other",11,"No"
"D","04/19/2022","09:20:17","Landfill Gas","Renewables",30,"No"
"D","04/19/2022","09:20:17","Refuse","Renewables",343,"No"
"D","04/19/2022","09:20:17","Solar","Renewables",69,"No"
"D","04/19/2022","09:20:17","Wind","Renewables",924,"Yes"
"D","04/19/2022","09:20:17","Wood","Renewables",161,"No"
"D","04/19/2022","09:31:50","Coal","Coal",8,"No"
"D","04/19/2022","09:31:50","Hydro","Hydro",1645,"No"
"D","04/19/2022","09:31:50","Natural Gas","Natural Gas",6605,"Yes"
"D","04/19/2022","09:31:50","Nuclear","Nuclear",2116,"No"
"D","04/19/2022","09:31:50","Oil","Oil",42,"No"
"D","04/19/2022","09:31:50","Other","Other",17,"No"
"D","04/19/2022","09:31:50","Landfill Gas","Renewables",30,"No"
"D","04/19/2022","09:31:50","Refuse","Renewables",344,"No"
"D","04/19/2022","09:31:50","Solar","Renewables",73,"No"
"D","04/19/2022","09:31:50","Wind","Renewables",917,"Yes"
"D","04/19/2022","09:31:50","Wood","Renewables",162,"No"
"D","04/19/2022","09:42:34","Hydro","Hydro",1634,"No"
"D","04/19/2022","09:42:34","Natural Gas","Natural Gas",6669,"Yes"
"D","04/19/2022","09:42:34","Nuclear","Nuclear",2118,"No"
"D","04/19/2022","09:42:34","Oil","Oil",42,"No"
"D","04/19/2022","09:42:34","Other","Other",6,"No"
"D","04/19/2022","09:42:34","Landfill Gas","Renewables",29,"No"
"D","04/19/2022","09:42:34","Refuse","Renewables",346,"No"
"D","04/19/2022","09:42:34","Solar","Renewables",106,"No"
"D","04/19/2022","09:42:34","Wind","Renewables",881,"Yes"
"D","04/19/2022","09:42:34","Wood","Renewables",162,"No"
"D","04/19/2022","09:55:33","Coal","Coal",11,"No"
"D","04/19/2022","09:55:33","Hydro","Hydro",1635,"No"
"D","04/19/2022","09:55:33","Natural Gas","Natural Gas",6415,"Yes"
"D","04/19/2022","09:55:33","Nuclear","Nuclear",2115,"No"
"D","04/19/2022","09:55:33","Oil","Oil",43,"No"
"D","04/19/2022","09:55:33","Other","Other",10,"No"
"D","04/19/2022","09:55:33","Landfill Gas","Renewables",29,"No"
"D","04/19/2022","09:55:33","Refuse","Renewables",355,"No"
"D","04/19/2022","09:55:33","Solar","Renewables",117,"No"
"D","04/19/2022","09:55:33","Wind","Renewables",908,"Yes"
"D","04/19/2022","09:55:33","Wood","Renewables",159,"No"
"D","04/19/2022","10:12:11","Coal","Coal",10,"No"
"D","04/19/2022","10:12:11","Hydro","Hydro",1404,"No"
"D","04/19/2022","10:12:11","Natural Gas","Natural Gas",6491,"Yes"
"D","04/19/2022","10:12:11","Nuclear","Nuclear",2118,"No"
"D","04/19/2022","10:12:11","Oil","Oil",42,"No"
"D","04/19/2022","10:12:11","Other","Other",19,"No"
"D","04/19/2022","10:12:11","Landfill Gas","Renewables",30,"No"
"D","04/19/2022","10:12:11","Refuse","Renewables",344,"No"
"D","04/19/2022","10:12:11","Solar","Renewables",148,"No"
"D","04/19/2022","10:12:11","Wind","Renewables",936,"Yes"
"D","04/19/2022","10:12:11","Wood","Renewables",145,"No"
"D","04/19/2022","10:21:56","Coal","Coal",8,"No"
"D","04/19/2022","10:21:56","Hydro","Hydro",1274,"No"
"D","04/19/2022","10:21:56","Natural Gas","Natural Gas",6425,"Yes"
"D","04/19/2022","10:21:56","Nuclear","Nuclear",2118,"No"
"D","04/19/2022","10:21:56","Oil","Oil",42,"No"
"D","04/19/2022","10:21:56","Other","Other",9,"No"
"D","04/19/2022","10:21:56","Landfill Gas","Renewables",29,"No"
"D","04/19/2022","10:21:56","Refuse","Renewables",346,"No"
"D","04/19/2022","10:21:56","Solar","Renewables",159,"No"
"D","04/19/2022","10:21:56","Wind","Renewables",919,"Yes"
"D","04/19/2022","10:21:56","Wood","Renewables",147,"No"
"D","04/19/2022","10:27:22","Coal","Coal",6,"No"
"D","04/19/2022","10:27:22","Hydro","Hydro",1273,"No"
"D","04/19/2022","10:27:22","Natural Gas","Natural Gas",6301,"Yes"
"D","04/19/2022","10:27:22","Nuclear","Nuclear",2118,"No"
"D","04/19/2022","10:27:22","Oil","Oil",42,"No"
"D","04/19/2022","10:27:22","Other","Other",19,"No"
"D","04/19/2022","10:27:22","Landfill Gas","Renewables",29,"No"
"D","04/19/2022","10:27:22","Refuse","Renewables",347,"No"
"D","04/19/2022","10:27:22","Solar","Renewables",163,"No"
"D","04/19/2022","10:27:22","Wind","Renewables",921,"Yes"
"D","04/19/2022","10:27:22","Wood","Renewables",149,"No"
"D","04/19/2022","10:31:03","Coal","Coal",6,"No"
"D","04/19/2022","10:31:03","Hydro","Hydro",1272,"No"
"D","04/19/2022","10:31:03","Natural Gas","Natural Gas",6236,"Yes"
"D","04/19/2022","10:31:03","Nuclear","Nuclear",2118,"No"
"D","04/19/2022","10:31:03","Oil","Oil",42,"No"
"D","04/19/2022","10:31:03","Other","Other",6,"No"
"D","04/19/2022","10:31:03","Landfill Gas","Renewables",29,"No"
"D","04/19/2022","10:31:03","Refuse","Renewables",347,"No"
"D","04/19/2022","10:31:03","Solar","Renewables",175,"No"
"D","04/19/2022","10:31:03","Wind","Renewables",925,"Yes"
"D","04/19/2022","10:31:03","Wood","Renewables",148,"No"
"D","04/19/2022","10:37:18","Coal","Coal",6,"No"
"D","04/19/2022","10:37:18","Hydro","Hydro",1491,"No"
"D","04/19/2022","10:37:18","Natural Gas","Natural Gas",6345,"Yes"
"D","04/19/2022","10:37:18","Nuclear","Nuclear",2118,"No"
"D","04/19/2022","10:37:18","Oil","Oil",42,"No"
"D","04/19/2022","10:37:18","Other","Other",6,"No"
"D","04/19/2022","10:37:18","Landfill Gas","Renewables",29,"No"
"D","04/19/2022","10:37:18","Refuse","Renewables",356,"No"
"D","04/19/2022","10:37:18","Solar","Renewables",194,"No"
"D","04/19/2022","10:37:18","Wind","Renewables",921,"Yes"
"D","04/19/2022","10:37:18","Wood","Renewables",147,"No"
"D","04/19/2022","10:41:38","Coal","Coal",6,"No"
"D","04/19/2022","10:41:38","Hydro","Hydro",1491,"No"
"D","04/19/2022","10:41:38","Natural Gas","Natural Gas",6345,"Yes"
"D","04/19/2022","10:41:38","Nuclear","Nuclear",2118,"No"
"D","04/19/2022","10:41:38","Oil","Oil",42,"No"
"D","04/19/2022","10:41:38","Other","Other",6,"No"
"D","04/19/2022","10:41:38","Landfill Gas","Renewables",29,"No"
"D","04/19/2022","10:41:38","Refuse","Renewables",356,"No"
"D","04/19/2022","10:41:38","Solar","Renewables",194,"No"
"D","04/19/2022","10:41:38","Wind","Renewables",921,"Yes"
"D","04/19/2022","10:41:38","Wood","Renewables",147,"No"
"D","04/19/2022","10:54:05","Coal","Coal",10,"No"
"D","04/19/2022","10:54:05","Hydro","Hydro",1500,"No"
"D","04/19/2022","10:54:05","Natural Gas","Natural Gas",5880,"Yes"
"D","04/19/2022","10:54:05","Nuclear","Nuclear",2120,"No"
"D","04/19/2022","10:54:05","Oil","Oil",42,"No"
"D","04/19/2022","10:54:05","Other","Other",17,"No"
"D","04/19/2022","10:54:05","Landfill Gas","Renewables",29,"No"
"D","04/19/2022","10:54:05","Refuse","Renewables",349,"No"
"D","04/19/2022","10:54:05","Solar","Renewables",209,"No"
"D","04/19/2022","10:54:05","Wind","Renewables",951,"Yes"
"D","04/19/2022","10:54:05","Wood","Renewables",148,"No"
"D","04/19/2022","11:02:52","Coal","Coal",11,"No"
"D","04/19/2022","11:02:52","Hydro","Hydro",1397,"No"
"D","04/19/2022","11:02:52","Natural Gas","Natural Gas",6108,"Yes"
"D","04/19/2022","11:02:52","Nuclear","Nuclear",2118,"No"
"D","04/19/2022","11:02:52","Oil","Oil",42,"No"
"D","04/19/2022","11:02:52","Other","Other",6,"No"
"D","04/19/2022","11:02:52","Landfill Gas","Renewables",29,"No"
"D","04/19/2022","11:02:52","Refuse","Renewables",341,"No"
"D","04/19/2022","11:02:52","Solar","Renewables",219,"No"
"D","04/19/2022","11:02:52","Wind","Renewables",946,"Yes"
"D","04/19/2022","11:02:52","Wood","Renewables",150,"No"
"D","04/19/2022","11:03:01","Coal","Coal",11,"No"
"D","04/19/2022","11:03:01","Hydro","Hydro",1397,"No"
"D","04/19/2022","11:03:01","Natural Gas","Natural Gas",6108,"Yes"
"D","04/19/2022","11:03:01","Nuclear","Nuclear",2118,"No"
"D","04/19/2022","11:03:01","Oil","Oil",42,"No"
"D","04/19/2022","11:03:01","Other","Other",6,"No"
"D","04/19/2022","11:03:01","Landfill Gas","Renewables",29,"No"
"D","04/19/2022","11:03:01","Refuse","Renewables",341,"No"
"D","04/19/2022","11:03:01","Solar","Renewables",219,"No"
"D","04/19/2022","11:03:01","Wind","Renewables",946,"Yes"
"D","04/19/2022","11:03:01","Wood","Renewables",150,"No"
"D","04/19/2022","11:06:24","Coal","Coal",10,"No"
"D","04/19/2022","11:06:24","Hydro","Hydro",1400,"No"
"D","04/19/2022","11:06:24","Natural Gas","Natural Gas",6029,"Yes"
"D","04/19/2022","11:06:24","Nuclear","Nuclear",2120,"No"
"D","04/19/2022","11:06:24","Oil","Oil",42,"No"
"D","04/19/2022","11:06:24","Other","Other",18,"No"
"D","04/19/2022","11:06:24","Landfill Gas","Renewables",29,"No"
"D","04/19/2022","11:06:24","Refuse","Renewables",337,"No"
"D","04/19/2022","11:06:24","Solar","Renewables",215,"No"
"D","04/19/2022","11:06:24","Wind","Renewables",948,"Yes"
"D","04/19/2022","11:06:24","Wood","Renewables",147,"No"
"D","04/19/2022","11:20:57","Coal","Coal",10,"No"
"D","04/19/2022","11:20:57","Hydro","Hydro",1393,"No"
"D","04/19/2022","11:20:57","Natural Gas","Natural Gas",5903,"Yes"
"D","04/19/2022","11:20:57","Nuclear","Nuclear",2120,"No"
"D","04/19/2022","11:20:57","Oil","Oil",42,"No"
"D","04/19/2022","11:20:57","Other","Other",7,"No"
"D","04/19/2022","11:20:57","Landfill Gas","Renewables",29,"No"
"D","04/19/2022","11:20:57","Refuse","Renewables",332,"No"
"D","04/19/2022","11:20:57","Solar","Renewables",219,"No"
"D","04/19/2022","11:20:57","Wind","Renewables",962,"Yes"
"D","04/19/2022","11:20:57","Wood","Renewables",150,"No"
"D","04/19/2022","11:28:58","Coal","Coal",12,"No"
"D","04/19/2022","11:28:58","Hydro","Hydro",1381,"No"
"D","04/19/2022","11:28:58","Natural Gas","Natural Gas",5760,"Yes"
"D","04/19/2022","11:28:58","Nuclear","Nuclear",2118,"No"
"D","04/19/2022","11:28:58","Oil","Oil",42,"No"
"D","04/19/2022","11:28:58","Other","Other",6,"No"
"D","04/19/2022","11:28:58","Landfill Gas","Renewables",29,"No"
"D","04/19/2022","11:28:58","Refuse","Renewables",339,"No"
"D","04/19/2022","11:28:58","Solar","Renewables",187,"No"
"D","04/19/2022","11:28:58","Wind","Renewables",979,"Yes"
"D","04/19/2022","11:28:58","Wood","Renewables",148,"No"
"D","04/19/2022","11:39:18","Coal","Coal",5,"No"
"D","04/19/2022","11:39:18","Hydro","Hydro",1380,"No"
"D","04/19/2022","11:39:18","Natural Gas","Natural Gas",5603,"Yes"
"D","04/19/2022","11:39:18","Nuclear","Nuclear",2120,"No"
"D","04/19/2022","11:39:18","Oil","Oil",42,"No"
"D","04/19/2022","11:39:18","Other","Other",11,"No"
"D","04/19/2022","11:39:18","Landfill Gas","Renewables",29,"No"
"D","04/19/2022","11:39:18","Refuse","Renewables",324,"No"
"D","04/19/2022","11:39:18","Solar","Renewables",223,"No"
"D","04/19/2022","11:39:18","Wind","Renewables",979,"Yes"
"D","04/19/2022","11:39:18","Wood","Renewables",148,"No"
"D","04/19/2022","11:54:49","Coal","Coal",3,"No"
"D","04/19/2022","11:54:49","Hydro","Hydro",1166,"No"
"D","04/19/2022","11:54:49","Natural Gas","Natural Gas",5730,"Yes"
"D","04/19/2022","11:54:49","Nuclear","Nuclear",2118,"No"
"D","04/19/2022","11:54:49","Oil","Oil",42,"No"
"D","04/19/2022","11:54:49","Other","Other",7,"No"
"D","04/19/2022","11:54:49","Landfill Gas","Renewables",29,"No"
"D","04/19/2022","11:54:49","Refuse","Renewables",307,"No"
"D","04/19/2022","11:54:49","Solar","Renewables",234,"No"
"D","04/19/2022","11:54:49","Wind","Renewables",984,"Yes"
"D","04/19/2022","11:54:49","Wood","Renewables",146,"No"
"D","04/19/2022","12:08:44","Hydro","Hydro",1166,"No"
"D","04/19/2022","12:08:44","Natural Gas","Natural Gas",5690,"Yes"
"D","04/19/2022","12:08:44","Nuclear","Nuclear",2120,"No"
"D","04/19/2022","12:08:44","Oil","Oil",42,"No"
"D","04/19/2022","12:08:44","Other","Other",6,"No"
"D","04/19/2022","12:08:44","Landfill Gas","Renewables",30,"No"
"D","04/19/2022","12:08:44","Refuse","Renewables",306,"No"
"D","04/19/2022","12:08:44","Solar","Renewables",246,"No"
"D","04/19/2022","12:08:44","Wind","Renewables",986,"Yes"
"D","04/19/2022","12:08:44","Wood","Renewables",148,"No"
"D","04/19/2022","12:20:34","Coal","Coal",8,"No"
"D","04/19/2022","12:20:34","Hydro","Hydro",1162,"No"
"D","04/19/2022","12:20:34","Natural Gas","Natural Gas",5788,"Yes"
"D","04/19/2022","12:20:34","Nuclear","Nuclear",2116,"No"
"D","04/19/2022","12:20:34","Oil","Oil",42,"No"
"D","04/19/2022","12:20:34","Other","Other",6,"No"
"D","04/19/2022","12:20:34","Landfill Gas","Renewables",30,"No"
"D","04/19/2022","12:20:34","Refuse","Renewables",286,"No"
"D","04/19/2022","12:20:34","Solar","Renewables",189,"No"
"D","04/19/2022","12:20:34","Wind","Renewables",991,"Yes"
"D","04/19/2022","12:20:34","Wood","Renewables",146,"No"
"D","04/19/2022","12:36:12","Hydro","Hydro",1160,"No"
"D","04/19/2022","12:36:12","Natural Gas","Natural Gas",5753,"Yes"
"D","04/19/2022","12:36:12","Nuclear","Nuclear",2118,"No"
"D","04/19/2022","12:36:12","Oil","Oil",42,"No"
"D","04/19/2022","12:36:12","Other","Other",7,"No"
"D","04/19/2022","12:36:12","Landfill Gas","Renewables",30,"No"
"D","04/19/2022","12:36:12","Refuse","Renewables",312,"No"
"D","04/19/2022","12:36:12","Solar","Renewables",167,"No"
"D","04/19/2022","12:36:12","Wind","Renewables",998,"Yes"
"D","04/19/2022","12:36:12","Wood","Renewables",145,"No"
"D","04/19/2022","12:45:34","Coal","Coal",3,"No"
"D","04/19/2022","12:45:34","Hydro","Hydro",1163,"No"
"D","04/19/2022","12:45:34","Natural Gas","Natural Gas",5825,"Yes"
"D","04/19/2022","12:45:34","Nuclear","Nuclear",2116,"No"
"D","04/19/2022","12:45:34","Other","Other",6,"No"
"D","04/19/2022","12:45:34","Landfill Gas","Renewables",30,"No"
"D","04/19/2022","12:45:34","Refuse","Renewables",317,"No"
"D","04/19/2022","12:45:34","Solar","Renewables",193,"No"
"D","04/19/2022","12:45:34","Wind","Renewables",1004,"Yes"
"D","04/19/2022","12:45:34","Wood","Renewables",145,"No"
"D","04/19/2022","12:53:30","Hydro","Hydro",1162,"No"
"D","04/19/2022","12:53:30","Natural Gas","Natural Gas",5744,"Yes"
"D","04/19/2022","12:53:30","Nuclear","Nuclear",2120,"No"
"D","04/19/2022","12:53:30","Other","Other",7,"No"
"D","04/19/2022","12:53:30","Landfill Gas","Renewables",30,"No"
"D","04/19/2022","12:53:30","Refuse","Renewables",323,"No"
"D","04/19/2022","12:53:30","Solar","Renewables",218,"No"
"D","04/19/2022","12:53:30","Wind","Renewables",1018,"Yes"
"D","04/19/2022","12:53:30","Wood","Renewables",146,"No"
"D","04/19/2022","13:03:53","Hydro","Hydro",1165,"No"
"D","04/19/2022","13:03:53","Natural Gas","Natural Gas",5745,"Yes"
"D","04/19/2022","13:03:53","Nuclear","Nuclear",2119,"No"
"D","04/19/2022","13:03:53","Other","Other",9,"No"
"D","04/19/2022","13:03:53","Landfill Gas","Renewables",30,"No"
"D","04/19/2022","13:03:53","Refuse","Renewables",315,"No"
"D","04/19/2022","13:03:53","Solar","Renewables",178,"No"
"D","04/19/2022","13:03:53","Wind","Renewables",992,"Yes"
"D","04/19/2022","13:03:53","Wood","Renewables",145,"No"
"D","04/19/2022","13:13:13","Coal","Coal",10,"No"
"D","04/19/2022","13:13:13","Hydro","Hydro",1162,"No"
"D","04/19/2022","13:13:13","Natural Gas","Natural Gas",5883,"Yes"
"D","04/19/2022","13:13:13","Nuclear","Nuclear",2116,"No"
"D","04/19/2022","13:13:13","Other","Other",6,"No"
"D","04/19/2022","13:13:13","Landfill Gas","Renewables",30,"No"
"D","04/19/2022","13:13:13","Refuse","Renewables",329,"No"
"D","04/19/2022","13:13:13","Solar","Renewables",187,"No"
"D","04/19/2022","13:13:13","Wind","Renewables",1011,"Yes"
"D","04/19/2022","13:13:13","Wood","Renewables",145,"No"
"D","04/19/2022","13:27:43","Coal","Coal",7,"No"
"D","04/19/2022","13:27:43","Hydro","Hydro",1164,"No"
"D","04/19/2022","13:27:43","Natural Gas","Natural Gas",5741,"Yes"
"D","04/19/2022","13:27:43","Nuclear","Nuclear",2120,"No"
"D","04/19/2022","13:27:43","Other","Other",6,"No"
"D","04/19/2022","13:27:43","Landfill Gas","Renewables",30,"No"
"D","04/19/2022","13:27:43","Refuse","Renewables",334,"No"
"D","04/19/2022","13:27:43","Solar","Renewables",178,"No"
"D","04/19/2022","13:27:43","Wind","Renewables",1052,"Yes"
"D","04/19/2022","13:27:43","Wood","Renewables",145,"No"
"D","04/19/2022","13:33:24","Coal","Coal",12,"No"
"D","04/19/2022","13:33:24","Hydro","Hydro",1143,"No"
"D","04/19/2022","13:33:24","Natural Gas","Natural Gas",5657,"Yes"
"D","04/19/2022","13:33:24","Nuclear","Nuclear",2120,"No"
"D","04/19/2022","13:33:24","Other","Other",6,"No"
"D","04/19/2022","13:33:24","Landfill Gas","Renewables",32,"No"
"D","04/19/2022","13:33:24","Refuse","Renewables",334,"No"
"D","04/19/2022","13:33:24","Solar","Renewables",206,"No"
"D","04/19/2022","13:33:24","Wind","Renewables",1055,"Yes"
"D","04/19/2022","13:33:24","Wood","Renewables",147,"No"
"D","04/19/2022","13:34:53","Coal","Coal",12,"No"
"D","04/19/2022","13:34:53","Hydro","Hydro",1143,"No"
"D","04/19/2022","13:34:53","Natural Gas","Natural Gas",5649,"Yes"
"D","04/19/2022","13:34:53","Nuclear","Nuclear",2118,"No"
"D","04/19/2022","13:34:53","Other","Other",6,"No"
"D","04/19/2022","13:34:53","Landfill Gas","Renewables",32,"No"
"D","04/19/2022","13:34:53","Refuse","Renewables",334,"No"
"D","04/19/2022","13:34:53","Solar","Renewables",206,"No"
"D","04/19/2022","13:34:53","Wind","Renewables",1053,"Yes"
"D","04/19/2022","13:34:53","Wood","Renewables",146,"No"
"D","04/19/2022","13:46:56","Coal","Coal",12,"No"
"D","04/19/2022","13:46:56","Hydro","Hydro",1146,"No"
"D","04/19/2022","13:46:56","Natural Gas","Natural Gas",5433,"Yes"
"D","04/19/2022","13:46:56","Nuclear","Nuclear",2120,"No"
"D","04/19/2022","13:46:56","Other","Other",16,"No"
"D","04/19/2022","13:46:56","Landfill Gas","Renewables",34,"No"
"D","04/19/2022","13:46:56","Refuse","Renewables",329,"No"
"D","04/19/2022","13:46:56","Solar","Renewables",223,"No"
"D","04/19/2022","13:46:56","Wind","Renewables",1053,"Yes"
"D","04/19/2022","13:46:56","Wood","Renewables",148,"No"
"D","04/19/2022","13:52:00","Coal","Coal",12,"No"
"D","04/19/2022","13:52:00","Hydro","Hydro",1147,"No"
"D","04/19/2022","13:52:00","Natural Gas","Natural Gas",5456,"Yes"
"D","04/19/2022","13:52:00","Nuclear","Nuclear",2118,"No"
"D","04/19/2022","13:52:00","Other","Other",6,"No"
"D","04/19/2022","13:52:00","Landfill Gas","Renewables",35,"No"
"D","04/19/2022","13:52:00","Refuse","Renewables",334,"No"
"D","04/19/2022","13:52:00","Solar","Renewables",223,"No"
"D","04/19/2022","13:52:00","Wind","Renewables",1048,"Yes"
"D","04/19/2022","13:52:00","Wood","Renewables",144,"No"
"D","04/19/2022","14:07:45","Coal","Coal",2,"No"
"D","04/19/2022","14:07:45","Hydro","Hydro",1174,"No"
"D","04/19/2022","14:07:45","Natural Gas","Natural Gas",5351,"Yes"
"D","04/19/2022","14:07:45","Nuclear","Nuclear",2118,"No"
"D","04/19/2022","14:07:45","Other","Other",6,"No"
"D","04/19/2022","14:07:45","Landfill Gas","Renewables",35,"No"
"D","04/19/2022","14:07:45","Refuse","Renewables",330,"No"
"D","04/19/2022","14:07:45","Solar","Renewables",223,"No"
"D","04/19/2022","14:07:45","Wind","Renewables",1036,"Yes"
"D","04/19/2022","14:07:45","Wood","Renewables",146,"No"
"D","04/19/2022","14:15:57","Coal","Coal",4,"No"
"D","04/19/2022","14:15:57","Hydro","Hydro",1174,"No"
"D","04/19/2022","14:15:57","Natural Gas","Natural Gas",5278,"Yes"
"D","04/19/2022","14:15:57","Nuclear","Nuclear",2118,"No"
"D","04/19/2022","14:15:57","Other","Other",6,"No"
"D","04/19/2022","14:15:57","Landfill Gas","Renewables",35,"No"
"D","04/19/2022","14:15:57","Refuse","Renewables",336,"No"
"D","04/19/2022","14:15:57","Solar","Renewables",222,"No"
"D","04/19/2022","14:15:57","Wind","Renewables",1043,"Yes"
"D","04/19/2022","14:15:57","Wood","Renewables",144,"No"
"D","04/19/2022","14:20:36","Coal","Coal",4,"No"
"D","04/19/2022","14:20:36","Hydro","Hydro",1174,"No"
"D","04/19/2022","14:20:36","Natural Gas","Natural Gas",5278,"Yes"
"D","04/19/2022","14:20:36","Nuclear","Nuclear",2118,"No"
"D","04/19/2022","14:20:36","Other","Other",6,"No"
"D","04/19/2022","14:20:36","Landfill Gas","Renewables",35,"No"
"D","04/19/2022","14:20:36","Refuse","Renewables",336,"No"
"D","04/19/2022","14:20:36","Solar","Renewables",222,"No"
"D","04/19/2022","14:20:36","Wind","Renewables",1043,"Yes"
"D","04/19/2022","14:20:36","Wood","Renewables",144,"No"
"D","04/19/2022","14:23:13","Coal","Coal",6,"No"
"D","04/19/2022","14:23:13","Hydro","Hydro",1180,"No"
"D","04/19/2022","14:23:13","Natural Gas","Natural Gas",5000,"Yes"
"D","04/19/2022","14:23:13","Nuclear","Nuclear",2118,"No"
"D","04/19/2022","14:23:13","Other","Other",23,"No"
"D","04/19/2022","14:23:13","Landfill Gas","Renewables",35,"No"
"D","04/19/2022","14:23:13","Refuse","Renewables",336,"No"
"D","04/19/2022","14:23:13","Solar","Renewables",188,"No"
"D","04/19/2022","14:23:13","Wind","Renewables",1029,"Yes"
"D","04/19/2022","14:23:13","Wood","Renewables",145,"No"
"D","04/19/2022","14:23:44","Coal","Coal",6,"No"
"D","04/19/2022","14:23:44","Hydro","Hydro",1180,"No"
"D","04/19/2022","14:23:44","Natural Gas","Natural Gas",5000,"Yes"
"D","04/19/2022","14:23:44","Nuclear","Nuclear",2118,"No"
"D","04/19/2022","14:23:44","Other","Other",23,"No"
"D","04/19/2022","14:23:44","Landfill Gas","Renewables",35,"No"
"D","04/19/2022","14:23:44","Refuse","Renewables",336,"No"
"D","04/19/2022","14:23:44","Solar","Renewables",188,"No"
"D","04/19/2022","14:23:44","Wind","Renewables",1029,"Yes"
"D","04/19/2022","14:23:44","Wood","Renewables",145,"No"
"D","04/19/2022","14:25:44","Coal","Coal",5,"No"
"D","04/19/2022","14:25:44","Hydro","Hydro",1178,"No"
"D","04/19/2022","14:25:44","Natural Gas","Natural Gas",5098,"Yes"
"D","04/19/2022","14:25:44","Nuclear","Nuclear",2121,"No"
"D","04/19/2022","14:25:44","Other","Other",6,"No"
"D","04/19/2022","14:25:44","Landfill Gas","Renewables",35,"No"
"D","04/19/2022","14:25:44","Refuse","Renewables",338,"No"
"D","04/19/2022","14:25:44","Solar","Renewables",187,"No"
"D","04/19/2022","14:25:44","Wind","Renewables",1035,"Yes"
"D","04/19/2022","14:25:44","Wood","Renewables",145,"No"
"D","04/19/2022","14:26:56","Coal","Coal",4,"No"
"D","04/19/2022","14:26:56","Hydro","Hydro",1179,"No"
"D","04/19/2022","14:26:56","Natural Gas","Natural Gas",5123,"Yes"
"D","04/19/2022","14:26:56","Nuclear","Nuclear",2120,"No"
"D","04/19/2022","14:26:56","Other","Other",6,"No"
"D","04/19/2022","14:26:56","Landfill Gas","Renewables",35,"No"
"D","04/19/2022","14:26:56","Refuse","Renewables",338,"No"
"D","04/19/2022","14:26:56","Solar","Renewables",205,"No"
"D","04/19/2022","14:26:56","Wind","Renewables",1035,"Yes"
"D","04/19/2022","14:26:56","Wood","Renewables",145,"No"
"D","04/19/2022","14:29:50","Coal","Coal",4,"No"
"D","04/19/2022","14:29:50","Hydro","Hydro",1179,"No"
"D","04/19/2022","14:29:50","Natural Gas","Natural Gas",5123,"Yes"
"D","04/19/2022","14:29:50","Nuclear","Nuclear",2120,"No"
"D","04/19/2022","14:29:50","Other","Other",6,"No"
"D","04/19/2022","14:29:50","Landfill Gas","Renewables",35,"No"
"D","04/19/2022","14:29:50","Refuse","Renewables",338,"No"
"D","04/19/2022","14:29:50","Solar","Renewables",205,"No"
"D","04/19/2022","14:29:50","Wind","Renewables",1035,"Yes"
"D","04/19/2022","14:29:50","Wood","Renewables",145,"No"
"D","04/19/2022","14:33:07","Coal","Coal",9,"No"
"D","04/19/2022","14:33:07","Hydro","Hydro",1182,"No"
"D","04/19/2022","14:33:07","Natural Gas","Natural Gas",5397,"Yes"
"D","04/19/2022","14:33:07","Nuclear","Nuclear",2121,"No"
"D","04/19/2022","14:33:07","Other","Other",6,"No"
"D","04/19/2022","14:33:07","Landfill Gas","Renewables",35,"No"
"D","04/19/2022","14:33:07","Refuse","Renewables",339,"No"
"D","04/19/2022","14:33:07","Solar","Renewables",224,"No"
"D","04/19/2022","14:33:07","Wind","Renewables",1033,"Yes"
"D","04/19/2022","14:33:07","Wood","Renewables",146,"No"
"D","04/19/2022","14:50:08","Coal","Coal",6,"No"
"D","04/19/2022","14:50:08","Hydro","Hydro",1183,"No"
"D","04/19/2022","14:50:08","Natural Gas","Natural Gas",5259,"Yes"
"D","04/19/2022","14:50:08","Nuclear","Nuclear",2120,"No"
"D","04/19/2022","14:50:08","Other","Other",6,"No"
"D","04/19/2022","14:50:08","Landfill Gas","Renewables",35,"No"
"D","04/19/2022","14:50:08","Refuse","Renewables",329,"No"
"D","04/19/2022","14:50:08","Solar","Renewables",263,"No"
"D","04/19/2022","14:50:08","Wind","Renewables",1005,"Yes"
"D","04/19/2022","14:50:08","Wood","Renewables",148,"No"
"D","04/19/2022","15:07:28","Coal","Coal",5,"No"
"D","04/19/2022","15:07:28","Hydro","Hydro",1214,"No"
"D","04/19/2022","15:07:28","Natural Gas","Natural Gas",5357,"Yes"
"D","04/19/2022","15:07:28","Nuclear","Nuclear",2121,"No"
"D","04/19/2022","15:07:28","Other","Other",7,"No"
"D","04/19/2022","15:07:28","Landfill Gas","Renewables",35,"No"
"D","04/19/2022","15:07:28","Refuse","Renewables",326,"No"
"D","04/19/2022","15:07:28","Solar","Renewables",204,"No"
"D","04/19/2022","15:07:28","Wind","Renewables",948,"Yes"
"D","04/19/2022","15:07:28","Wood","Renewables",146,"No"
"D","04/19/2022","15:23:13","Coal","Coal",4,"No"
"D","04/19/2022","15:23:13","Hydro","Hydro",1210,"No"
"D","04/19/2022","15:23:13","Natural Gas","Natural Gas",5449,"Yes"
"D","04/19/2022","15:23:13","Nuclear","Nuclear",2118,"No"
"D","04/19/2022","15:23:13","Other","Other",6,"No"
"D","04/19/2022","15:23:13","Landfill Gas","Renewables",35,"No"
"D","04/19/2022","15:23:13","Refuse","Renewables",321,"No"
"D","04/19/2022","15:23:13","Solar","Renewables",200,"No"
"D","04/19/2022","15:23:13","Wind","Renewables",992,"Yes"
"D","04/19/2022","15:23:13","Wood","Renewables",146,"Yes"
"D","04/19/2022","15:28:56","Coal","Coal",3,"No"
"D","04/19/2022","15:28:56","Hydro","Hydro",1207,"No"
"D","04/19/2022","15:28:56","Natural Gas","Natural Gas",5435,"Yes"
"D","04/19/2022","15:28:56","Nuclear","Nuclear",2118,"No"
"D","04/19/2022","15:28:56","Other","Other",10,"No"
"D","04/19/2022","15:28:56","Landfill Gas","Renewables",36,"No"
"D","04/19/2022","15:28:56","Refuse","Renewables",312,"No"
"D","04/19/2022","15:28:56","Solar","Renewables",177,"No"
"D","04/19/2022","15:28:56","Wind","Renewables",979,"Yes"
"D","04/19/2022","15:28:56","Wood","Renewables",147,"No"
"D","04/19/2022","15:30:07","Coal","Coal",3,"No"
"D","04/19/2022","15:30:07","Hydro","Hydro",1210,"No"
"D","04/19/2022","15:30:07","Natural Gas","Natural Gas",5478,"Yes"
"D","04/19/2022","15:30:07","Nuclear","Nuclear",2120,"No"
"D","04/19/2022","15:30:07","Other","Other",18,"No"
"D","04/19/2022","15:30:07","Landfill Gas","Renewables",36,"No"
"D","04/19/2022","15:30:07","Refuse","Renewables",315,"No"
"D","04/19/2022","15:30:07","Solar","Renewables",161,"No"
"D","04/19/2022","15:30:07","Wind","Renewables",989,"Yes"
"D","04/19/2022","15:30:07","Wood","Renewables",147,"No"
"D","04/19/2022","15:32:19","Coal","Coal",3,"No"
"D","04/19/2022","15:32:19","Hydro","Hydro",1210,"No"
"D","04/19/2022","15:32:19","Natural Gas","Natural Gas",5478,"Yes"
"D","04/19/2022","15:32:19","Nuclear","Nuclear",2120,"No"
"D","04/19/2022","15:32:19","Other","Other",18,"No"
"D","04/19/2022","15:32:19","Landfill Gas","Renewables",36,"No"
"D","04/19/2022","15:32:19","Refuse","Renewables",315,"No"
"D","04/19/2022","15:32:19","Solar","Renewables",161,"No"
"D","04/19/2022","15:32:19","Wind","Renewables",989,"Yes"
"D","04/19/2022","15:32:19","Wood","Renewables",147,"No"
"D","04/19/2022","15:34:47","Coal","Coal",2,"No"
"D","04/19/2022","15:34:47","Hydro","Hydro",1206,"No"
"D","04/19/2022","15:34:47","Natural Gas","Natural Gas",5661,"Yes"
"D","04/19/2022","15:34:47","Nuclear","Nuclear",2119,"No"
"D","04/19/2022","15:34:47","Other","Other",6,"No"
"D","04/19/2022","15:34:47","Landfill Gas","Renewables",36,"No"
"D","04/19/2022","15:34:47","Refuse","Renewables",315,"No"
"D","04/19/2022","15:34:47","Solar","Renewables",202,"No"
"D","04/19/2022","15:34:47","Wind","Renewables",993,"Yes"
"D","04/19/2022","15:34:47","Wood","Renewables",145,"No"
"D","04/19/2022","15:42:32","Coal","Coal",6,"No"
"D","04/19/2022","15:42:32","Hydro","Hydro",1209,"No"
"D","04/19/2022","15:42:32","Natural Gas","Natural Gas",5539,"Yes"
"D","04/19/2022","15:42:32","Nuclear","Nuclear",2118,"No"
"D","04/19/2022","15:42:32","Other","Other",16,"No"
"D","04/19/2022","15:42:32","Landfill Gas","Renewables",36,"No"
"D","04/19/2022","15:42:32","Refuse","Renewables",322,"No"
"D","04/19/2022","15:42:32","Solar","Renewables",180,"No"
"D","04/19/2022","15:42:32","Wind","Renewables",979,"Yes"
"D","04/19/2022","15:42:32","Wood","Renewables",148,"No"
"D","04/19/2022","15:50:30","Coal","Coal",10,"No"
"D","04/19/2022","15:50:30","Hydro","Hydro",1210,"No"
"D","04/19/2022","15:50:30","Natural Gas","Natural Gas",5748,"Yes"
"D","04/19/2022","15:50:30","Nuclear","Nuclear",2118,"No"
"D","04/19/2022","15:50:30","Other","Other",7,"No"
"D","04/19/2022","15:50:30","Landfill Gas","Renewables",36,"No"
"D","04/19/2022","15:50:30","Refuse","Renewables",317,"No"
"D","04/19/2022","15:50:30","Solar","Renewables",195,"No"
"D","04/19/2022","15:50:30","Wind","Renewables",976,"Yes"
"D","04/19/2022","15:50:30","Wood","Renewables",147,"No"
"D","04/19/2022","15:53:07","Coal","Coal",10,"No"
"D","04/19/2022","15:53:07","Hydro","Hydro",1210,"No"
"D","04/19/2022","15:53:07","Natural Gas","Natural Gas",5748,"Yes"
"D","04/19/2022","15:53:07","Nuclear","Nuclear",2118,"No"
"D","04/19/2022","15:53:07","Other","Other",7,"No"
"D","04/19/2022","15:53:07","Landfill Gas","Renewables",36,"No"
"D","04/19/2022","15:53:07","Refuse","Renewables",317,"No"
"D","04/19/2022","15:53:07","Solar","Renewables",195,"No"
"D","04/19/2022","15:53:07","Wind","Renewables",976,"Yes"
"D","04/19/2022","15:53:07","Wood","Renewables",147,"No"
"D","04/19/2022","15:57:47","Coal","Coal",10,"No"
"D","04/19/2022","15:57:47","Hydro","Hydro",1285,"No"
"D","04/19/2022","15:57:47","Natural Gas","Natural Gas",6010,"Yes"
"D","04/19/2022","15:57:47","Nuclear","Nuclear",2118,"No"
"D","04/19/2022","15:57:47","Other","Other",6,"No"
"D","04/19/2022","15:57:47","Landfill Gas","Renewables",36,"No"
"D","04/19/2022","15:57:47","Refuse","Renewables",319,"No"
"D","04/19/2022","15:57:47","Solar","Renewables",131,"No"
"D","04/19/2022","15:57:47","Wind","Renewables",955,"Yes"
"D","04/19/2022","15:57:47","Wood","Renewables",147,"No"
"D","04/19/2022","16:02:11","Coal","Coal",8,"No"
"D","04/19/2022","16:02:11","Hydro","Hydro",1283,"No"
"D","04/19/2022","16:02:11","Natural Gas","Natural Gas",6040,"Yes"
"D","04/19/2022","16:02:11","Nuclear","Nuclear",2120,"No"
"D","04/19/2022","16:02:11","Other","Other",6,"No"
"D","04/19/2022","16:02:11","Landfill Gas","Renewables",36,"No"
"D","04/19/2022","16:02:11","Refuse","Renewables",320,"No"
"D","04/19/2022","16:02:11","Solar","Renewables",145,"No"
"D","04/19/2022","16:02:11","Wind","Renewables",940,"Yes"
"D","04/19/2022","16:02:11","Wood","Renewables",147,"No"
"D","04/19/2022","16:06:13","Coal","Coal",9,"No"
"D","04/19/2022","16:06:13","Hydro","Hydro",1288,"No"
"D","04/19/2022","16:06:13","Natural Gas","Natural Gas",5820,"Yes"
"D","04/19/2022","16:06:13","Nuclear","Nuclear",2118,"No"
"D","04/19/2022","16:06:13","Other","Other",23,"No"
"D","04/19/2022","16:06:13","Landfill Gas","Renewables",36,"No"
"D","04/19/2022","16:06:13","Refuse","Renewables",311,"No"
"D","04/19/2022","16:06:13","Solar","Renewables",177,"No"
"D","04/19/2022","16:06:13","Wind","Renewables",904,"Yes"
"D","04/19/2022","16:06:13","Wood","Renewables",150,"No"
"D","04/19/2022","16:15:10","Coal","Coal",6,"No"
"D","04/19/2022","16:15:10","Hydro","Hydro",1287,"No"
"D","04/19/2022","16:15:10","Natural Gas","Natural Gas",5983,"Yes"
"D","04/19/2022","16:15:10","Nuclear","Nuclear",2118,"No"
"D","04/19/2022","16:15:10","Other","Other",7,"No"
"D","04/19/2022","16:15:10","Landfill Gas","Renewables",36,"No"
"D","04/19/2022","16:15:10","Refuse","Renewables",329,"No"
"D","04/19/2022","16:15:10","Solar","Renewables",154,"No"
"D","04/19/2022","16:15:10","Wind","Renewables",895,"Yes"
"D","04/19/2022","16:15:10","Wood","Renewables",149,"No"
"D","04/19/2022","16:24:42","Coal","Coal",5,"No"
"D","04/19/2022","16:24:42","Hydro","Hydro",1288,"No"
"D","04/19/2022","16:24:42","Natural Gas","Natural Gas",6229,"Yes"
"D","04/19/2022","16:24:42","Nuclear","Nuclear",2118,"No"
"D","04/19/2022","16:24:42","Other","Other",6,"No"
"D","04/19/2022","16:24:42","Landfill Gas","Renewables",36,"No"
"D","04/19/2022","16:24:42","Refuse","Renewables",327,"No"
"D","04/19/2022","16:24:42","Solar","Renewables",156,"No"
"D","04/19/2022","16:24:42","Wind","Renewables",904,"Yes"
"D","04/19/2022","16:24:42","Wood","Renewables",147,"No"
"D","04/19/2022","16:32:16","Coal","Coal",8,"No"
"D","04/19/2022","16:32:16","Hydro","Hydro",1290,"No"
"D","04/19/2022","16:32:16","Natural Gas","Natural Gas",6097,"Yes"
"D","04/19/2022","16:32:16","Nuclear","Nuclear",2118,"No"
"D","04/19/2022","16:32:16","Other","Other",19,"No"
"D","04/19/2022","16:32:16","Landfill Gas","Renewables",37,"No"
"D","04/19/2022","16:32:16","Refuse","Renewables",327,"No"
"D","04/19/2022","16:32:16","Solar","Renewables",153,"No"
"D","04/19/2022","16:32:16","Wind","Renewables",897,"Yes"
"D","04/19/2022","16:32:16","Wood","Renewables",148,"No"
"D","04/19/2022","16:42:22","Coal","Coal",9,"No"
"D","04/19/2022","16:42:22","Hydro","Hydro",1291,"No"
"D","04/19/2022","16:42:22","Natural Gas","Natural Gas",6211,"Yes"
"D","04/19/2022","16:42:22","Nuclear","Nuclear",2118,"No"
"D","04/19/2022","16:42:22","Other","Other",7,"No"
"D","04/19/2022","16:42:22","Landfill Gas","Renewables",36,"No"
"D","04/19/2022","16:42:22","Refuse","Renewables",316,"No"
"D","04/19/2022","16:42:22","Solar","Renewables",154,"No"
"D","04/19/2022","16:42:22","Wind","Renewables",909,"Yes"
"D","04/19/2022","16:42:22","Wood","Renewables",147,"No"
"D","04/19/2022","16:50:57","Coal","Coal",8,"No"
"D","04/19/2022","16:50:57","Hydro","Hydro",1282,"No"
"D","04/19/2022","16:50:57","Natural Gas","Natural Gas",6280,"Yes"
"D","04/19/2022","16:50:57","Nuclear","Nuclear",2118,"No"
"D","04/19/2022","16:50:57","Other","Other",15,"No"
"D","04/19/2022","16:50:57","Landfill Gas","Renewables",36,"No"
"D","04/19/2022","16:50:57","Refuse","Renewables",314,"No"
"D","04/19/2022","16:50:57","Solar","Renewables",122,"No"
"D","04/19/2022","16:50:57","Wind","Renewables",913,"Yes"
"D","04/19/2022","16:50:57","Wood","Renewables",149,"No"
"D","04/19/2022","16:53:35","Coal","Coal",8,"No"
"D","04/19/2022","16:53:35","Hydro","Hydro",1282,"No"
"D","04/19/2022","16:53:35","Natural Gas","Natural Gas",6280,"Yes"
"D","04/19/2022","16:53:35","Nuclear","Nuclear",2118,"No"
"D","04/19/2022","16:53:35","Other","Other",15,"No"
"D","04/19/2022","16:53:35","Landfill Gas","Renewables",36,"No"
"D","04/19/2022","16:53:35","Refuse","Renewables",314,"No"
"D","04/19/2022","16:53:35","Solar","Renewables",122,"No"
"D","04/19/2022","16:53:35","Wind","Renewables",913,"Yes"
"D","04/19/2022","16:53:35","Wood","Renewables",149,"No"
"D","04/19/2022","17:09:47","Coal","Coal",4,"No"
"D","04/19/2022","17:09:47","Hydro","Hydro",1293,"No"
"D","04/19/2022","17:09:47","Natural Gas","Natural Gas",6443,"Yes"
"D","04/19/2022","17:09:47","Nuclear","Nuclear",2118,"No"
"D","04/19/2022","17:09:47","Other","Other",20,"No"
"D","04/19/2022","17:09:47","Landfill Gas","Renewables",36,"No"
"D","04/19/2022","17:09:47","Refuse","Renewables",305,"No"
"D","04/19/2022","17:09:47","Solar","Renewables",109,"No"
"D","04/19/2022","17:09:47","Wind","Renewables",857,"Yes"
"D","04/19/2022","17:09:47","Wood","Renewables",155,"No"
"D","04/19/2022","17:21:59","Coal","Coal",8,"No"
"D","04/19/2022","17:21:59","Hydro","Hydro",1290,"No"
"D","04/19/2022","17:21:59","Natural Gas","Natural Gas",6672,"Yes"
"D","04/19/2022","17:21:59","Nuclear","Nuclear",2118,"No"
"D","04/19/2022","17:21:59","Other","Other",7,"No"
"D","04/19/2022","17:21:59","Landfill Gas","Renewables",37,"No"
"D","04/19/2022","17:21:59","Refuse","Renewables",282,"No"
"D","04/19/2022","17:21:59","Solar","Renewables",140,"No"
"D","04/19/2022","17:21:59","Wind","Renewables",927,"Yes"
"D","04/19/2022","17:21:59","Wood","Renewables",156,"No"
"D","04/19/2022","17:28:40","Coal","Coal",4,"No"
"D","04/19/2022","17:28:40","Hydro","Hydro",1291,"No"
"D","04/19/2022","17:28:40","Natural Gas","Natural Gas",6722,"Yes"
"D","04/19/2022","17:28:40","Nuclear","Nuclear",2118,"No"
"D","04/19/2022","17:28:40","Other","Other",8,"No"
"D","04/19/2022","17:28:40","Landfill Gas","Renewables",37,"No"
"D","04/19/2022","17:28:40","Refuse","Renewables",292,"No"
"D","04/19/2022","17:28:40","Solar","Renewables",107,"No"
"D","04/19/2022","17:28:40","Wind","Renewables",908,"Yes"
"D","04/19/2022","17:28:40","Wood","Renewables",154,"No"
"D","04/19/2022","17:37:14","Coal","Coal",9,"No"
"D","04/19/2022","17:37:14","Hydro","Hydro",1512,"No"
"D","04/19/2022","17:37:14","Natural Gas","Natural Gas",6554,"Yes"
"D","04/19/2022","17:37:14","Nuclear","Nuclear",2118,"No"
"D","04/19/2022","17:37:14","Other","Other",8,"No"
"D","04/19/2022","17:37:14","Landfill Gas","Renewables",36,"No"
"D","04/19/2022","17:37:14","Refuse","Renewables",296,"No"
"D","04/19/2022","17:37:14","Solar","Renewables",97,"No"
"D","04/19/2022","17:37:14","Wind","Renewables",895,"Yes"
"D","04/19/2022","17:37:14","Wood","Renewables",150,"No"
"D","04/19/2022","17:42:29","Coal","Coal",11,"No"
"D","04/19/2022","17:42:29","Hydro","Hydro",1512,"No"
"D","04/19/2022","17:42:29","Natural Gas","Natural Gas",6550,"Yes"
"D","04/19/2022","17:42:29","Nuclear","Nuclear",2118,"No"
"D","04/19/2022","17:42:29","Other","Other",9,"No"
"D","04/19/2022","17:42:29","Landfill Gas","Renewables",36,"No"
"D","04/19/2022","17:42:29","Refuse","Renewables",296,"No"
"D","04/19/2022","17:42:29","Solar","Renewables",115,"No"
"D","04/19/2022","17:42:29","Wind","Renewables",893,"Yes"
"D","04/19/2022","17:42:29","Wood","Renewables",151,"No"
"D","04/19/2022","17:53:24","Coal","Coal",9,"No"
"D","04/19/2022","17:53:24","Hydro","Hydro",1511,"Yes"
"D","04/19/2022","17:53:24","Natural Gas","Natural Gas",6753,"Yes"
"D","04/19/2022","17:53:24","Nuclear","Nuclear",2118,"No"
"D","04/19/2022","17:53:24","Other","Other",18,"No"
"D","04/19/2022","17:53:24","Landfill Gas","Renewables",36,"No"
"D","04/19/2022","17:53:24","Refuse","Renewables",290,"No"
"D","04/19/2022","17:53:24","Solar","Renewables",98,"No"
"D","04/19/2022","17:53:24","Wind","Renewables",886,"Yes"
"D","04/19/2022","17:53:24","Wood","Renewables",152,"No"
"D","04/19/2022","17:55:03","Coal","Coal",8,"No"
"D","04/19/2022","17:55:03","Hydro","Hydro",1508,"Yes"
"D","04/19/2022","17:55:03","Natural Gas","Natural Gas",6779,"Yes"
"D","04/19/2022","17:55:03","Nuclear","Nuclear",2116,"No"
"D","04/19/2022","17:55:03","Other","Other",11,"No"
"D","04/19/2022","17:55:03","Landfill Gas","Renewables",37,"No"
"D","04/19/2022","17:55:03","Refuse","Renewables",296,"No"
"D","04/19/2022","17:55:03","Solar","Renewables",79,"No"
"D","04/19/2022","17:55:03","Wind","Renewables",870,"Yes"
"D","04/19/2022","17:55:03","Wood","Renewables",153,"No"
"D","04/19/2022","18:03:35","Coal","Coal",7,"No"
"D","04/19/2022","18:03:35","Hydro","Hydro",1506,"Yes"
"D","04/19/2022","18:03:35","Natural Gas","Natural Gas",6803,"Yes"
"D","04/19/2022","18:03:35","Nuclear","Nuclear",2118,"No"
"D","04/19/2022","18:03:35","Other","Other",9,"No"
"D","04/19/2022","18:03:35","Landfill Gas","Renewables",37,"No"
"D","04/19/2022","18:03:35","Refuse","Renewables",291,"No"
"D","04/19/2022","18:03:35","Solar","Renewables",67,"No"
"D","04/19/2022","18:03:35","Wind","Renewables",879,"Yes"
"D","04/19/2022","18:03:35","Wood","Renewables",154,"No"
"D","04/19/2022","18:20:43","Coal","Coal",6,"No"
"D","04/19/2022","18:20:43","Hydro","Hydro",1567,"Yes"
"D","04/19/2022","18:20:43","Natural Gas","Natural Gas",6781,"Yes"
"D","04/19/2022","18:20:43","Nuclear","Nuclear",2116,"No"
"D","04/19/2022","18:20:43","Other","Other",10,"No"
"D","04/19/2022","18:20:43","Landfill Gas","Renewables",37,"No"
"D","04/19/2022","18:20:43","Refuse","Renewables",301,"No"
"D","04/19/2022","18:20:43","Solar","Renewables",60,"No"
"D","04/19/2022","18:20:43","Wind","Renewables",886,"Yes"
"D","04/19/2022","18:20:43","Wood","Renewables",155,"No"
"D","04/19/2022","18:21:58","Coal","Coal",3,"No"
"D","04/19/2022","18:21:58","Hydro","Hydro",1623,"Yes"
"D","04/19/2022","18:21:58","Natural Gas","Natural Gas",6783,"Yes"
"D","04/19/2022","18:21:58","Nuclear","Nuclear",2116,"No"
"D","04/19/2022","18:21:58","Other","Other",24,"No"
"D","04/19/2022","18:21:58","Landfill Gas","Renewables",37,"No"
"D","04/19/2022","18:21:58","Refuse","Renewables",308,"No"
"D","04/19/2022","18:21:58","Solar","Renewables",58,"No"
"D","04/19/2022","18:21:58","Wind","Renewables",880,"Yes"
"D","04/19/2022","18:21:58","Wood","Renewables",154,"No"
"D","04/19/2022","18:23:25","Coal","Coal",7,"No"
"D","04/19/2022","18:23:25","Hydro","Hydro",1623,"Yes"
"D","04/19/2022","18:23:25","Natural Gas","Natural Gas",6813,"Yes"
"D","04/19/2022","18:23:25","Nuclear","Nuclear",2118,"No"
"D","04/19/2022","18:23:25","Other","Other",22,"No"
"D","04/19/2022","18:23:25","Landfill Gas","Renewables",37,"No"
"D","04/19/2022","18:23:25","Refuse","Renewables",307,"No"
"D","04/19/2022","18:23:25","Solar","Renewables",53,"No"
"D","04/19/2022","18:23:25","Wind","Renewables",880,"Yes"
"D","04/19/2022","18:23:25","Wood","Renewables",155,"No"
"D","04/19/2022","18:36:10","Coal","Coal",7,"No"
"D","04/19/2022","18:36:10","Hydro","Hydro",1656,"Yes"
"D","04/19/2022","18:36:10","Natural Gas","Natural Gas",6949,"Yes"
"D","04/19/2022","18:36:10","Nuclear","Nuclear",2118,"No"
"D","04/19/2022","18:36:10","Other","Other",17,"No"
"D","04/19/2022","18:36:10","Landfill Gas","Renewables",37,"No"
"D","04/19/2022","18:36:10","Refuse","Renewables",312,"No"
"D","04/19/2022","18:36:10","Solar","Renewables",42,"No"
"D","04/19/2022","18:36:10","Wind","Renewables",842,"Yes"
"D","04/19/2022","18:36:10","Wood","Renewables",157,"No"
"D","04/19/2022","18:45:30","Coal","Coal",6,"No"
"D","04/19/2022","18:45:30","Hydro","Hydro",1652,"Yes"
"D","04/19/2022","18:45:30","Natural Gas","Natural Gas",7003,"Yes"
"D","04/19/2022","18:45:30","Nuclear","Nuclear",2116,"No"
"D","04/19/2022","18:45:30","Other","Other",10,"No"
"D","04/19/2022","18:45:30","Landfill Gas","Renewables",37,"No"
"D","04/19/2022","18:45:30","Refuse","Renewables",314,"No"
"D","04/19/2022","18:45:30","Solar","Renewables",34,"No"
"D","04/19/2022","18:45:30","Wind","Renewables",837,"Yes"
"D","04/19/2022","18:45:30","Wood","Renewables",157,"No"
"D","04/19/2022","18:59:46","Coal","Coal",5,"No"
"D","04/19/2022","18:59:46","Hydro","Hydro",1709,"Yes"
"D","04/19/2022","18:59:46","Natural Gas","Natural Gas",7108,"Yes"
"D","04/19/2022","18:59:46","Nuclear","Nuclear",2118,"No"
"D","04/19/2022","18:59:46","Other","Other",11,"No"
"D","04/19/2022","18:59:46","Landfill Gas","Renewables",37,"No"
"D","04/19/2022","18:59:46","Refuse","Renewables",304,"No"
"D","04/19/2022","18:59:46","Solar","Renewables",19,"No"
"D","04/19/2022","18:59:46","Wind","Renewables",838,"Yes"
"D","04/19/2022","18:59:46","Wood","Renewables",159,"Yes"
"D","04/19/2022","19:11:40","Coal","Coal",2,"No"
"D","04/19/2022","19:11:40","Hydro","Hydro",1747,"Yes"
"D","04/19/2022","19:11:40","Natural Gas","Natural Gas",7056,"Yes"
"D","04/19/2022","19:11:40","Nuclear","Nuclear",2118,"No"
"D","04/19/2022","19:11:40","Other","Other",16,"No"
"D","04/19/2022","19:11:40","Landfill Gas","Renewables",37,"No"
"D","04/19/2022","19:11:40","Refuse","Renewables",297,"No"
"D","04/19/2022","19:11:40","Solar","Renewables",12,"No"
"D","04/19/2022","19:11:40","Wind","Renewables",834,"Yes"
"D","04/19/2022","19:11:40","Wood","Renewables",162,"No"
"D","04/19/2022","19:19:18","Coal","Coal",4,"No"
"D","04/19/2022","19:19:18","Hydro","Hydro",1834,"Yes"
"D","04/19/2022","19:19:18","Natural Gas","Natural Gas",7074,"Yes"
"D","04/19/2022","19:19:18","Nuclear","Nuclear",2118,"No"
"D","04/19/2022","19:19:18","Other","Other",14,"Yes"
"D","04/19/2022","19:19:18","Landfill Gas","Renewables",37,"No"
"D","04/19/2022","19:19:18","Refuse","Renewables",309,"No"
"D","04/19/2022","19:19:18","Solar","Renewables",6,"No"
"D","04/19/2022","19:19:18","Wind","Renewables",796,"Yes"
"D","04/19/2022","19:19:18","Wood","Renewables",162,"No"
"D","04/19/2022","19:28:15","Coal","Coal",7,"No"
"D","04/19/2022","19:28:15","Hydro","Hydro",1836,"Yes"
"D","04/19/2022","19:28:15","Natural Gas","Natural Gas",7167,"No"
"D","04/19/2022","19:28:15","Nuclear","Nuclear",2116,"No"
"D","04/19/2022","19:28:15","Other","Other",16,"No"
"D","04/19/2022","19:28:15","Landfill Gas","Renewables",37,"No"
"D","04/19/2022","19:28:15","Refuse","Renewables",309,"No"
"D","04/19/2022","19:28:15","Solar","Renewables",2,"No"
"D","04/19/2022","19:28:15","Wind","Renewables",746,"Yes"
"D","04/19/2022","19:28:15","Wood","Renewables",164,"No"
"D","04/19/2022","19:47:09","Coal","Coal",8,"No"
"D","04/19/2022","19:47:09","Hydro","Hydro",1918,"No"
"D","04/19/2022","19:47:09","Natural Gas","Natural Gas",7202,"No"
"D","04/19/2022","19:47:09","Nuclear","Nuclear",2118,"No"
"D","04/19/2022","19:47:09","Other","Other",19,"No"
"D","04/19/2022","19:47:09","Landfill Gas","Renewables",37,"No"
"D","04/19/2022","19:47:09","Refuse","Renewables",304,"No"
"D","04/19/2022","19:47:09","Solar","Renewables",1,"No"
"D","04/19/2022","19:47:09","Wind","Renewables",707,"Yes"
"D","04/19/2022","19:47:09","Wood","Renewables",167,"No"
"D","04/19/2022","19:49:41","Coal","Coal",10,"No"
"D","04/19/2022","19:49:41","Hydro","Hydro",1922,"No"
"D","04/19/2022","19:49:41","Natural Gas","Natural Gas",7215,"No"
"D","04/19/2022","19:49:41","Nuclear","Nuclear",2121,"No"
"D","04/19/2022","19:49:41","Other","Other",24,"No"
"D","04/19/2022","19:49:41","Landfill Gas","Renewables",37,"No"
"D","04/19/2022","19:49:41","Refuse","Renewables",300,"No"
"D","04/19/2022","19:49:41","Solar","Renewables",1,"No"
"D","04/19/2022","19:49:41","Wind","Renewables",690,"Yes"
"D","04/19/2022","19:49:41","Wood","Renewables",166,"No"
"D","04/19/2022","19:51:05","Coal","Coal",11,"No"
"D","04/19/2022","19:51:05","Hydro","Hydro",1845,"Yes"
"D","04/19/2022","19:51:05","Natural Gas","Natural Gas",7218,"No"
"D","04/19/2022","19:51:05","Nuclear","Nuclear",2119,"No"
"D","04/19/2022","19:51:05","Other","Other",24,"No"
"D","04/19/2022","19:51:05","Landfill Gas","Renewables",37,"No"
"D","04/19/2022","19:51:05","Refuse","Renewables",304,"No"
"D","04/19/2022","19:51:05","Solar","Renewables",1,"No"
"D","04/19/2022","19:51:05","Wind","Renewables",691,"Yes"
"D","04/19/2022","19:51:05","Wood","Renewables",166,"No"
"D","04/19/2022","19:53:15","Coal","Coal",10,"No"
"D","04/19/2022","19:53:15","Hydro","Hydro",1967,"No"
"D","04/19/2022","19:53:15","Natural Gas","Natural Gas",7213,"Yes"
"D","04/19/2022","19:53:15","Nuclear","Nuclear",2118,"No"
"D","04/19/2022","19:53:15","Other","Other",9,"No"
"D","04/19/2022","19:53:15","Landfill Gas","Renewables",37,"No"
"D","04/19/2022","19:53:15","Refuse","Renewables",305,"No"
"D","04/19/2022","19:53:15","Solar","Renewables",1,"No"
"D","04/19/2022","19:53:15","Wind","Renewables",678,"Yes"
"D","04/19/2022","19:53:15","Wood","Renewables",165,"No"
"D","04/19/2022","20:01:54","Coal","Coal",10,"No"
"D","04/19/2022","20:01:54","Hydro","Hydro",1967,"Yes"
"D","04/19/2022","20:01:54","Natural Gas","Natural Gas",7213,"No"
"D","04/19/2022","20:01:54","Nuclear","Nuclear",2118,"No"
"D","04/19/2022","20:01:54","Other","Other",9,"No"
"D","04/19/2022","20:01:54","Landfill Gas","Renewables",37,"No"
"D","04/19/2022","20:01:54","Refuse","Renewables",305,"No"
"D","04/19/2022","20:01:54","Solar","Renewables",1,"No"
"D","04/19/2022","20:01:54","Wind","Renewables",678,"Yes"
"D","04/19/2022","20:01:54","Wood","Renewables",165,"No"
"D","04/19/2022","20:19:10","Coal","Coal",5,"No"
"D","04/19/2022","20:19:10","Hydro","Hydro",1956,"Yes"
"D","04/19/2022","20:19:10","Natural Gas","Natural Gas",7341,"No"
"D","04/19/2022","20:19:10","Nuclear","Nuclear",2118,"No"
"D","04/19/2022","20:19:10","Other","Other",34,"No"
"D","04/19/2022","20:19:10","Landfill Gas","Renewables",37,"No"
"D","04/19/2022","20:19:10","Refuse","Renewables",309,"No"
"D","04/19/2022","20:19:10","Wind","Renewables",709,"Yes"
"D","04/19/2022","20:19:10","Wood","Renewables",166,"No"
"D","04/19/2022","20:35:44","Coal","Coal",6,"No"
"D","04/19/2022","20:35:44","Hydro","Hydro",1972,"No"
"D","04/19/2022","20:35:44","Natural Gas","Natural Gas",7285,"Yes"
"D","04/19/2022","20:35:44","Nuclear","Nuclear",2118,"No"
"D","04/19/2022","20:35:44","Other","Other",9,"No"
"D","04/19/2022","20:35:44","Landfill Gas","Renewables",37,"No"
"D","04/19/2022","20:35:44","Refuse","Renewables",310,"No"
"D","04/19/2022","20:35:44","Wind","Renewables",688,"Yes"
"D","04/19/2022","20:35:44","Wood","Renewables",164,"No"
"D","04/19/2022","20:40:56","Coal","Coal",6,"No"
"D","04/19/2022","20:40:56","Hydro","Hydro",1972,"No"
"D","04/19/2022","20:40:56","Natural Gas","Natural Gas",7285,"Yes"
"D","04/19/2022","20:40:56","Nuclear","Nuclear",2118,"No"
"D","04/19/2022","20:40:56","Other","Other",9,"No"
"D","04/19/2022","20:40:56","Landfill Gas","Renewables",37,"No"
"D","04/19/2022","20:40:56","Refuse","Renewables",310,"No"
"D","04/19/2022","20:40:56","Wind","Renewables",688,"Yes"
"D","04/19/2022","20:40:56","Wood","Renewables",164,"No"
"D","04/19/2022","20:45:56","Coal","Coal",4,"No"
"D","04/19/2022","20:45:56","Hydro","Hydro",1749,"No"
"D","04/19/2022","20:45:56","Natural Gas","Natural Gas",7238,"Yes"
"D","04/19/2022","20:45:56","Nuclear","Nuclear",2118,"No"
"D","04/19/2022","20:45:56","Other","Other",21,"No"
"D","04/19/2022","20:45:56","Landfill Gas","Renewables",37,"No"
"D","04/19/2022","20:45:56","Refuse","Renewables",309,"No"
"D","04/19/2022","20:45:56","Wind","Renewables",675,"Yes"
"D","04/19/2022","20:45:56","Wood","Renewables",167,"No"
"D","04/19/2022","21:03:37","Coal","Coal",8,"No"
"D","04/19/2022","21:03:37","Hydro","Hydro",1896,"No"
"D","04/19/2022","21:03:37","Natural Gas","Natural Gas",7041,"Yes"
"D","04/19/2022","21:03:37","Nuclear","Nuclear",2119,"No"
"D","04/19/2022","21:03:37","Other","Other",9,"No"
"D","04/19/2022","21:03:37","Landfill Gas","Renewables",37,"No"
"D","04/19/2022","21:03:37","Refuse","Renewables",306,"No"
"D","04/19/2022","21:03:37","Wind","Renewables",659,"Yes"
"D","04/19/2022","21:03:37","Wood","Renewables",166,"No"
"D","04/19/2022","21:05:52","Coal","Coal",8,"No"
"D","04/19/2022","21:05:52","Hydro","Hydro",1896,"No"
"D","04/19/2022","21:05:52","Natural Gas","Natural Gas",7041,"Yes"
"D","04/19/2022","21:05:52","Nuclear","Nuclear",2119,"No"
"D","04/19/2022","21:05:52","Other","Other",9,"No"
"D","04/19/2022","21:05:52","Landfill Gas","Renewables",37,"No"
"D","04/19/2022","21:05:52","Refuse","Renewables",306,"No"
"D","04/19/2022","21:05:52","Wind","Renewables",659,"No"
"D","04/19/2022","21:05:52","Wood","Renewables",166,"Yes"
"D","04/19/2022","21:18:09","Coal","Coal",2,"No"
"D","04/19/2022","21:18:09","Hydro","Hydro",1702,"No"
"D","04/19/2022","21:18:09","Natural Gas","Natural Gas",6427,"Yes"
"D","04/19/2022","21:18:09","Nuclear","Nuclear",2119,"No"
"D","04/19/2022","21:18:09","Other","Other",8,"No"
"D","04/19/2022","21:18:09","Landfill Gas","Renewables",36,"No"
"D","04/19/2022","21:18:09","Refuse","Renewables",329,"No"
"D","04/19/2022","21:18:09","Wind","Renewables",619,"No"
"D","04/19/2022","21:18:09","Wood","Renewables",167,"Yes"
"D","04/19/2022","21:33:56","Coal","Coal",0,"No"
"D","04/19/2022","21:33:56","Hydro","Hydro",1361,"No"
"D","04/19/2022","21:33:56","Natural Gas","Natural Gas",6555,"Yes"
"D","04/19/2022","21:33:56","Nuclear","Nuclear",2118,"No"
"D","04/19/2022","21:33:56","Other","Other",4,"No"
"D","04/19/2022","21:33:56","Landfill Gas","Renewables",36,"No"
"D","04/19/2022","21:33:56","Refuse","Renewables",319,"No"
"D","04/19/2022","21:33:56","Wind","Renewables",636,"Yes"
"D","04/19/2022","21:33:56","Wood","Renewables",169,"No"
"D","04/19/2022","21:42:10","Coal","Coal",0,"No"
"D","04/19/2022","21:42:10","Hydro","Hydro",1362,"No"
"D","04/19/2022","21:42:10","Natural Gas","Natural Gas",6601,"Yes"
"D","04/19/2022","21:42:10","Nuclear","Nuclear",2121,"No"
"D","04/19/2022","21:42:10","Other","Other",3,"No"
"D","04/19/2022","21:42:10","Landfill Gas","Renewables",36,"No"
"D","04/19/2022","21:42:10","Refuse","Renewables",322,"No"
"D","04/19/2022","21:42:10","Wind","Renewables",631,"Yes"
"D","04/19/2022","21:42:10","Wood","Renewables",166,"No"
"D","04/19/2022","21:47:29","Coal","Coal",2,"No"
"D","04/19/2022","21:47:29","Hydro","Hydro",1232,"No"
"D","04/19/2022","21:47:29","Natural Gas","Natural Gas",6535,"Yes"
"D","04/19/2022","21:47:29","Nuclear","Nuclear",2118,"No"
"D","04/19/2022","21:47:29","Other","Other",4,"No"
"D","04/19/2022","21:47:29","Landfill Gas","Renewables",36,"No"
"D","04/19/2022","21:47:29","Refuse","Renewables",330,"No"
"D","04/19/2022","21:47:29","Wind","Renewables",633,"Yes"
"D","04/19/2022","21:47:29","Wood","Renewables",168,"No"
"D","04/19/2022","21:52:44","Coal","Coal",7,"No"
"D","04/19/2022","21:52:44","Hydro","Hydro",1234,"No"
"D","04/19/2022","21:52:44","Natural Gas","Natural Gas",6504,"Yes"
"D","04/19/2022","21:52:44","Nuclear","Nuclear",2119,"No"
"D","04/19/2022","21:52:44","Other","Other",2,"No"
"D","04/19/2022","21:52:44","Landfill Gas","Renewables",36,"No"
"D","04/19/2022","21:52:44","Refuse","Renewables",332,"No"
"D","04/19/2022","21:52:44","Wind","Renewables",628,"Yes"
"D","04/19/2022","21:52:44","Wood","Renewables",168,"No"
"D","04/19/2022","22:01:31","Coal","Coal",2,"No"
"D","04/19/2022","22:01:31","Hydro","Hydro",1135,"No"
"D","04/19/2022","22:01:31","Natural Gas","Natural Gas",6317,"Yes"
"D","04/19/2022","22:01:31","Nuclear","Nuclear",2119,"No"
"D","04/19/2022","22:01:31","Other","Other",18,"No"
"D","04/19/2022","22:01:31","Landfill Gas","Renewables",36,"No"
"D","04/19/2022","22:01:31","Refuse","Renewables",328,"No"
"D","04/19/2022","22:01:31","Wind","Renewables",644,"Yes"
"D","04/19/2022","22:01:31","Wood","Renewables",167,"No"
"D","04/19/2022","22:13:51","Hydro","Hydro",1132,"No"
"D","04/19/2022","22:13:51","Natural Gas","Natural Gas",6354,"Yes"
"D","04/19/2022","22:13:51","Nuclear","Nuclear",2119,"No"
"D","04/19/2022","22:13:51","Other","Other",3,"No"
"D","04/19/2022","22:13:51","Landfill Gas","Renewables",37,"No"
"D","04/19/2022","22:13:51","Refuse","Renewables",337,"No"
"D","04/19/2022","22:13:51","Wind","Renewables",616,"Yes"
"D","04/19/2022","22:13:51","Wood","Renewables",167,"No"
"D","04/19/2022","22:17:57","Hydro","Hydro",1194,"No"
"D","04/19/2022","22:17:57","Natural Gas","Natural Gas",6092,"Yes"
"D","04/19/2022","22:17:57","Nuclear","Nuclear",2118,"No"
"D","04/19/2022","22:17:57","Other","Other",30,"No"
"D","04/19/2022","22:17:57","Landfill Gas","Renewables",36,"No"
"D","04/19/2022","22:17:57","Refuse","Renewables",329,"No"
"D","04/19/2022","22:17:57","Wind","Renewables",640,"Yes"
"D","04/19/2022","22:17:57","Wood","Renewables",168,"No"
"D","04/19/2022","22:19:12","Hydro","Hydro",1268,"No"
"D","04/19/2022","22:19:12","Natural Gas","Natural Gas",6058,"Yes"
"D","04/19/2022","22:19:12","Nuclear","Nuclear",2119,"No"
"D","04/19/2022","22:19:12","Other","Other",6,"No"
"D","04/19/2022","22:19:12","Landfill Gas","Renewables",36,"No"
"D","04/19/2022","22:19:12","Refuse","Renewables",326,"No"
"D","04/19/2022","22:19:12","Wind","Renewables",642,"Yes"
"D","04/19/2022","22:19:12","Wood","Renewables",168,"No"
"D","04/19/2022","22:20:33","Hydro","Hydro",1267,"No"
"D","04/19/2022","22:20:33","Natural Gas","Natural Gas",6034,"Yes"
"D","04/19/2022","22:20:33","Nuclear","Nuclear",2120,"No"
"D","04/19/2022","22:20:33","Other","Other",7,"No"
"D","04/19/2022","22:20:33","Landfill Gas","Renewables",36,"No"
"D","04/19/2022","22:20:33","Refuse","Renewables",322,"No"
"D","04/19/2022","22:20:33","Wind","Renewables",648,"Yes"
"D","04/19/2022","22:20:33","Wood","Renewables",166,"No"
"D","04/19/2022","22:21:58","Hydro","Hydro",1265,"No"
"D","04/19/2022","22:21:58","Natural Gas","Natural Gas",5975,"Yes"
"D","04/19/2022","22:21:58","Nuclear","Nuclear",2118,"No"
"D","04/19/2022","22:21:58","Other","Other",5,"No"
"D","04/19/2022","22:21:58","Landfill Gas","Renewables",37,"No"
"D","04/19/2022","22:21:58","Refuse","Renewables",323,"No"
"D","04/19/2022","22:21:58","Wind","Renewables",639,"Yes"
"D","04/19/2022","22:21:58","Wood","Renewables",165,"No"
"D","04/19/2022","22:24:39","Hydro","Hydro",1265,"No"
"D","04/19/2022","22:24:39","Natural Gas","Natural Gas",5867,"Yes"
"D","04/19/2022","22:24:39","Nuclear","Nuclear",2116,"No"
"D","04/19/2022","22:24:39","Other","Other",29,"No"
"D","04/19/2022","22:24:39","Landfill Gas","Renewables",36,"No"
"D","04/19/2022","22:24:39","Refuse","Renewables",322,"No"
"D","04/19/2022","22:24:39","Wind","Renewables",628,"Yes"
"D","04/19/2022","22:24:39","Wood","Renewables",165,"No"
"D","04/19/2022","22:27:44","Hydro","Hydro",1442,"No"
"D","04/19/2022","22:27:44","Natural Gas","Natural Gas",5934,"Yes"
"D","04/19/2022","22:27:44","Nuclear","Nuclear",2118,"No"
"D","04/19/2022","22:27:44","Other","Other",3,"No"
"D","04/19/2022","22:27:44","Landfill Gas","Renewables",37,"No"
"D","04/19/2022","22:27:44","Refuse","Renewables",319,"No"
"D","04/19/2022","22:27:44","Wind","Renewables",628,"Yes"
"D","04/19/2022","22:27:44","Wood","Renewables",166,"No"
"D","04/19/2022","22:38:16","Hydro","Hydro",1489,"No"
"D","04/19/2022","22:38:16","Natural Gas","Natural Gas",5578,"Yes"
"D","04/19/2022","22:38:16","Nuclear","Nuclear",2119,"No"
"D","04/19/2022","22:38:16","Other","Other",24,"No"
"D","04/19/2022","22:38:16","Landfill Gas","Renewables",36,"No"
"D","04/19/2022","22:38:16","Refuse","Renewables",332,"No"
"D","04/19/2022","22:38:16","Wind","Renewables",581,"Yes"
"D","04/19/2022","22:38:16","Wood","Renewables",166,"No"
"D","04/19/2022","22:40:22","Hydro","Hydro",1486,"No"
"D","04/19/2022","22:40:22","Natural Gas","Natural Gas",5582,"Yes"
"D","04/19/2022","22:40:22","Nuclear","Nuclear",2121,"No"
"D","04/19/2022","22:40:22","Other","Other",6,"No"
"D","04/19/2022","22:40:22","Landfill Gas","Renewables",37,"No"
"D","04/19/2022","22:40:22","Refuse","Renewables",326,"No"
"D","04/19/2022","22:40:22","Wind","Renewables",578,"Yes"
"D","04/19/2022","22:40:22","Wood","Renewables",165,"No"
"D","04/19/2022","22:52:30","Hydro","Hydro",1482,"No"
"D","04/19/2022","22:52:30","Natural Gas","Natural Gas",5343,"Yes"
"D","04/19/2022","22:52:30","Nuclear","Nuclear",2120,"No"
"D","04/19/2022","22:52:30","Other","Other",9,"No"
"D","04/19/2022","22:52:30","Landfill Gas","Renewables",36,"No"
"D","04/19/2022","22:52:30","Refuse","Renewables",331,"No"
"D","04/19/2022","22:52:30","Wind","Renewables",602,"Yes"
"D","04/19/2022","22:52:30","Wood","Renewables",167,"No"
"D","04/19/2022","23:10:00","Hydro","Hydro",1485,"No"
"D","04/19/2022","23:10:00","Natural Gas","Natural Gas",5197,"Yes"
"D","04/19/2022","23:10:00","Nuclear","Nuclear",2118,"No"
"D","04/19/2022","23:10:00","Other","Other",2,"No"
"D","04/19/2022","23:10:00","Landfill Gas","Renewables",36,"No"
"D","04/19/2022","23:10:00","Refuse","Renewables",320,"No"
"D","04/19/2022","23:10:00","Wind","Renewables",624,"Yes"
"D","04/19/2022","23:10:00","Wood","Renewables",164,"No"
"D","04/19/2022","23:16:01","Hydro","Hydro",1485,"No"
"D","04/19/2022","23:16:01","Natural Gas","Natural Gas",5197,"Yes"
"D","04/19/2022","23:16:01","Nuclear","Nuclear",2118,"No"
"D","04/19/2022","23:16:01","Other","Other",2,"No"
"D","04/19/2022","23:16:01","Landfill Gas","Renewables",36,"No"
"D","04/19/2022","23:16:01","Refuse","Renewables",320,"No"
"D","04/19/2022","23:16:01","Wind","Renewables",624,"Yes"
"D","04/19/2022","23:16:01","Wood","Renewables",164,"No"
"D","04/19/2022","23:33:43","Hydro","Hydro",1482,"No"
"D","04/19/2022","23:33:43","Natural Gas","Natural Gas",4671,"Yes"
"D","04/19/2022","23:33:43","Nuclear","Nuclear",2118,"No"
"D","04/19/2022","23:33:43","Other","Other",3,"No"
"D","04/19/2022","23:33:43","Landfill Gas","Renewables",36,"No"
"D","04/19/2022","23:33:43","Refuse","Renewables",339,"No"
"D","04/19/2022","23:33:43","Wind","Renewables",650,"Yes"
"D","04/19/2022","23:33:43","Wood","Renewables",165,"No"
"D","04/19/2022","23:37:10","Hydro","Hydro",1352,"No"
"D","04/19/2022","23:37:10","Natural Gas","Natural Gas",4684,"Yes"
"D","04/19/2022","23:37:10","Nuclear","Nuclear",2120,"No"
"D","04/19/2022","23:37:10","Other","Other",14,"No"
"D","04/19/2022","23:37:10","Landfill Gas","Renewables",36,"No"
"D","04/19/2022","23:37:10","Refuse","Renewables",334,"No"
"D","04/19/2022","23:37:10","Wind","Renewables",703,"Yes"
"D","04/19/2022","23:37:10","Wood","Renewables",166,"No"
"D","04/19/2022","23:48:22","Hydro","Hydro",1130,"No"
"D","04/19/2022","23:48:22","Natural Gas","Natural Gas",4989,"Yes"
"D","04/19/2022","23:48:22","Nuclear","Nuclear",2118,"No"
"D","04/19/2022","23:48:22","Other","Other",2,"No"
"D","04/19/2022","23:48:22","Landfill Gas","Renewables",36,"No"
"D","04/19/2022","23:48:22","Refuse","Renewables",326,"No"
"D","04/19/2022","23:48:22","Wind","Renewables",679,"Yes"
"D","04/19/2022","23:48:22","Wood","Renewables",166,"No"
"D","04/19/2022","23:56:30","Hydro","Hydro",1089,"No"
"D","04/19/2022","23:56:30","Natural Gas","Natural Gas",5077,"Yes"
"D","04/19/2022","23:56:30","Nuclear","Nuclear",2118,"No"
"D","04/19/2022","23:56:30","Other","Other",2,"No"
"D","04/19/2022","23:56:30","Landfill Gas","Renewables",36,"No"
"D","04/19/2022","23:56:30","Refuse","Renewables",338,"No"
"D","04/19/2022","23:56:30","Wind","Renewables",649,"Yes"
"D","04/19/2022","23:56:30","Wood","Renewables",165,"No"
"T","1378 lines"