"C","Dispatch Fuel Mix Report"
"C","Filename: genfuelmix_20220811.csv"
"C","Report for 08/11/2022"
"C","Report generated 08/12/2024 16:50:08 EDT"
"H","Date","Time","Fuel Category","Fuel Category Rollup","Gen Mw","Marginal Flag"
"H","Local Date","Local Time","String","String","MWh","String"
"D","08/11/2022","00:01:32","Hydro","Hydro",386,"No"
"D","08/11/2022","00:01:32","Natural Gas","Natural Gas",7514,"Yes"
"D","08/11/2022","00:01:32","Nuclear","Nuclear",3326,"No"
"D","08/11/2022","00:01:32","Other","Other",35,"No"
"D","08/11/2022","00:01:32","Landfill Gas","Renewables",35,"No"
"D","08/11/2022","00:01:32","Refuse","Renewables",282,"No"
"D","08/11/2022","00:01:32","Solar","Renewables",2,"No"
"D","08/11/2022","00:01:32","Wind","Renewables",58,"No"
"D","08/11/2022","00:01:32","Wood","Renewables",168,"No"
"D","08/11/2022","00:07:11","Hydro","Hydro",387,"No"
"D","08/11/2022","00:07:11","Natural Gas","Natural Gas",7333,"Yes"
"D","08/11/2022","00:07:11","Nuclear","Nuclear",3326,"No"
"D","08/11/2022","00:07:11","Other","Other",6,"No"
"D","08/11/2022","00:07:11","Landfill Gas","Renewables",36,"No"
"D","08/11/2022","00:07:11","Refuse","Renewables",275,"No"
"D","08/11/2022","00:07:11","Solar","Renewables",2,"No"
"D","08/11/2022","00:07:11","Wind","Renewables",59,"No"
"D","08/11/2022","00:07:11","Wood","Renewables",170,"No"
"D","08/11/2022","00:09:59","Hydro","Hydro",390,"No"
"D","08/11/2022","00:09:59","Natural Gas","Natural Gas",7286,"Yes"
"D","08/11/2022","00:09:59","Nuclear","Nuclear",3328,"No"
"D","08/11/2022","00:09:59","Other","Other",4,"No"
"D","08/11/2022","00:09:59","Landfill Gas","Renewables",36,"No"
"D","08/11/2022","00:09:59","Refuse","Renewables",279,"No"
"D","08/11/2022","00:09:59","Solar","Renewables",2,"No"
"D","08/11/2022","00:09:59","Wind","Renewables",60,"No"
"D","08/11/2022","00:09:59","Wood","Renewables",170,"No"
"D","08/11/2022","00:11:53","Hydro","Hydro",389,"No"
"D","08/11/2022","00:11:53","Natural Gas","Natural Gas",7268,"Yes"
"D","08/11/2022","00:11:53","Nuclear","Nuclear",3328,"No"
"D","08/11/2022","00:11:53","Other","Other",12,"No"
"D","08/11/2022","00:11:53","Landfill Gas","Renewables",35,"No"
"D","08/11/2022","00:11:53","Refuse","Renewables",281,"No"
"D","08/11/2022","00:11:53","Solar","Renewables",2,"No"
"D","08/11/2022","00:11:53","Wind","Renewables",62,"No"
"D","08/11/2022","00:11:53","Wood","Renewables",168,"No"
"D","08/11/2022","00:13:33","Hydro","Hydro",389,"No"
"D","08/11/2022","00:13:33","Natural Gas","Natural Gas",7240,"Yes"
"D","08/11/2022","00:13:33","Nuclear","Nuclear",3328,"No"
"D","08/11/2022","00:13:33","Other","Other",3,"No"
"D","08/11/2022","00:13:33","Landfill Gas","Renewables",35,"No"
"D","08/11/2022","00:13:33","Refuse","Renewables",282,"No"
"D","08/11/2022","00:13:33","Solar","Renewables",2,"No"
"D","08/11/2022","00:13:33","Wind","Renewables",63,"No"
"D","08/11/2022","00:13:33","Wood","Renewables",169,"No"
"D","08/11/2022","00:15:51","Hydro","Hydro",387,"No"
"D","08/11/2022","00:15:51","Natural Gas","Natural Gas",7221,"Yes"
"D","08/11/2022","00:15:51","Nuclear","Nuclear",3328,"No"
"D","08/11/2022","00:15:51","Other","Other",3,"No"
"D","08/11/2022","00:15:51","Landfill Gas","Renewables",35,"No"
"D","08/11/2022","00:15:51","Refuse","Renewables",279,"No"
"D","08/11/2022","00:15:51","Solar","Renewables",2,"No"
"D","08/11/2022","00:15:51","Wind","Renewables",62,"No"
"D","08/11/2022","00:15:51","Wood","Renewables",169,"No"
"D","08/11/2022","00:18:22","Hydro","Hydro",389,"No"
"D","08/11/2022","00:18:22","Natural Gas","Natural Gas",7224,"Yes"
"D","08/11/2022","00:18:22","Nuclear","Nuclear",3327,"No"
"D","08/11/2022","00:18:22","Other","Other",3,"No"
"D","08/11/2022","00:18:22","Landfill Gas","Renewables",35,"No"
"D","08/11/2022","00:18:22","Refuse","Renewables",277,"No"
"D","08/11/2022","00:18:22","Solar","Renewables",2,"No"
"D","08/11/2022","00:18:22","Wind","Renewables",60,"No"
"D","08/11/2022","00:18:22","Wood","Renewables",170,"No"
"D","08/11/2022","00:24:38","Hydro","Hydro",389,"No"
"D","08/11/2022","00:24:38","Natural Gas","Natural Gas",7252,"Yes"
"D","08/11/2022","00:24:38","Nuclear","Nuclear",3327,"No"
"D","08/11/2022","00:24:38","Other","Other",3,"No"
"D","08/11/2022","00:24:38","Landfill Gas","Renewables",35,"No"
"D","08/11/2022","00:24:38","Refuse","Renewables",280,"No"
"D","08/11/2022","00:24:38","Solar","Renewables",2,"No"
"D","08/11/2022","00:24:38","Wind","Renewables",57,"No"
"D","08/11/2022","00:24:38","Wood","Renewables",167,"No"
"D","08/11/2022","00:27:00","Hydro","Hydro",389,"No"
"D","08/11/2022","00:27:00","Natural Gas","Natural Gas",7113,"Yes"
"D","08/11/2022","00:27:00","Nuclear","Nuclear",3327,"No"
"D","08/11/2022","00:27:00","Other","Other",13,"No"
"D","08/11/2022","00:27:00","Landfill Gas","Renewables",35,"No"
"D","08/11/2022","00:27:00","Refuse","Renewables",279,"No"
"D","08/11/2022","00:27:00","Solar","Renewables",2,"No"
"D","08/11/2022","00:27:00","Wind","Renewables",51,"No"
"D","08/11/2022","00:27:00","Wood","Renewables",169,"No"
"D","08/11/2022","00:31:02","Hydro","Hydro",387,"No"
"D","08/11/2022","00:31:02","Natural Gas","Natural Gas",7075,"Yes"
"D","08/11/2022","00:31:02","Nuclear","Nuclear",3326,"No"
"D","08/11/2022","00:31:02","Other","Other",3,"No"
"D","08/11/2022","00:31:02","Landfill Gas","Renewables",35,"No"
"D","08/11/2022","00:31:02","Refuse","Renewables",281,"No"
"D","08/11/2022","00:31:02","Solar","Renewables",2,"No"
"D","08/11/2022","00:31:02","Wind","Renewables",51,"No"
"D","08/11/2022","00:31:02","Wood","Renewables",166,"No"
"D","08/11/2022","00:33:42","Hydro","Hydro",387,"No"
"D","08/11/2022","00:33:42","Natural Gas","Natural Gas",7062,"Yes"
"D","08/11/2022","00:33:42","Nuclear","Nuclear",3327,"No"
"D","08/11/2022","00:33:42","Other","Other",3,"No"
"D","08/11/2022","00:33:42","Landfill Gas","Renewables",35,"No"
"D","08/11/2022","00:33:42","Refuse","Renewables",278,"No"
"D","08/11/2022","00:33:42","Solar","Renewables",2,"No"
"D","08/11/2022","00:33:42","Wind","Renewables",52,"No"
"D","08/11/2022","00:33:42","Wood","Renewables",167,"No"
"D","08/11/2022","00:38:34","Hydro","Hydro",387,"No"
"D","08/11/2022","00:38:34","Natural Gas","Natural Gas",6914,"Yes"
"D","08/11/2022","00:38:34","Nuclear","Nuclear",3326,"No"
"D","08/11/2022","00:38:34","Other","Other",3,"No"
"D","08/11/2022","00:38:34","Landfill Gas","Renewables",35,"No"
"D","08/11/2022","00:38:34","Refuse","Renewables",276,"No"
"D","08/11/2022","00:38:34","Solar","Renewables",2,"No"
"D","08/11/2022","00:38:34","Wind","Renewables",52,"No"
"D","08/11/2022","00:38:34","Wood","Renewables",170,"No"
"D","08/11/2022","00:42:11","Hydro","Hydro",385,"No"
"D","08/11/2022","00:42:11","Natural Gas","Natural Gas",6645,"Yes"
"D","08/11/2022","00:42:11","Nuclear","Nuclear",3327,"No"
"D","08/11/2022","00:42:11","Other","Other",41,"No"
"D","08/11/2022","00:42:11","Landfill Gas","Renewables",35,"No"
"D","08/11/2022","00:42:11","Refuse","Renewables",276,"No"
"D","08/11/2022","00:42:11","Solar","Renewables",2,"No"
"D","08/11/2022","00:42:11","Wind","Renewables",58,"No"
"D","08/11/2022","00:42:11","Wood","Renewables",166,"No"
"D","08/11/2022","00:47:55","Hydro","Hydro",384,"No"
"D","08/11/2022","00:47:55","Natural Gas","Natural Gas",6631,"Yes"
"D","08/11/2022","00:47:55","Nuclear","Nuclear",3327,"No"
"D","08/11/2022","00:47:55","Other","Other",4,"No"
"D","08/11/2022","00:47:55","Landfill Gas","Renewables",35,"No"
"D","08/11/2022","00:47:55","Refuse","Renewables",274,"No"
"D","08/11/2022","00:47:55","Solar","Renewables",2,"No"
"D","08/11/2022","00:47:55","Wind","Renewables",61,"No"
"D","08/11/2022","00:47:55","Wood","Renewables",167,"No"
"D","08/11/2022","00:51:49","Hydro","Hydro",385,"No"
"D","08/11/2022","00:51:49","Natural Gas","Natural Gas",6600,"Yes"
"D","08/11/2022","00:51:49","Nuclear","Nuclear",3325,"No"
"D","08/11/2022","00:51:49","Other","Other",3,"No"
"D","08/11/2022","00:51:49","Landfill Gas","Renewables",35,"No"
"D","08/11/2022","00:51:49","Refuse","Renewables",278,"No"
"D","08/11/2022","00:51:49","Solar","Renewables",2,"No"
"D","08/11/2022","00:51:49","Wind","Renewables",62,"No"
"D","08/11/2022","00:51:49","Wood","Renewables",169,"No"
"D","08/11/2022","00:54:19","Hydro","Hydro",387,"No"
"D","08/11/2022","00:54:19","Natural Gas","Natural Gas",6527,"Yes"
"D","08/11/2022","00:54:19","Nuclear","Nuclear",3327,"No"
"D","08/11/2022","00:54:19","Other","Other",23,"No"
"D","08/11/2022","00:54:19","Landfill Gas","Renewables",36,"No"
"D","08/11/2022","00:54:19","Refuse","Renewables",279,"No"
"D","08/11/2022","00:54:19","Solar","Renewables",2,"No"
"D","08/11/2022","00:54:19","Wind","Renewables",62,"No"
"D","08/11/2022","00:54:19","Wood","Renewables",169,"No"
"D","08/11/2022","00:55:45","Hydro","Hydro",385,"No"
"D","08/11/2022","00:55:45","Natural Gas","Natural Gas",6468,"Yes"
"D","08/11/2022","00:55:45","Nuclear","Nuclear",3325,"No"
"D","08/11/2022","00:55:45","Other","Other",6,"No"
"D","08/11/2022","00:55:45","Landfill Gas","Renewables",35,"No"
"D","08/11/2022","00:55:45","Refuse","Renewables",277,"No"
"D","08/11/2022","00:55:45","Solar","Renewables",2,"No"
"D","08/11/2022","00:55:45","Wind","Renewables",60,"No"
"D","08/11/2022","00:55:45","Wood","Renewables",168,"No"
"D","08/11/2022","00:57:30","Hydro","Hydro",386,"No"
"D","08/11/2022","00:57:30","Natural Gas","Natural Gas",6495,"Yes"
"D","08/11/2022","00:57:30","Nuclear","Nuclear",3327,"No"
"D","08/11/2022","00:57:30","Other","Other",11,"No"
"D","08/11/2022","00:57:30","Landfill Gas","Renewables",35,"No"
"D","08/11/2022","00:57:30","Refuse","Renewables",276,"No"
"D","08/11/2022","00:57:30","Solar","Renewables",2,"No"
"D","08/11/2022","00:57:30","Wind","Renewables",58,"No"
"D","08/11/2022","00:57:30","Wood","Renewables",168,"No"
"D","08/11/2022","00:58:48","Hydro","Hydro",387,"No"
"D","08/11/2022","00:58:48","Natural Gas","Natural Gas",6574,"Yes"
"D","08/11/2022","00:58:48","Nuclear","Nuclear",3325,"No"
"D","08/11/2022","00:58:48","Other","Other",35,"No"
"D","08/11/2022","00:58:48","Landfill Gas","Renewables",35,"No"
"D","08/11/2022","00:58:48","Refuse","Renewables",279,"No"
"D","08/11/2022","00:58:48","Solar","Renewables",2,"No"
"D","08/11/2022","00:58:48","Wind","Renewables",56,"No"
"D","08/11/2022","00:58:48","Wood","Renewables",167,"No"
"D","08/11/2022","01:06:07","Hydro","Hydro",386,"No"
"D","08/11/2022","01:06:07","Natural Gas","Natural Gas",6737,"Yes"
"D","08/11/2022","01:06:07","Nuclear","Nuclear",3326,"No"
"D","08/11/2022","01:06:07","Other","Other",2,"No"
"D","08/11/2022","01:06:07","Landfill Gas","Renewables",36,"No"
"D","08/11/2022","01:06:07","Refuse","Renewables",282,"No"
"D","08/11/2022","01:06:07","Solar","Renewables",2,"No"
"D","08/11/2022","01:06:07","Wind","Renewables",50,"No"
"D","08/11/2022","01:06:07","Wood","Renewables",170,"No"
"D","08/11/2022","01:09:11","Hydro","Hydro",386,"No"
"D","08/11/2022","01:09:11","Natural Gas","Natural Gas",6769,"Yes"
"D","08/11/2022","01:09:11","Nuclear","Nuclear",3327,"No"
"D","08/11/2022","01:09:11","Other","Other",2,"No"
"D","08/11/2022","01:09:11","Landfill Gas","Renewables",35,"No"
"D","08/11/2022","01:09:11","Refuse","Renewables",284,"No"
"D","08/11/2022","01:09:11","Solar","Renewables",2,"No"
"D","08/11/2022","01:09:11","Wind","Renewables",49,"No"
"D","08/11/2022","01:09:11","Wood","Renewables",170,"No"
"D","08/11/2022","01:15:27","Hydro","Hydro",386,"No"
"D","08/11/2022","01:15:27","Natural Gas","Natural Gas",6693,"Yes"
"D","08/11/2022","01:15:27","Nuclear","Nuclear",3327,"No"
"D","08/11/2022","01:15:27","Other","Other",2,"No"
"D","08/11/2022","01:15:27","Landfill Gas","Renewables",35,"No"
"D","08/11/2022","01:15:27","Refuse","Renewables",281,"No"
"D","08/11/2022","01:15:27","Solar","Renewables",2,"No"
"D","08/11/2022","01:15:27","Wind","Renewables",45,"No"
"D","08/11/2022","01:15:27","Wood","Renewables",168,"No"
"D","08/11/2022","01:22:24","Hydro","Hydro",385,"No"
"D","08/11/2022","01:22:24","Natural Gas","Natural Gas",6646,"Yes"
"D","08/11/2022","01:22:24","Nuclear","Nuclear",3326,"No"
"D","08/11/2022","01:22:24","Other","Other",2,"No"
"D","08/11/2022","01:22:24","Landfill Gas","Renewables",35,"No"
"D","08/11/2022","01:22:24","Refuse","Renewables",278,"No"
"D","08/11/2022","01:22:24","Solar","Renewables",2,"No"
"D","08/11/2022","01:22:24","Wind","Renewables",45,"No"
"D","08/11/2022","01:22:24","Wood","Renewables",168,"No"
"D","08/11/2022","01:25:35","Hydro","Hydro",385,"No"
"D","08/11/2022","01:25:35","Natural Gas","Natural Gas",6646,"Yes"
"D","08/11/2022","01:25:35","Nuclear","Nuclear",3326,"No"
"D","08/11/2022","01:25:35","Other","Other",2,"No"
"D","08/11/2022","01:25:35","Landfill Gas","Renewables",35,"No"
"D","08/11/2022","01:25:35","Refuse","Renewables",278,"No"
"D","08/11/2022","01:25:35","Solar","Renewables",2,"No"
"D","08/11/2022","01:25:35","Wind","Renewables",45,"No"
"D","08/11/2022","01:25:35","Wood","Renewables",168,"No"
"D","08/11/2022","01:27:32","Hydro","Hydro",382,"No"
"D","08/11/2022","01:27:32","Natural Gas","Natural Gas",6635,"Yes"
"D","08/11/2022","01:27:32","Nuclear","Nuclear",3326,"No"
"D","08/11/2022","01:27:32","Other","Other",2,"No"
"D","08/11/2022","01:27:32","Landfill Gas","Renewables",35,"No"
"D","08/11/2022","01:27:32","Refuse","Renewables",282,"No"
"D","08/11/2022","01:27:32","Solar","Renewables",2,"No"
"D","08/11/2022","01:27:32","Wind","Renewables",47,"No"
"D","08/11/2022","01:27:32","Wood","Renewables",166,"No"
"D","08/11/2022","01:31:06","Hydro","Hydro",382,"No"
"D","08/11/2022","01:31:06","Natural Gas","Natural Gas",6573,"Yes"
"D","08/11/2022","01:31:06","Nuclear","Nuclear",3326,"No"
"D","08/11/2022","01:31:06","Other","Other",3,"No"
"D","08/11/2022","01:31:06","Landfill Gas","Renewables",35,"No"
"D","08/11/2022","01:31:06","Refuse","Renewables",276,"No"
"D","08/11/2022","01:31:06","Solar","Renewables",2,"No"
"D","08/11/2022","01:31:06","Wind","Renewables",50,"No"
"D","08/11/2022","01:31:06","Wood","Renewables",170,"No"
"D","08/11/2022","01:36:28","Hydro","Hydro",382,"No"
"D","08/11/2022","01:36:28","Natural Gas","Natural Gas",6509,"Yes"
"D","08/11/2022","01:36:28","Nuclear","Nuclear",3326,"No"
"D","08/11/2022","01:36:28","Other","Other",2,"No"
"D","08/11/2022","01:36:28","Landfill Gas","Renewables",35,"No"
"D","08/11/2022","01:36:28","Refuse","Renewables",280,"No"
"D","08/11/2022","01:36:28","Solar","Renewables",2,"No"
"D","08/11/2022","01:36:28","Wind","Renewables",48,"No"
"D","08/11/2022","01:36:28","Wood","Renewables",167,"No"
"D","08/11/2022","01:40:35","Hydro","Hydro",381,"No"
"D","08/11/2022","01:40:35","Natural Gas","Natural Gas",6480,"Yes"
"D","08/11/2022","01:40:35","Nuclear","Nuclear",3325,"No"
"D","08/11/2022","01:40:35","Other","Other",2,"No"
"D","08/11/2022","01:40:35","Landfill Gas","Renewables",35,"No"
"D","08/11/2022","01:40:35","Refuse","Renewables",282,"No"
"D","08/11/2022","01:40:35","Solar","Renewables",2,"No"
"D","08/11/2022","01:40:35","Wind","Renewables",42,"No"
"D","08/11/2022","01:40:35","Wood","Renewables",168,"No"
"D","08/11/2022","01:45:14","Hydro","Hydro",381,"No"
"D","08/11/2022","01:45:14","Natural Gas","Natural Gas",6464,"Yes"
"D","08/11/2022","01:45:14","Nuclear","Nuclear",3329,"No"
"D","08/11/2022","01:45:14","Other","Other",15,"No"
"D","08/11/2022","01:45:14","Landfill Gas","Renewables",35,"No"
"D","08/11/2022","01:45:14","Refuse","Renewables",273,"No"
"D","08/11/2022","01:45:14","Solar","Renewables",2,"No"
"D","08/11/2022","01:45:14","Wind","Renewables",41,"No"
"D","08/11/2022","01:45:14","Wood","Renewables",167,"No"
"D","08/11/2022","01:53:16","Hydro","Hydro",379,"No"
"D","08/11/2022","01:53:16","Natural Gas","Natural Gas",6365,"Yes"
"D","08/11/2022","01:53:16","Nuclear","Nuclear",3328,"No"
"D","08/11/2022","01:53:16","Other","Other",4,"No"
"D","08/11/2022","01:53:16","Landfill Gas","Renewables",35,"No"
"D","08/11/2022","01:53:16","Refuse","Renewables",278,"No"
"D","08/11/2022","01:53:16","Solar","Renewables",2,"No"
"D","08/11/2022","01:53:16","Wind","Renewables",42,"No"
"D","08/11/2022","01:53:16","Wood","Renewables",167,"No"
"D","08/11/2022","01:55:02","Hydro","Hydro",379,"No"
"D","08/11/2022","01:55:02","Natural Gas","Natural Gas",6365,"Yes"
"D","08/11/2022","01:55:02","Nuclear","Nuclear",3328,"No"
"D","08/11/2022","01:55:02","Other","Other",4,"No"
"D","08/11/2022","01:55:02","Landfill Gas","Renewables",35,"No"
"D","08/11/2022","01:55:02","Refuse","Renewables",278,"No"
"D","08/11/2022","01:55:02","Solar","Renewables",2,"No"
"D","08/11/2022","01:55:02","Wind","Renewables",42,"No"
"D","08/11/2022","01:55:02","Wood","Renewables",167,"No"
"D","08/11/2022","01:58:31","Hydro","Hydro",381,"No"
"D","08/11/2022","01:58:31","Natural Gas","Natural Gas",6408,"Yes"
"D","08/11/2022","01:58:31","Nuclear","Nuclear",3328,"No"
"D","08/11/2022","01:58:31","Other","Other",2,"No"
"D","08/11/2022","01:58:31","Landfill Gas","Renewables",35,"No"
"D","08/11/2022","01:58:31","Refuse","Renewables",278,"No"
"D","08/11/2022","01:58:31","Solar","Renewables",2,"No"
"D","08/11/2022","01:58:31","Wind","Renewables",48,"No"
"D","08/11/2022","01:58:31","Wood","Renewables",169,"No"
"D","08/11/2022","02:03:43","Hydro","Hydro",380,"No"
"D","08/11/2022","02:03:43","Natural Gas","Natural Gas",6439,"Yes"
"D","08/11/2022","02:03:43","Nuclear","Nuclear",3328,"No"
"D","08/11/2022","02:03:43","Other","Other",20,"No"
"D","08/11/2022","02:03:43","Landfill Gas","Renewables",35,"No"
"D","08/11/2022","02:03:43","Refuse","Renewables",277,"No"
"D","08/11/2022","02:03:43","Solar","Renewables",2,"No"
"D","08/11/2022","02:03:43","Wind","Renewables",44,"No"
"D","08/11/2022","02:03:43","Wood","Renewables",169,"No"
"D","08/11/2022","02:08:48","Hydro","Hydro",381,"No"
"D","08/11/2022","02:08:48","Natural Gas","Natural Gas",6625,"Yes"
"D","08/11/2022","02:08:48","Nuclear","Nuclear",3328,"No"
"D","08/11/2022","02:08:48","Other","Other",40,"No"
"D","08/11/2022","02:08:48","Landfill Gas","Renewables",35,"No"
"D","08/11/2022","02:08:48","Refuse","Renewables",285,"No"
"D","08/11/2022","02:08:48","Solar","Renewables",2,"No"
"D","08/11/2022","02:08:48","Wind","Renewables",42,"No"
"D","08/11/2022","02:08:48","Wood","Renewables",167,"No"
"D","08/11/2022","02:14:23","Hydro","Hydro",380,"No"
"D","08/11/2022","02:14:23","Natural Gas","Natural Gas",6633,"Yes"
"D","08/11/2022","02:14:23","Nuclear","Nuclear",3328,"No"
"D","08/11/2022","02:14:23","Other","Other",12,"No"
"D","08/11/2022","02:14:23","Landfill Gas","Renewables",35,"No"
"D","08/11/2022","02:14:23","Refuse","Renewables",278,"No"
"D","08/11/2022","02:14:23","Solar","Renewables",2,"No"
"D","08/11/2022","02:14:23","Wind","Renewables",40,"No"
"D","08/11/2022","02:14:23","Wood","Renewables",167,"No"
"D","08/11/2022","02:18:13","Hydro","Hydro",379,"No"
"D","08/11/2022","02:18:13","Natural Gas","Natural Gas",6570,"Yes"
"D","08/11/2022","02:18:13","Nuclear","Nuclear",3327,"No"
"D","08/11/2022","02:18:13","Other","Other",7,"No"
"D","08/11/2022","02:18:13","Landfill Gas","Renewables",35,"No"
"D","08/11/2022","02:18:13","Refuse","Renewables",278,"No"
"D","08/11/2022","02:18:13","Solar","Renewables",2,"No"
"D","08/11/2022","02:18:13","Wind","Renewables",41,"No"
"D","08/11/2022","02:18:13","Wood","Renewables",167,"No"
"D","08/11/2022","02:22:16","Hydro","Hydro",378,"No"
"D","08/11/2022","02:22:16","Natural Gas","Natural Gas",6594,"Yes"
"D","08/11/2022","02:22:16","Nuclear","Nuclear",3327,"No"
"D","08/11/2022","02:22:16","Other","Other",2,"No"
"D","08/11/2022","02:22:16","Landfill Gas","Renewables",36,"No"
"D","08/11/2022","02:22:16","Refuse","Renewables",283,"No"
"D","08/11/2022","02:22:16","Solar","Renewables",2,"No"
"D","08/11/2022","02:22:16","Wind","Renewables",40,"No"
"D","08/11/2022","02:22:16","Wood","Renewables",168,"No"
"D","08/11/2022","02:26:15","Hydro","Hydro",379,"No"
"D","08/11/2022","02:26:15","Natural Gas","Natural Gas",6608,"Yes"
"D","08/11/2022","02:26:15","Nuclear","Nuclear",3327,"No"
"D","08/11/2022","02:26:15","Other","Other",2,"No"
"D","08/11/2022","02:26:15","Landfill Gas","Renewables",36,"No"
"D","08/11/2022","02:26:15","Refuse","Renewables",280,"No"
"D","08/11/2022","02:26:15","Solar","Renewables",2,"No"
"D","08/11/2022","02:26:15","Wind","Renewables",40,"No"
"D","08/11/2022","02:26:15","Wood","Renewables",167,"No"
"D","08/11/2022","02:30:05","Hydro","Hydro",378,"No"
"D","08/11/2022","02:30:05","Natural Gas","Natural Gas",6589,"Yes"
"D","08/11/2022","02:30:05","Nuclear","Nuclear",3328,"No"
"D","08/11/2022","02:30:05","Other","Other",2,"No"
"D","08/11/2022","02:30:05","Landfill Gas","Renewables",35,"No"
"D","08/11/2022","02:30:05","Refuse","Renewables",282,"No"
"D","08/11/2022","02:30:05","Solar","Renewables",2,"No"
"D","08/11/2022","02:30:05","Wind","Renewables",41,"No"
"D","08/11/2022","02:30:05","Wood","Renewables",167,"No"
"D","08/11/2022","02:37:22","Hydro","Hydro",378,"No"
"D","08/11/2022","02:37:22","Natural Gas","Natural Gas",6502,"Yes"
"D","08/11/2022","02:37:22","Nuclear","Nuclear",3326,"No"
"D","08/11/2022","02:37:22","Other","Other",5,"No"
"D","08/11/2022","02:37:22","Landfill Gas","Renewables",35,"No"
"D","08/11/2022","02:37:22","Refuse","Renewables",284,"No"
"D","08/11/2022","02:37:22","Solar","Renewables",2,"No"
"D","08/11/2022","02:37:22","Wind","Renewables",38,"No"
"D","08/11/2022","02:37:22","Wood","Renewables",170,"No"
"D","08/11/2022","02:42:34","Hydro","Hydro",379,"No"
"D","08/11/2022","02:42:34","Natural Gas","Natural Gas",6456,"Yes"
"D","08/11/2022","02:42:34","Nuclear","Nuclear",3326,"No"
"D","08/11/2022","02:42:34","Other","Other",5,"No"
"D","08/11/2022","02:42:34","Landfill Gas","Renewables",35,"No"
"D","08/11/2022","02:42:34","Refuse","Renewables",282,"No"
"D","08/11/2022","02:42:34","Solar","Renewables",2,"No"
"D","08/11/2022","02:42:34","Wind","Renewables",36,"No"
"D","08/11/2022","02:42:34","Wood","Renewables",167,"No"
"D","08/11/2022","02:45:40","Hydro","Hydro",380,"No"
"D","08/11/2022","02:45:40","Natural Gas","Natural Gas",6444,"Yes"
"D","08/11/2022","02:45:40","Nuclear","Nuclear",3324,"No"
"D","08/11/2022","02:45:40","Other","Other",3,"No"
"D","08/11/2022","02:45:40","Landfill Gas","Renewables",35,"No"
"D","08/11/2022","02:45:40","Refuse","Renewables",280,"No"
"D","08/11/2022","02:45:40","Solar","Renewables",2,"No"
"D","08/11/2022","02:45:40","Wind","Renewables",33,"No"
"D","08/11/2022","02:45:40","Wood","Renewables",169,"No"
"D","08/11/2022","02:53:23","Hydro","Hydro",379,"No"
"D","08/11/2022","02:53:23","Natural Gas","Natural Gas",6418,"Yes"
"D","08/11/2022","02:53:23","Nuclear","Nuclear",3324,"No"
"D","08/11/2022","02:53:23","Other","Other",2,"No"
"D","08/11/2022","02:53:23","Landfill Gas","Renewables",35,"No"
"D","08/11/2022","02:53:23","Refuse","Renewables",281,"No"
"D","08/11/2022","02:53:23","Solar","Renewables",2,"No"
"D","08/11/2022","02:53:23","Wind","Renewables",29,"No"
"D","08/11/2022","02:53:23","Wood","Renewables",168,"No"
"D","08/11/2022","02:58:32","Hydro","Hydro",379,"No"
"D","08/11/2022","02:58:32","Natural Gas","Natural Gas",6404,"Yes"
"D","08/11/2022","02:58:32","Nuclear","Nuclear",3326,"No"
"D","08/11/2022","02:58:32","Other","Other",4,"No"
"D","08/11/2022","02:58:32","Landfill Gas","Renewables",35,"No"
"D","08/11/2022","02:58:32","Refuse","Renewables",277,"No"
"D","08/11/2022","02:58:32","Solar","Renewables",2,"No"
"D","08/11/2022","02:58:32","Wind","Renewables",28,"No"
"D","08/11/2022","02:58:32","Wood","Renewables",166,"No"
"D","08/11/2022","02:59:42","Hydro","Hydro",380,"No"
"D","08/11/2022","02:59:42","Natural Gas","Natural Gas",6445,"Yes"
"D","08/11/2022","02:59:42","Nuclear","Nuclear",3326,"No"
"D","08/11/2022","02:59:42","Other","Other",19,"No"
"D","08/11/2022","02:59:42","Landfill Gas","Renewables",36,"No"
"D","08/11/2022","02:59:42","Refuse","Renewables",275,"No"
"D","08/11/2022","02:59:42","Solar","Renewables",2,"No"
"D","08/11/2022","02:59:42","Wind","Renewables",29,"No"
"D","08/11/2022","02:59:42","Wood","Renewables",169,"No"
"D","08/11/2022","03:01:23","Hydro","Hydro",379,"No"
"D","08/11/2022","03:01:23","Natural Gas","Natural Gas",6461,"Yes"
"D","08/11/2022","03:01:23","Nuclear","Nuclear",3326,"No"
"D","08/11/2022","03:01:23","Other","Other",3,"No"
"D","08/11/2022","03:01:23","Landfill Gas","Renewables",36,"No"
"D","08/11/2022","03:01:23","Refuse","Renewables",276,"No"
"D","08/11/2022","03:01:23","Solar","Renewables",2,"No"
"D","08/11/2022","03:01:23","Wind","Renewables",29,"No"
"D","08/11/2022","03:01:23","Wood","Renewables",169,"No"
"D","08/11/2022","03:08:01","Hydro","Hydro",380,"No"
"D","08/11/2022","03:08:01","Natural Gas","Natural Gas",6557,"Yes"
"D","08/11/2022","03:08:01","Nuclear","Nuclear",3326,"No"
"D","08/11/2022","03:08:01","Other","Other",15,"No"
"D","08/11/2022","03:08:01","Landfill Gas","Renewables",35,"No"
"D","08/11/2022","03:08:01","Refuse","Renewables",279,"No"
"D","08/11/2022","03:08:01","Solar","Renewables",2,"No"
"D","08/11/2022","03:08:01","Wind","Renewables",28,"No"
"D","08/11/2022","03:08:01","Wood","Renewables",169,"No"
"D","08/11/2022","03:14:57","Hydro","Hydro",379,"No"
"D","08/11/2022","03:14:57","Natural Gas","Natural Gas",6647,"Yes"
"D","08/11/2022","03:14:57","Nuclear","Nuclear",3326,"No"
"D","08/11/2022","03:14:57","Other","Other",2,"No"
"D","08/11/2022","03:14:57","Landfill Gas","Renewables",35,"No"
"D","08/11/2022","03:14:57","Refuse","Renewables",276,"No"
"D","08/11/2022","03:14:57","Solar","Renewables",2,"No"
"D","08/11/2022","03:14:57","Wind","Renewables",28,"No"
"D","08/11/2022","03:14:57","Wood","Renewables",169,"No"
"D","08/11/2022","03:21:38","Hydro","Hydro",380,"No"
"D","08/11/2022","03:21:38","Natural Gas","Natural Gas",6697,"Yes"
"D","08/11/2022","03:21:38","Nuclear","Nuclear",3327,"No"
"D","08/11/2022","03:21:38","Other","Other",8,"No"
"D","08/11/2022","03:21:38","Landfill Gas","Renewables",36,"No"
"D","08/11/2022","03:21:38","Refuse","Renewables",275,"No"
"D","08/11/2022","03:21:38","Solar","Renewables",2,"No"
"D","08/11/2022","03:21:38","Wind","Renewables",26,"No"
"D","08/11/2022","03:21:38","Wood","Renewables",169,"No"
"D","08/11/2022","03:31:28","Hydro","Hydro",377,"No"
"D","08/11/2022","03:31:28","Natural Gas","Natural Gas",6704,"Yes"
"D","08/11/2022","03:31:28","Nuclear","Nuclear",3327,"No"
"D","08/11/2022","03:31:28","Other","Other",2,"No"
"D","08/11/2022","03:31:28","Landfill Gas","Renewables",35,"No"
"D","08/11/2022","03:31:28","Refuse","Renewables",267,"No"
"D","08/11/2022","03:31:28","Solar","Renewables",2,"No"
"D","08/11/2022","03:31:28","Wind","Renewables",27,"No"
"D","08/11/2022","03:31:28","Wood","Renewables",168,"No"
"D","08/11/2022","03:33:23","Hydro","Hydro",378,"No"
"D","08/11/2022","03:33:23","Natural Gas","Natural Gas",6658,"Yes"
"D","08/11/2022","03:33:23","Nuclear","Nuclear",3326,"No"
"D","08/11/2022","03:33:23","Other","Other",2,"No"
"D","08/11/2022","03:33:23","Landfill Gas","Renewables",36,"No"
"D","08/11/2022","03:33:23","Refuse","Renewables",277,"No"
"D","08/11/2022","03:33:23","Solar","Renewables",2,"No"
"D","08/11/2022","03:33:23","Wind","Renewables",27,"No"
"D","08/11/2022","03:33:23","Wood","Renewables",168,"No"
"D","08/11/2022","03:38:09","Hydro","Hydro",378,"No"
"D","08/11/2022","03:38:09","Natural Gas","Natural Gas",6595,"Yes"
"D","08/11/2022","03:38:09","Nuclear","Nuclear",3326,"No"
"D","08/11/2022","03:38:09","Other","Other",6,"No"
"D","08/11/2022","03:38:09","Landfill Gas","Renewables",35,"No"
"D","08/11/2022","03:38:09","Refuse","Renewables",274,"No"
"D","08/11/2022","03:38:09","Solar","Renewables",2,"No"
"D","08/11/2022","03:38:09","Wind","Renewables",28,"No"
"D","08/11/2022","03:38:09","Wood","Renewables",168,"No"
"D","08/11/2022","03:43:41","Hydro","Hydro",379,"No"
"D","08/11/2022","03:43:41","Natural Gas","Natural Gas",6622,"Yes"
"D","08/11/2022","03:43:41","Nuclear","Nuclear",3326,"No"
"D","08/11/2022","03:43:41","Other","Other",3,"No"
"D","08/11/2022","03:43:41","Landfill Gas","Renewables",35,"No"
"D","08/11/2022","03:43:41","Refuse","Renewables",278,"No"
"D","08/11/2022","03:43:41","Solar","Renewables",2,"No"
"D","08/11/2022","03:43:41","Wind","Renewables",29,"No"
"D","08/11/2022","03:43:41","Wood","Renewables",169,"No"
"D","08/11/2022","03:49:48","Hydro","Hydro",379,"No"
"D","08/11/2022","03:49:48","Natural Gas","Natural Gas",6622,"Yes"
"D","08/11/2022","03:49:48","Nuclear","Nuclear",3326,"No"
"D","08/11/2022","03:49:48","Other","Other",3,"No"
"D","08/11/2022","03:49:48","Landfill Gas","Renewables",35,"No"
"D","08/11/2022","03:49:48","Refuse","Renewables",278,"No"
"D","08/11/2022","03:49:48","Solar","Renewables",2,"No"
"D","08/11/2022","03:49:48","Wind","Renewables",29,"No"
"D","08/11/2022","03:49:48","Wood","Renewables",169,"No"
"D","08/11/2022","03:52:30","Hydro","Hydro",378,"No"
"D","08/11/2022","03:52:30","Natural Gas","Natural Gas",6649,"Yes"
"D","08/11/2022","03:52:30","Nuclear","Nuclear",3327,"No"
"D","08/11/2022","03:52:30","Other","Other",3,"No"
"D","08/11/2022","03:52:30","Landfill Gas","Renewables",35,"No"
"D","08/11/2022","03:52:30","Refuse","Renewables",272,"No"
"D","08/11/2022","03:52:30","Solar","Renewables",2,"No"
"D","08/11/2022","03:52:30","Wind","Renewables",28,"No"
"D","08/11/2022","03:52:30","Wood","Renewables",167,"No"
"D","08/11/2022","03:57:51","Hydro","Hydro",379,"No"
"D","08/11/2022","03:57:51","Natural Gas","Natural Gas",6685,"Yes"
"D","08/11/2022","03:57:51","Nuclear","Nuclear",3325,"No"
"D","08/11/2022","03:57:51","Other","Other",2,"No"
"D","08/11/2022","03:57:51","Landfill Gas","Renewables",35,"No"
"D","08/11/2022","03:57:51","Refuse","Renewables",282,"No"
"D","08/11/2022","03:57:51","Solar","Renewables",2,"No"
"D","08/11/2022","03:57:51","Wind","Renewables",25,"No"
"D","08/11/2022","03:57:51","Wood","Renewables",168,"No"
"D","08/11/2022","04:01:00","Hydro","Hydro",380,"No"
"D","08/11/2022","04:01:00","Natural Gas","Natural Gas",6655,"Yes"
"D","08/11/2022","04:01:00","Nuclear","Nuclear",3325,"No"
"D","08/11/2022","04:01:00","Other","Other",2,"No"
"D","08/11/2022","04:01:00","Landfill Gas","Renewables",36,"No"
"D","08/11/2022","04:01:00","Refuse","Renewables",283,"No"
"D","08/11/2022","04:01:00","Solar","Renewables",2,"No"
"D","08/11/2022","04:01:00","Wind","Renewables",25,"No"
"D","08/11/2022","04:01:00","Wood","Renewables",168,"No"
"D","08/11/2022","04:06:36","Hydro","Hydro",380,"No"
"D","08/11/2022","04:06:36","Natural Gas","Natural Gas",6665,"Yes"
"D","08/11/2022","04:06:36","Nuclear","Nuclear",3325,"No"
"D","08/11/2022","04:06:36","Other","Other",4,"No"
"D","08/11/2022","04:06:36","Landfill Gas","Renewables",36,"No"
"D","08/11/2022","04:06:36","Refuse","Renewables",279,"No"
"D","08/11/2022","04:06:36","Solar","Renewables",2,"No"
"D","08/11/2022","04:06:36","Wind","Renewables",26,"No"
"D","08/11/2022","04:06:36","Wood","Renewables",169,"No"
"D","08/11/2022","04:10:58","Hydro","Hydro",379,"No"
"D","08/11/2022","04:10:58","Natural Gas","Natural Gas",6708,"Yes"
"D","08/11/2022","04:10:58","Nuclear","Nuclear",3325,"No"
"D","08/11/2022","04:10:58","Other","Other",2,"No"
"D","08/11/2022","04:10:58","Landfill Gas","Renewables",35,"No"
"D","08/11/2022","04:10:58","Refuse","Renewables",275,"No"
"D","08/11/2022","04:10:58","Solar","Renewables",2,"No"
"D","08/11/2022","04:10:58","Wind","Renewables",26,"No"
"D","08/11/2022","04:10:58","Wood","Renewables",168,"No"
"D","08/11/2022","04:12:19","Hydro","Hydro",379,"No"
"D","08/11/2022","04:12:19","Natural Gas","Natural Gas",6715,"Yes"
"D","08/11/2022","04:12:19","Nuclear","Nuclear",3326,"No"
"D","08/11/2022","04:12:19","Other","Other",2,"No"
"D","08/11/2022","04:12:19","Landfill Gas","Renewables",36,"No"
"D","08/11/2022","04:12:19","Refuse","Renewables",274,"No"
"D","08/11/2022","04:12:19","Solar","Renewables",2,"No"
"D","08/11/2022","04:12:19","Wind","Renewables",26,"No"
"D","08/11/2022","04:12:19","Wood","Renewables",168,"No"
"D","08/11/2022","04:17:04","Hydro","Hydro",379,"No"
"D","08/11/2022","04:17:04","Natural Gas","Natural Gas",6723,"Yes"
"D","08/11/2022","04:17:04","Nuclear","Nuclear",3323,"No"
"D","08/11/2022","04:17:04","Other","Other",2,"No"
"D","08/11/2022","04:17:04","Landfill Gas","Renewables",35,"No"
"D","08/11/2022","04:17:04","Refuse","Renewables",277,"No"
"D","08/11/2022","04:17:04","Solar","Renewables",2,"No"
"D","08/11/2022","04:17:04","Wind","Renewables",24,"No"
"D","08/11/2022","04:17:04","Wood","Renewables",169,"No"
"D","08/11/2022","04:19:26","Hydro","Hydro",378,"No"
"D","08/11/2022","04:19:26","Natural Gas","Natural Gas",6738,"Yes"
"D","08/11/2022","04:19:26","Nuclear","Nuclear",3325,"No"
"D","08/11/2022","04:19:26","Other","Other",5,"No"
"D","08/11/2022","04:19:26","Landfill Gas","Renewables",36,"No"
"D","08/11/2022","04:19:26","Refuse","Renewables",281,"No"
"D","08/11/2022","04:19:26","Solar","Renewables",2,"No"
"D","08/11/2022","04:19:26","Wind","Renewables",23,"No"
"D","08/11/2022","04:19:26","Wood","Renewables",167,"No"
"D","08/11/2022","04:21:17","Hydro","Hydro",379,"No"
"D","08/11/2022","04:21:17","Natural Gas","Natural Gas",6742,"Yes"
"D","08/11/2022","04:21:17","Nuclear","Nuclear",3324,"No"
"D","08/11/2022","04:21:17","Other","Other",3,"No"
"D","08/11/2022","04:21:17","Landfill Gas","Renewables",36,"No"
"D","08/11/2022","04:21:17","Refuse","Renewables",278,"No"
"D","08/11/2022","04:21:17","Solar","Renewables",2,"No"
"D","08/11/2022","04:21:17","Wind","Renewables",22,"No"
"D","08/11/2022","04:21:17","Wood","Renewables",169,"No"
"D","08/11/2022","04:28:40","Hydro","Hydro",381,"No"
"D","08/11/2022","04:28:40","Natural Gas","Natural Gas",6728,"Yes"
"D","08/11/2022","04:28:40","Nuclear","Nuclear",3325,"No"
"D","08/11/2022","04:28:40","Other","Other",2,"No"
"D","08/11/2022","04:28:40","Landfill Gas","Renewables",35,"No"
"D","08/11/2022","04:28:40","Refuse","Renewables",275,"No"
"D","08/11/2022","04:28:40","Solar","Renewables",2,"No"
"D","08/11/2022","04:28:40","Wind","Renewables",20,"No"
"D","08/11/2022","04:28:40","Wood","Renewables",167,"No"
"D","08/11/2022","04:31:38","Hydro","Hydro",382,"No"
"D","08/11/2022","04:31:38","Natural Gas","Natural Gas",6755,"Yes"
"D","08/11/2022","04:31:38","Nuclear","Nuclear",3325,"No"
"D","08/11/2022","04:31:38","Other","Other",3,"No"
"D","08/11/2022","04:31:38","Landfill Gas","Renewables",35,"No"
"D","08/11/2022","04:31:38","Refuse","Renewables",277,"No"
"D","08/11/2022","04:31:38","Solar","Renewables",2,"No"
"D","08/11/2022","04:31:38","Wind","Renewables",19,"No"
"D","08/11/2022","04:31:38","Wood","Renewables",168,"No"
"D","08/11/2022","04:36:22","Hydro","Hydro",380,"No"
"D","08/11/2022","04:36:22","Natural Gas","Natural Gas",6816,"Yes"
"D","08/11/2022","04:36:22","Nuclear","Nuclear",3326,"No"
"D","08/11/2022","04:36:22","Other","Other",2,"No"
"D","08/11/2022","04:36:22","Landfill Gas","Renewables",35,"No"
"D","08/11/2022","04:36:22","Refuse","Renewables",277,"No"
"D","08/11/2022","04:36:22","Solar","Renewables",2,"No"
"D","08/11/2022","04:36:22","Wind","Renewables",18,"No"
"D","08/11/2022","04:36:22","Wood","Renewables",168,"No"
"D","08/11/2022","04:41:23","Hydro","Hydro",381,"No"
"D","08/11/2022","04:41:23","Natural Gas","Natural Gas",6870,"Yes"
"D","08/11/2022","04:41:23","Nuclear","Nuclear",3324,"No"
"D","08/11/2022","04:41:23","Other","Other",2,"No"
"D","08/11/2022","04:41:23","Landfill Gas","Renewables",35,"No"
"D","08/11/2022","04:41:23","Refuse","Renewables",273,"No"
"D","08/11/2022","04:41:23","Solar","Renewables",2,"No"
"D","08/11/2022","04:41:23","Wind","Renewables",16,"No"
"D","08/11/2022","04:41:23","Wood","Renewables",168,"No"
"D","08/11/2022","04:45:26","Hydro","Hydro",381,"No"
"D","08/11/2022","04:45:26","Natural Gas","Natural Gas",6880,"Yes"
"D","08/11/2022","04:45:26","Nuclear","Nuclear",3326,"No"
"D","08/11/2022","04:45:26","Other","Other",2,"No"
"D","08/11/2022","04:45:26","Landfill Gas","Renewables",35,"No"
"D","08/11/2022","04:45:26","Refuse","Renewables",277,"No"
"D","08/11/2022","04:45:26","Solar","Renewables",2,"No"
"D","08/11/2022","04:45:26","Wind","Renewables",17,"No"
"D","08/11/2022","04:45:26","Wood","Renewables",169,"No"
"D","08/11/2022","04:52:18","Hydro","Hydro",381,"No"
"D","08/11/2022","04:52:18","Natural Gas","Natural Gas",6834,"Yes"
"D","08/11/2022","04:52:18","Nuclear","Nuclear",3325,"No"
"D","08/11/2022","04:52:18","Other","Other",2,"No"
"D","08/11/2022","04:52:18","Landfill Gas","Renewables",35,"No"
"D","08/11/2022","04:52:18","Refuse","Renewables",281,"No"
"D","08/11/2022","04:52:18","Solar","Renewables",2,"No"
"D","08/11/2022","04:52:18","Wind","Renewables",16,"No"
"D","08/11/2022","04:52:18","Wood","Renewables",169,"No"
"D","08/11/2022","04:56:20","Hydro","Hydro",381,"No"
"D","08/11/2022","04:56:20","Natural Gas","Natural Gas",6766,"Yes"
"D","08/11/2022","04:56:20","Nuclear","Nuclear",3325,"No"
"D","08/11/2022","04:56:20","Other","Other",11,"No"
"D","08/11/2022","04:56:20","Landfill Gas","Renewables",35,"No"
"D","08/11/2022","04:56:20","Refuse","Renewables",282,"No"
"D","08/11/2022","04:56:20","Solar","Renewables",2,"No"
"D","08/11/2022","04:56:20","Wind","Renewables",18,"No"
"D","08/11/2022","04:56:20","Wood","Renewables",167,"No"
"D","08/11/2022","04:58:22","Hydro","Hydro",382,"No"
"D","08/11/2022","04:58:22","Natural Gas","Natural Gas",6735,"Yes"
"D","08/11/2022","04:58:22","Nuclear","Nuclear",3324,"No"
"D","08/11/2022","04:58:22","Other","Other",2,"No"
"D","08/11/2022","04:58:22","Landfill Gas","Renewables",36,"No"
"D","08/11/2022","04:58:22","Refuse","Renewables",281,"No"
"D","08/11/2022","04:58:22","Solar","Renewables",2,"No"
"D","08/11/2022","04:58:22","Wind","Renewables",28,"No"
"D","08/11/2022","04:58:22","Wood","Renewables",168,"No"
"D","08/11/2022","05:02:38","Hydro","Hydro",384,"No"
"D","08/11/2022","05:02:38","Natural Gas","Natural Gas",6560,"Yes"
"D","08/11/2022","05:02:38","Nuclear","Nuclear",3325,"No"
"D","08/11/2022","05:02:38","Other","Other",29,"No"
"D","08/11/2022","05:02:38","Landfill Gas","Renewables",35,"No"
"D","08/11/2022","05:02:38","Refuse","Renewables",278,"No"
"D","08/11/2022","05:02:38","Solar","Renewables",2,"No"
"D","08/11/2022","05:02:38","Wind","Renewables",24,"No"
"D","08/11/2022","05:02:38","Wood","Renewables",170,"No"
"D","08/11/2022","05:07:06","Hydro","Hydro",383,"No"
"D","08/11/2022","05:07:06","Natural Gas","Natural Gas",6624,"Yes"
"D","08/11/2022","05:07:06","Nuclear","Nuclear",3323,"No"
"D","08/11/2022","05:07:06","Other","Other",2,"No"
"D","08/11/2022","05:07:06","Landfill Gas","Renewables",35,"No"
"D","08/11/2022","05:07:06","Refuse","Renewables",280,"No"
"D","08/11/2022","05:07:06","Solar","Renewables",2,"No"
"D","08/11/2022","05:07:06","Wind","Renewables",24,"No"
"D","08/11/2022","05:07:06","Wood","Renewables",168,"No"
"D","08/11/2022","05:12:31","Hydro","Hydro",384,"No"
"D","08/11/2022","05:12:31","Natural Gas","Natural Gas",6698,"Yes"
"D","08/11/2022","05:12:31","Nuclear","Nuclear",3328,"No"
"D","08/11/2022","05:12:31","Other","Other",3,"No"
"D","08/11/2022","05:12:31","Landfill Gas","Renewables",35,"No"
"D","08/11/2022","05:12:31","Refuse","Renewables",279,"No"
"D","08/11/2022","05:12:31","Solar","Renewables",2,"No"
"D","08/11/2022","05:12:31","Wind","Renewables",22,"No"
"D","08/11/2022","05:12:31","Wood","Renewables",169,"No"
"D","08/11/2022","05:15:37","Hydro","Hydro",384,"No"
"D","08/11/2022","05:15:37","Natural Gas","Natural Gas",6695,"Yes"
"D","08/11/2022","05:15:37","Nuclear","Nuclear",3327,"No"
"D","08/11/2022","05:15:37","Other","Other",2,"No"
"D","08/11/2022","05:15:37","Landfill Gas","Renewables",35,"No"
"D","08/11/2022","05:15:37","Refuse","Renewables",277,"No"
"D","08/11/2022","05:15:37","Solar","Renewables",2,"No"
"D","08/11/2022","05:15:37","Wind","Renewables",21,"No"
"D","08/11/2022","05:15:37","Wood","Renewables",168,"No"
"D","08/11/2022","05:21:07","Hydro","Hydro",384,"No"
"D","08/11/2022","05:21:07","Natural Gas","Natural Gas",6708,"No"
"D","08/11/2022","05:21:07","Nuclear","Nuclear",3329,"No"
"D","08/11/2022","05:21:07","Other","Other",2,"No"
"D","08/11/2022","05:21:07","Landfill Gas","Renewables",35,"No"
"D","08/11/2022","05:21:07","Refuse","Renewables",280,"No"
"D","08/11/2022","05:21:07","Solar","Renewables",2,"No"
"D","08/11/2022","05:21:07","Wind","Renewables",20,"No"
"D","08/11/2022","05:21:07","Wood","Renewables",171,"No"
"D","08/11/2022","05:23:18","Hydro","Hydro",384,"No"
"D","08/11/2022","05:23:18","Natural Gas","Natural Gas",6708,"Yes"
"D","08/11/2022","05:23:18","Nuclear","Nuclear",3329,"No"
"D","08/11/2022","05:23:18","Other","Other",2,"No"
"D","08/11/2022","05:23:18","Landfill Gas","Renewables",35,"No"
"D","08/11/2022","05:23:18","Refuse","Renewables",280,"No"
"D","08/11/2022","05:23:18","Solar","Renewables",2,"No"
"D","08/11/2022","05:23:18","Wind","Renewables",20,"No"
"D","08/11/2022","05:23:18","Wood","Renewables",171,"No"
"D","08/11/2022","05:25:34","Hydro","Hydro",386,"No"
"D","08/11/2022","05:25:34","Natural Gas","Natural Gas",6707,"Yes"
"D","08/11/2022","05:25:34","Nuclear","Nuclear",3328,"No"
"D","08/11/2022","05:25:34","Other","Other",10,"No"
"D","08/11/2022","05:25:34","Landfill Gas","Renewables",36,"No"
"D","08/11/2022","05:25:34","Refuse","Renewables",278,"No"
"D","08/11/2022","05:25:34","Solar","Renewables",2,"No"
"D","08/11/2022","05:25:34","Wind","Renewables",20,"No"
"D","08/11/2022","05:25:34","Wood","Renewables",169,"No"
"D","08/11/2022","05:29:06","Hydro","Hydro",388,"No"
"D","08/11/2022","05:29:06","Natural Gas","Natural Gas",6777,"Yes"
"D","08/11/2022","05:29:06","Nuclear","Nuclear",3329,"No"
"D","08/11/2022","05:29:06","Other","Other",2,"No"
"D","08/11/2022","05:29:06","Landfill Gas","Renewables",35,"No"
"D","08/11/2022","05:29:06","Refuse","Renewables",282,"No"
"D","08/11/2022","05:29:06","Solar","Renewables",2,"No"
"D","08/11/2022","05:29:06","Wind","Renewables",22,"No"
"D","08/11/2022","05:29:06","Wood","Renewables",167,"No"
"D","08/11/2022","05:34:10","Hydro","Hydro",411,"No"
"D","08/11/2022","05:34:10","Natural Gas","Natural Gas",6981,"Yes"
"D","08/11/2022","05:34:10","Nuclear","Nuclear",3332,"No"
"D","08/11/2022","05:34:10","Other","Other",2,"No"
"D","08/11/2022","05:34:10","Landfill Gas","Renewables",36,"No"
"D","08/11/2022","05:34:10","Refuse","Renewables",281,"No"
"D","08/11/2022","05:34:10","Solar","Renewables",2,"No"
"D","08/11/2022","05:34:10","Wind","Renewables",20,"No"
"D","08/11/2022","05:34:10","Wood","Renewables",169,"No"
"D","08/11/2022","05:40:21","Hydro","Hydro",411,"No"
"D","08/11/2022","05:40:21","Natural Gas","Natural Gas",7045,"Yes"
"D","08/11/2022","05:40:21","Nuclear","Nuclear",3330,"No"
"D","08/11/2022","05:40:21","Other","Other",2,"No"
"D","08/11/2022","05:40:21","Landfill Gas","Renewables",35,"No"
"D","08/11/2022","05:40:21","Refuse","Renewables",279,"No"
"D","08/11/2022","05:40:21","Solar","Renewables",2,"No"
"D","08/11/2022","05:40:21","Wind","Renewables",24,"No"
"D","08/11/2022","05:40:21","Wood","Renewables",175,"No"
"D","08/11/2022","05:44:23","Hydro","Hydro",410,"No"
"D","08/11/2022","05:44:23","Natural Gas","Natural Gas",7038,"Yes"
"D","08/11/2022","05:44:23","Nuclear","Nuclear",3329,"No"
"D","08/11/2022","05:44:23","Other","Other",5,"No"
"D","08/11/2022","05:44:23","Landfill Gas","Renewables",35,"No"
"D","08/11/2022","05:44:23","Refuse","Renewables",280,"No"
"D","08/11/2022","05:44:23","Solar","Renewables",2,"No"
"D","08/11/2022","05:44:23","Wind","Renewables",31,"No"
"D","08/11/2022","05:44:23","Wood","Renewables",174,"No"
"D","08/11/2022","05:46:47","Hydro","Hydro",411,"Yes"
"D","08/11/2022","05:46:47","Natural Gas","Natural Gas",7049,"No"
"D","08/11/2022","05:46:47","Nuclear","Nuclear",3330,"No"
"D","08/11/2022","05:46:47","Other","Other",11,"No"
"D","08/11/2022","05:46:47","Landfill Gas","Renewables",36,"No"
"D","08/11/2022","05:46:47","Refuse","Renewables",284,"No"
"D","08/11/2022","05:46:47","Solar","Renewables",2,"No"
"D","08/11/2022","05:46:47","Wind","Renewables",32,"No"
"D","08/11/2022","05:46:47","Wood","Renewables",174,"No"
"D","08/11/2022","05:54:51","Hydro","Hydro",478,"No"
"D","08/11/2022","05:54:51","Natural Gas","Natural Gas",7070,"Yes"
"D","08/11/2022","05:54:51","Nuclear","Nuclear",3331,"No"
"D","08/11/2022","05:54:51","Other","Other",12,"No"
"D","08/11/2022","05:54:51","Landfill Gas","Renewables",36,"No"
"D","08/11/2022","05:54:51","Refuse","Renewables",283,"No"
"D","08/11/2022","05:54:51","Solar","Renewables",3,"No"
"D","08/11/2022","05:54:51","Wind","Renewables",29,"No"
"D","08/11/2022","05:54:51","Wood","Renewables",175,"No"
"D","08/11/2022","05:59:15","Hydro","Hydro",433,"No"
"D","08/11/2022","05:59:15","Natural Gas","Natural Gas",7039,"Yes"
"D","08/11/2022","05:59:15","Nuclear","Nuclear",3330,"No"
"D","08/11/2022","05:59:15","Other","Other",2,"No"
"D","08/11/2022","05:59:15","Landfill Gas","Renewables",35,"No"
"D","08/11/2022","05:59:15","Refuse","Renewables",279,"No"
"D","08/11/2022","05:59:15","Solar","Renewables",3,"No"
"D","08/11/2022","05:59:15","Wind","Renewables",33,"No"
"D","08/11/2022","05:59:15","Wood","Renewables",176,"No"
"D","08/11/2022","06:01:57","Hydro","Hydro",414,"No"
"D","08/11/2022","06:01:57","Natural Gas","Natural Gas",7039,"Yes"
"D","08/11/2022","06:01:57","Nuclear","Nuclear",3330,"No"
"D","08/11/2022","06:01:57","Other","Other",4,"No"
"D","08/11/2022","06:01:57","Landfill Gas","Renewables",35,"No"
"D","08/11/2022","06:01:57","Refuse","Renewables",278,"No"
"D","08/11/2022","06:01:57","Solar","Renewables",4,"No"
"D","08/11/2022","06:01:57","Wind","Renewables",32,"No"
"D","08/11/2022","06:01:57","Wood","Renewables",176,"No"
"D","08/11/2022","06:02:41","Hydro","Hydro",414,"No"
"D","08/11/2022","06:02:41","Natural Gas","Natural Gas",7039,"Yes"
"D","08/11/2022","06:02:41","Nuclear","Nuclear",3330,"No"
"D","08/11/2022","06:02:41","Other","Other",4,"No"
"D","08/11/2022","06:02:41","Landfill Gas","Renewables",35,"No"
"D","08/11/2022","06:02:41","Refuse","Renewables",278,"No"
"D","08/11/2022","06:02:41","Solar","Renewables",4,"No"
"D","08/11/2022","06:02:41","Wind","Renewables",32,"No"
"D","08/11/2022","06:02:41","Wood","Renewables",176,"No"
"D","08/11/2022","06:07:01","Hydro","Hydro",382,"No"
"D","08/11/2022","06:07:01","Natural Gas","Natural Gas",7174,"Yes"
"D","08/11/2022","06:07:01","Nuclear","Nuclear",3331,"No"
"D","08/11/2022","06:07:01","Other","Other",5,"No"
"D","08/11/2022","06:07:01","Landfill Gas","Renewables",35,"No"
"D","08/11/2022","06:07:01","Refuse","Renewables",277,"No"
"D","08/11/2022","06:07:01","Solar","Renewables",5,"No"
"D","08/11/2022","06:07:01","Wind","Renewables",35,"No"
"D","08/11/2022","06:07:01","Wood","Renewables",174,"No"
"D","08/11/2022","06:14:23","Hydro","Hydro",384,"No"
"D","08/11/2022","06:14:23","Natural Gas","Natural Gas",7093,"Yes"
"D","08/11/2022","06:14:23","Nuclear","Nuclear",3330,"No"
"D","08/11/2022","06:14:23","Other","Other",7,"No"
"D","08/11/2022","06:14:23","Landfill Gas","Renewables",35,"No"
"D","08/11/2022","06:14:23","Refuse","Renewables",276,"No"
"D","08/11/2022","06:14:23","Solar","Renewables",8,"No"
"D","08/11/2022","06:14:23","Wind","Renewables",29,"No"
"D","08/11/2022","06:14:23","Wood","Renewables",177,"No"
"D","08/11/2022","06:23:14","Hydro","Hydro",380,"No"
"D","08/11/2022","06:23:14","Natural Gas","Natural Gas",7172,"No"
"D","08/11/2022","06:23:14","Nuclear","Nuclear",3334,"No"
"D","08/11/2022","06:23:14","Other","Other",2,"No"
"D","08/11/2022","06:23:14","Landfill Gas","Renewables",36,"No"
"D","08/11/2022","06:23:14","Refuse","Renewables",272,"No"
"D","08/11/2022","06:23:14","Solar","Renewables",11,"No"
"D","08/11/2022","06:23:14","Wind","Renewables",29,"No"
"D","08/11/2022","06:23:14","Wood","Renewables",177,"Yes"
"D","08/11/2022","06:33:16","Hydro","Hydro",395,"No"
"D","08/11/2022","06:33:16","Natural Gas","Natural Gas",7204,"Yes"
"D","08/11/2022","06:33:16","Nuclear","Nuclear",3335,"No"
"D","08/11/2022","06:33:16","Other","Other",2,"No"
"D","08/11/2022","06:33:16","Landfill Gas","Renewables",35,"No"
"D","08/11/2022","06:33:16","Refuse","Renewables",274,"No"
"D","08/11/2022","06:33:16","Solar","Renewables",17,"No"
"D","08/11/2022","06:33:16","Wind","Renewables",30,"No"
"D","08/11/2022","06:33:16","Wood","Renewables",178,"No"
"D","08/11/2022","06:43:07","Hydro","Hydro",396,"No"
"D","08/11/2022","06:43:07","Natural Gas","Natural Gas",7177,"Yes"
"D","08/11/2022","06:43:07","Nuclear","Nuclear",3334,"No"
"D","08/11/2022","06:43:07","Other","Other",5,"No"
"D","08/11/2022","06:43:07","Landfill Gas","Renewables",35,"No"
"D","08/11/2022","06:43:07","Refuse","Renewables",276,"No"
"D","08/11/2022","06:43:07","Solar","Renewables",23,"No"
"D","08/11/2022","06:43:07","Wind","Renewables",34,"No"
"D","08/11/2022","06:43:07","Wood","Renewables",177,"No"
"D","08/11/2022","06:54:30","Hydro","Hydro",397,"No"
"D","08/11/2022","06:54:30","Natural Gas","Natural Gas",7244,"Yes"
"D","08/11/2022","06:54:30","Nuclear","Nuclear",3333,"No"
"D","08/11/2022","06:54:30","Other","Other",3,"No"
"D","08/11/2022","06:54:30","Landfill Gas","Renewables",35,"No"
"D","08/11/2022","06:54:30","Refuse","Renewables",282,"No"
"D","08/11/2022","06:54:30","Solar","Renewables",33,"No"
"D","08/11/2022","06:54:30","Wind","Renewables",36,"No"
"D","08/11/2022","06:54:30","Wood","Renewables",176,"No"
"D","08/11/2022","07:02:18","Hydro","Hydro",414,"No"
"D","08/11/2022","07:02:18","Natural Gas","Natural Gas",7290,"Yes"
"D","08/11/2022","07:02:18","Nuclear","Nuclear",3331,"No"
"D","08/11/2022","07:02:18","Other","Other",6,"No"
"D","08/11/2022","07:02:18","Landfill Gas","Renewables",35,"No"
"D","08/11/2022","07:02:18","Refuse","Renewables",277,"No"
"D","08/11/2022","07:02:18","Solar","Renewables",38,"No"
"D","08/11/2022","07:02:18","Wind","Renewables",33,"No"
"D","08/11/2022","07:02:18","Wood","Renewables",179,"No"
"D","08/11/2022","07:09:26","Hydro","Hydro",421,"No"
"D","08/11/2022","07:09:26","Natural Gas","Natural Gas",7330,"Yes"
"D","08/11/2022","07:09:26","Nuclear","Nuclear",3333,"No"
"D","08/11/2022","07:09:26","Other","Other",18,"No"
"D","08/11/2022","07:09:26","Landfill Gas","Renewables",35,"No"
"D","08/11/2022","07:09:26","Refuse","Renewables",274,"No"
"D","08/11/2022","07:09:26","Solar","Renewables",43,"No"
"D","08/11/2022","07:09:26","Wind","Renewables",30,"No"
"D","08/11/2022","07:09:26","Wood","Renewables",180,"No"
"D","08/11/2022","07:14:05","Hydro","Hydro",419,"No"
"D","08/11/2022","07:14:05","Natural Gas","Natural Gas",7412,"No"
"D","08/11/2022","07:14:05","Nuclear","Nuclear",3333,"No"
"D","08/11/2022","07:14:05","Other","Other",6,"No"
"D","08/11/2022","07:14:05","Landfill Gas","Renewables",35,"No"
"D","08/11/2022","07:14:05","Refuse","Renewables",275,"No"
"D","08/11/2022","07:14:05","Solar","Renewables",43,"No"
"D","08/11/2022","07:14:05","Wind","Renewables",32,"No"
"D","08/11/2022","07:14:05","Wood","Renewables",180,"No"
"D","08/11/2022","07:21:30","Hydro","Hydro",568,"No"
"D","08/11/2022","07:21:30","Natural Gas","Natural Gas",7487,"Yes"
"D","08/11/2022","07:21:30","Nuclear","Nuclear",3331,"No"
"D","08/11/2022","07:21:30","Other","Other",8,"No"
"D","08/11/2022","07:21:30","Landfill Gas","Renewables",35,"No"
"D","08/11/2022","07:21:30","Refuse","Renewables",279,"No"
"D","08/11/2022","07:21:30","Solar","Renewables",53,"No"
"D","08/11/2022","07:21:30","Wind","Renewables",35,"No"
"D","08/11/2022","07:21:30","Wood","Renewables",178,"No"
"D","08/11/2022","07:28:03","Hydro","Hydro",565,"No"
"D","08/11/2022","07:28:03","Natural Gas","Natural Gas",7543,"Yes"
"D","08/11/2022","07:28:03","Nuclear","Nuclear",3331,"No"
"D","08/11/2022","07:28:03","Other","Other",12,"No"
"D","08/11/2022","07:28:03","Landfill Gas","Renewables",35,"No"
"D","08/11/2022","07:28:03","Refuse","Renewables",284,"No"
"D","08/11/2022","07:28:03","Solar","Renewables",63,"No"
"D","08/11/2022","07:28:03","Wind","Renewables",30,"No"
"D","08/11/2022","07:28:03","Wood","Renewables",179,"No"
"D","08/11/2022","07:37:04","Hydro","Hydro",565,"No"
"D","08/11/2022","07:37:04","Natural Gas","Natural Gas",7657,"Yes"
"D","08/11/2022","07:37:04","Nuclear","Nuclear",3331,"No"
"D","08/11/2022","07:37:04","Other","Other",6,"No"
"D","08/11/2022","07:37:04","Landfill Gas","Renewables",35,"No"
"D","08/11/2022","07:37:04","Refuse","Renewables",283,"No"
"D","08/11/2022","07:37:04","Solar","Renewables",73,"No"
"D","08/11/2022","07:37:04","Wind","Renewables",29,"No"
"D","08/11/2022","07:37:04","Wood","Renewables",179,"No"
"D","08/11/2022","07:41:02","Coal","Coal",6,"No"
"D","08/11/2022","07:41:02","Hydro","Hydro",567,"No"
"D","08/11/2022","07:41:02","Natural Gas","Natural Gas",7689,"Yes"
"D","08/11/2022","07:41:02","Nuclear","Nuclear",3331,"No"
"D","08/11/2022","07:41:02","Other","Other",6,"No"
"D","08/11/2022","07:41:02","Landfill Gas","Renewables",35,"No"
"D","08/11/2022","07:41:02","Refuse","Renewables",284,"No"
"D","08/11/2022","07:41:02","Solar","Renewables",64,"No"
"D","08/11/2022","07:41:02","Wind","Renewables",26,"No"
"D","08/11/2022","07:41:02","Wood","Renewables",178,"No"
"D","08/11/2022","07:48:55","Coal","Coal",9,"No"
"D","08/11/2022","07:48:55","Hydro","Hydro",568,"No"
"D","08/11/2022","07:48:55","Natural Gas","Natural Gas",7594,"Yes"
"D","08/11/2022","07:48:55","Nuclear","Nuclear",3330,"No"
"D","08/11/2022","07:48:55","Other","Other",37,"No"
"D","08/11/2022","07:48:55","Landfill Gas","Renewables",35,"No"
"D","08/11/2022","07:48:55","Refuse","Renewables",278,"No"
"D","08/11/2022","07:48:55","Solar","Renewables",71,"No"
"D","08/11/2022","07:48:55","Wind","Renewables",25,"No"
"D","08/11/2022","07:48:55","Wood","Renewables",178,"No"
"D","08/11/2022","07:54:49","Coal","Coal",11,"No"
"D","08/11/2022","07:54:49","Hydro","Hydro",564,"No"
"D","08/11/2022","07:54:49","Natural Gas","Natural Gas",7860,"Yes"
"D","08/11/2022","07:54:49","Nuclear","Nuclear",3330,"No"
"D","08/11/2022","07:54:49","Other","Other",6,"No"
"D","08/11/2022","07:54:49","Landfill Gas","Renewables",35,"No"
"D","08/11/2022","07:54:49","Refuse","Renewables",278,"No"
"D","08/11/2022","07:54:49","Solar","Renewables",70,"No"
"D","08/11/2022","07:54:49","Wind","Renewables",28,"No"
"D","08/11/2022","07:54:49","Wood","Renewables",180,"No"
"D","08/11/2022","08:03:32","Coal","Coal",5,"No"
"D","08/11/2022","08:03:32","Hydro","Hydro",557,"No"
"D","08/11/2022","08:03:32","Natural Gas","Natural Gas",7863,"Yes"
"D","08/11/2022","08:03:32","Nuclear","Nuclear",3331,"No"
"D","08/11/2022","08:03:32","Other","Other",36,"No"
"D","08/11/2022","08:03:32","Landfill Gas","Renewables",35,"No"
"D","08/11/2022","08:03:32","Refuse","Renewables",266,"No"
"D","08/11/2022","08:03:32","Solar","Renewables",78,"No"
"D","08/11/2022","08:03:32","Wind","Renewables",26,"No"
"D","08/11/2022","08:03:32","Wood","Renewables",179,"No"
"D","08/11/2022","08:09:21","Coal","Coal",6,"No"
"D","08/11/2022","08:09:21","Hydro","Hydro",540,"No"
"D","08/11/2022","08:09:21","Natural Gas","Natural Gas",8073,"No"
"D","08/11/2022","08:09:21","Nuclear","Nuclear",3329,"No"
"D","08/11/2022","08:09:21","Other","Other",6,"No"
"D","08/11/2022","08:09:21","Landfill Gas","Renewables",35,"No"
"D","08/11/2022","08:09:21","Refuse","Renewables",261,"No"
"D","08/11/2022","08:09:21","Solar","Renewables",78,"No"
"D","08/11/2022","08:09:21","Wind","Renewables",25,"No"
"D","08/11/2022","08:09:21","Wood","Renewables",178,"No"
"D","08/11/2022","08:15:14","Coal","Coal",2,"No"
"D","08/11/2022","08:15:14","Hydro","Hydro",544,"No"
"D","08/11/2022","08:15:14","Natural Gas","Natural Gas",8173,"Yes"
"D","08/11/2022","08:15:14","Nuclear","Nuclear",3331,"No"
"D","08/11/2022","08:15:14","Other","Other",11,"No"
"D","08/11/2022","08:15:14","Landfill Gas","Renewables",35,"No"
"D","08/11/2022","08:15:14","Refuse","Renewables",267,"No"
"D","08/11/2022","08:15:14","Solar","Renewables",83,"No"
"D","08/11/2022","08:15:14","Wind","Renewables",23,"No"
"D","08/11/2022","08:15:14","Wood","Renewables",180,"No"
"D","08/11/2022","08:22:33","Hydro","Hydro",554,"No"
"D","08/11/2022","08:22:33","Natural Gas","Natural Gas",8388,"Yes"
"D","08/11/2022","08:22:33","Nuclear","Nuclear",3332,"No"
"D","08/11/2022","08:22:33","Other","Other",8,"No"
"D","08/11/2022","08:22:33","Landfill Gas","Renewables",35,"No"
"D","08/11/2022","08:22:33","Refuse","Renewables",273,"No"
"D","08/11/2022","08:22:33","Solar","Renewables",84,"No"
"D","08/11/2022","08:22:33","Wind","Renewables",21,"No"
"D","08/11/2022","08:22:33","Wood","Renewables",183,"No"
"D","08/11/2022","08:30:27","Hydro","Hydro",553,"No"
"D","08/11/2022","08:30:27","Natural Gas","Natural Gas",8557,"Yes"
"D","08/11/2022","08:30:27","Nuclear","Nuclear",3332,"No"
"D","08/11/2022","08:30:27","Other","Other",6,"No"
"D","08/11/2022","08:30:27","Landfill Gas","Renewables",35,"No"
"D","08/11/2022","08:30:27","Refuse","Renewables",270,"No"
"D","08/11/2022","08:30:27","Solar","Renewables",93,"No"
"D","08/11/2022","08:30:27","Wind","Renewables",19,"No"
"D","08/11/2022","08:30:27","Wood","Renewables",183,"No"
"D","08/11/2022","08:39:19","Hydro","Hydro",553,"No"
"D","08/11/2022","08:39:19","Natural Gas","Natural Gas",8532,"Yes"
"D","08/11/2022","08:39:19","Nuclear","Nuclear",3330,"No"
"D","08/11/2022","08:39:19","Other","Other",7,"No"
"D","08/11/2022","08:39:19","Landfill Gas","Renewables",35,"No"
"D","08/11/2022","08:39:19","Refuse","Renewables",272,"No"
"D","08/11/2022","08:39:19","Solar","Renewables",111,"No"
"D","08/11/2022","08:39:19","Wind","Renewables",18,"No"
"D","08/11/2022","08:39:19","Wood","Renewables",184,"No"
"D","08/11/2022","08:47:11","Hydro","Hydro",554,"No"
"D","08/11/2022","08:47:11","Natural Gas","Natural Gas",8555,"Yes"
"D","08/11/2022","08:47:11","Nuclear","Nuclear",3330,"No"
"D","08/11/2022","08:47:11","Other","Other",6,"No"
"D","08/11/2022","08:47:11","Landfill Gas","Renewables",33,"No"
"D","08/11/2022","08:47:11","Refuse","Renewables",271,"No"
"D","08/11/2022","08:47:11","Solar","Renewables",106,"No"
"D","08/11/2022","08:47:11","Wind","Renewables",17,"No"
"D","08/11/2022","08:47:11","Wood","Renewables",184,"No"
"D","08/11/2022","08:52:36","Hydro","Hydro",554,"No"
"D","08/11/2022","08:52:36","Natural Gas","Natural Gas",8490,"Yes"
"D","08/11/2022","08:52:36","Nuclear","Nuclear",3332,"No"
"D","08/11/2022","08:52:36","Other","Other",9,"No"
"D","08/11/2022","08:52:36","Landfill Gas","Renewables",33,"No"
"D","08/11/2022","08:52:36","Refuse","Renewables",272,"No"
"D","08/11/2022","08:52:36","Solar","Renewables",144,"No"
"D","08/11/2022","08:52:36","Wind","Renewables",14,"No"
"D","08/11/2022","08:52:36","Wood","Renewables",186,"No"
"D","08/11/2022","09:01:09","Hydro","Hydro",415,"No"
"D","08/11/2022","09:01:09","Natural Gas","Natural Gas",8559,"Yes"
"D","08/11/2022","09:01:09","Nuclear","Nuclear",3327,"No"
"D","08/11/2022","09:01:09","Other","Other",7,"No"
"D","08/11/2022","09:01:09","Landfill Gas","Renewables",33,"No"
"D","08/11/2022","09:01:09","Refuse","Renewables",273,"No"
"D","08/11/2022","09:01:09","Solar","Renewables",153,"No"
"D","08/11/2022","09:01:09","Wind","Renewables",12,"No"
"D","08/11/2022","09:01:09","Wood","Renewables",187,"No"
"D","08/11/2022","09:05:22","Hydro","Hydro",416,"No"
"D","08/11/2022","09:05:22","Natural Gas","Natural Gas",8648,"Yes"
"D","08/11/2022","09:05:22","Nuclear","Nuclear",3326,"No"
"D","08/11/2022","09:05:22","Other","Other",7,"No"
"D","08/11/2022","09:05:22","Landfill Gas","Renewables",33,"No"
"D","08/11/2022","09:05:22","Refuse","Renewables",273,"No"
"D","08/11/2022","09:05:22","Solar","Renewables",182,"No"
"D","08/11/2022","09:05:22","Wind","Renewables",12,"No"
"D","08/11/2022","09:05:22","Wood","Renewables",185,"No"
"D","08/11/2022","09:13:31","Hydro","Hydro",418,"No"
"D","08/11/2022","09:13:31","Natural Gas","Natural Gas",8565,"Yes"
"D","08/11/2022","09:13:31","Nuclear","Nuclear",3329,"No"
"D","08/11/2022","09:13:31","Other","Other",9,"No"
"D","08/11/2022","09:13:31","Landfill Gas","Renewables",33,"No"
"D","08/11/2022","09:13:31","Refuse","Renewables",273,"No"
"D","08/11/2022","09:13:31","Solar","Renewables",182,"No"
"D","08/11/2022","09:13:31","Wind","Renewables",10,"No"
"D","08/11/2022","09:13:31","Wood","Renewables",183,"No"
"D","08/11/2022","09:19:15","Hydro","Hydro",423,"No"
"D","08/11/2022","09:19:15","Natural Gas","Natural Gas",8538,"Yes"
"D","08/11/2022","09:19:15","Nuclear","Nuclear",3327,"No"
"D","08/11/2022","09:19:15","Other","Other",15,"No"
"D","08/11/2022","09:19:15","Landfill Gas","Renewables",33,"No"
"D","08/11/2022","09:19:15","Refuse","Renewables",276,"No"
"D","08/11/2022","09:19:15","Solar","Renewables",180,"No"
"D","08/11/2022","09:19:15","Wind","Renewables",11,"No"
"D","08/11/2022","09:19:15","Wood","Renewables",184,"No"
"D","08/11/2022","09:23:23","Hydro","Hydro",427,"No"
"D","08/11/2022","09:23:23","Natural Gas","Natural Gas",8508,"Yes"
"D","08/11/2022","09:23:23","Nuclear","Nuclear",3327,"No"
"D","08/11/2022","09:23:23","Other","Other",9,"No"
"D","08/11/2022","09:23:23","Landfill Gas","Renewables",33,"No"
"D","08/11/2022","09:23:23","Refuse","Renewables",273,"No"
"D","08/11/2022","09:23:23","Solar","Renewables",186,"No"
"D","08/11/2022","09:23:23","Wind","Renewables",10,"No"
"D","08/11/2022","09:23:23","Wood","Renewables",179,"No"
"D","08/11/2022","09:32:51","Hydro","Hydro",424,"No"
"D","08/11/2022","09:32:51","Natural Gas","Natural Gas",8591,"Yes"
"D","08/11/2022","09:32:51","Nuclear","Nuclear",3328,"No"
"D","08/11/2022","09:32:51","Other","Other",3,"No"
"D","08/11/2022","09:32:51","Landfill Gas","Renewables",33,"No"
"D","08/11/2022","09:32:51","Refuse","Renewables",279,"No"
"D","08/11/2022","09:32:51","Solar","Renewables",220,"No"
"D","08/11/2022","09:32:51","Wind","Renewables",12,"No"
"D","08/11/2022","09:32:51","Wood","Renewables",184,"No"
"D","08/11/2022","09:38:26","Hydro","Hydro",415,"No"
"D","08/11/2022","09:38:26","Natural Gas","Natural Gas",8636,"Yes"
"D","08/11/2022","09:38:26","Nuclear","Nuclear",3327,"No"
"D","08/11/2022","09:38:26","Other","Other",3,"No"
"D","08/11/2022","09:38:26","Landfill Gas","Renewables",33,"No"
"D","08/11/2022","09:38:26","Refuse","Renewables",279,"No"
"D","08/11/2022","09:38:26","Solar","Renewables",241,"No"
"D","08/11/2022","09:38:26","Wind","Renewables",14,"No"
"D","08/11/2022","09:38:26","Wood","Renewables",180,"No"
"D","08/11/2022","09:48:28","Hydro","Hydro",415,"No"
"D","08/11/2022","09:48:28","Natural Gas","Natural Gas",8825,"Yes"
"D","08/11/2022","09:48:28","Nuclear","Nuclear",3327,"No"
"D","08/11/2022","09:48:28","Other","Other",3,"No"
"D","08/11/2022","09:48:28","Landfill Gas","Renewables",33,"No"
"D","08/11/2022","09:48:28","Refuse","Renewables",272,"No"
"D","08/11/2022","09:48:28","Solar","Renewables",206,"No"
"D","08/11/2022","09:48:28","Wind","Renewables",14,"No"
"D","08/11/2022","09:48:28","Wood","Renewables",179,"No"
"D","08/11/2022","09:50:58","Hydro","Hydro",418,"No"
"D","08/11/2022","09:50:58","Natural Gas","Natural Gas",8844,"Yes"
"D","08/11/2022","09:50:58","Nuclear","Nuclear",3326,"No"
"D","08/11/2022","09:50:58","Other","Other",2,"No"
"D","08/11/2022","09:50:58","Landfill Gas","Renewables",33,"No"
"D","08/11/2022","09:50:58","Refuse","Renewables",273,"No"
"D","08/11/2022","09:50:58","Solar","Renewables",207,"No"
"D","08/11/2022","09:50:58","Wind","Renewables",13,"No"
"D","08/11/2022","09:50:58","Wood","Renewables",180,"No"
"D","08/11/2022","09:55:16","Hydro","Hydro",408,"No"
"D","08/11/2022","09:55:16","Natural Gas","Natural Gas",8807,"Yes"
"D","08/11/2022","09:55:16","Nuclear","Nuclear",3327,"No"
"D","08/11/2022","09:55:16","Other","Other",14,"No"
"D","08/11/2022","09:55:16","Landfill Gas","Renewables",33,"No"
"D","08/11/2022","09:55:16","Refuse","Renewables",278,"No"
"D","08/11/2022","09:55:16","Solar","Renewables",225,"No"
"D","08/11/2022","09:55:16","Wind","Renewables",13,"No"
"D","08/11/2022","09:55:16","Wood","Renewables",178,"No"
"D","08/11/2022","10:01:29","Hydro","Hydro",458,"No"
"D","08/11/2022","10:01:29","Natural Gas","Natural Gas",8803,"Yes"
"D","08/11/2022","10:01:29","Nuclear","Nuclear",3327,"No"
"D","08/11/2022","10:01:29","Other","Other",5,"No"
"D","08/11/2022","10:01:29","Landfill Gas","Renewables",33,"No"
"D","08/11/2022","10:01:29","Refuse","Renewables",275,"No"
"D","08/11/2022","10:01:29","Solar","Renewables",253,"No"
"D","08/11/2022","10:01:29","Wind","Renewables",13,"No"
"D","08/11/2022","10:01:29","Wood","Renewables",176,"No"
"D","08/11/2022","10:07:59","Hydro","Hydro",447,"No"
"D","08/11/2022","10:07:59","Natural Gas","Natural Gas",8866,"Yes"
"D","08/11/2022","10:07:59","Nuclear","Nuclear",3329,"No"
"D","08/11/2022","10:07:59","Other","Other",4,"No"
"D","08/11/2022","10:07:59","Landfill Gas","Renewables",33,"No"
"D","08/11/2022","10:07:59","Refuse","Renewables",284,"No"
"D","08/11/2022","10:07:59","Solar","Renewables",245,"No"
"D","08/11/2022","10:07:59","Wind","Renewables",13,"No"
"D","08/11/2022","10:07:59","Wood","Renewables",178,"No"
"D","08/11/2022","10:14:28","Hydro","Hydro",446,"No"
"D","08/11/2022","10:14:28","Natural Gas","Natural Gas",9020,"Yes"
"D","08/11/2022","10:14:28","Nuclear","Nuclear",3326,"No"
"D","08/11/2022","10:14:28","Other","Other",3,"No"
"D","08/11/2022","10:14:28","Landfill Gas","Renewables",33,"No"
"D","08/11/2022","10:14:28","Refuse","Renewables",281,"No"
"D","08/11/2022","10:14:28","Solar","Renewables",253,"No"
"D","08/11/2022","10:14:28","Wind","Renewables",15,"No"
"D","08/11/2022","10:14:28","Wood","Renewables",178,"No"
"D","08/11/2022","10:21:55","Hydro","Hydro",446,"No"
"D","08/11/2022","10:21:55","Natural Gas","Natural Gas",8941,"Yes"
"D","08/11/2022","10:21:55","Nuclear","Nuclear",3326,"No"
"D","08/11/2022","10:21:55","Other","Other",9,"No"
"D","08/11/2022","10:21:55","Landfill Gas","Renewables",33,"No"
"D","08/11/2022","10:21:55","Refuse","Renewables",279,"No"
"D","08/11/2022","10:21:55","Solar","Renewables",244,"No"
"D","08/11/2022","10:21:55","Wind","Renewables",17,"No"
"D","08/11/2022","10:21:55","Wood","Renewables",179,"No"
"D","08/11/2022","10:27:22","Hydro","Hydro",448,"No"
"D","08/11/2022","10:27:22","Natural Gas","Natural Gas",9069,"Yes"
"D","08/11/2022","10:27:22","Nuclear","Nuclear",3327,"No"
"D","08/11/2022","10:27:22","Other","Other",3,"No"
"D","08/11/2022","10:27:22","Landfill Gas","Renewables",33,"No"
"D","08/11/2022","10:27:22","Refuse","Renewables",275,"No"
"D","08/11/2022","10:27:22","Solar","Renewables",242,"No"
"D","08/11/2022","10:27:22","Wind","Renewables",17,"No"
"D","08/11/2022","10:27:22","Wood","Renewables",174,"No"
"D","08/11/2022","10:32:30","Hydro","Hydro",448,"No"
"D","08/11/2022","10:32:30","Natural Gas","Natural Gas",9111,"Yes"
"D","08/11/2022","10:32:30","Nuclear","Nuclear",3327,"No"
"D","08/11/2022","10:32:30","Other","Other",4,"No"
"D","08/11/2022","10:32:30","Landfill Gas","Renewables",34,"No"
"D","08/11/2022","10:32:30","Refuse","Renewables",275,"No"
"D","08/11/2022","10:32:30","Solar","Renewables",234,"No"
"D","08/11/2022","10:32:30","Wind","Renewables",18,"No"
"D","08/11/2022","10:32:30","Wood","Renewables",176,"No"
"D","08/11/2022","10:41:46","Hydro","Hydro",449,"No"
"D","08/11/2022","10:41:46","Natural Gas","Natural Gas",9180,"Yes"
"D","08/11/2022","10:41:46","Nuclear","Nuclear",3328,"No"
"D","08/11/2022","10:41:46","Other","Other",3,"No"
"D","08/11/2022","10:41:46","Landfill Gas","Renewables",33,"No"
"D","08/11/2022","10:41:46","Refuse","Renewables",278,"No"
"D","08/11/2022","10:41:46","Solar","Renewables",230,"No"
"D","08/11/2022","10:41:46","Wind","Renewables",16,"No"
"D","08/11/2022","10:41:46","Wood","Renewables",174,"No"
"D","08/11/2022","10:50:35","Hydro","Hydro",447,"No"
"D","08/11/2022","10:50:35","Natural Gas","Natural Gas",9336,"Yes"
"D","08/11/2022","10:50:35","Nuclear","Nuclear",3330,"No"
"D","08/11/2022","10:50:35","Other","Other",3,"No"
"D","08/11/2022","10:50:35","Landfill Gas","Renewables",33,"No"
"D","08/11/2022","10:50:35","Refuse","Renewables",280,"No"
"D","08/11/2022","10:50:35","Solar","Renewables",232,"No"
"D","08/11/2022","10:50:35","Wind","Renewables",21,"No"
"D","08/11/2022","10:50:35","Wood","Renewables",172,"No"
"D","08/11/2022","10:56:00","Hydro","Hydro",446,"No"
"D","08/11/2022","10:56:00","Natural Gas","Natural Gas",9516,"Yes"
"D","08/11/2022","10:56:00","Nuclear","Nuclear",3330,"No"
"D","08/11/2022","10:56:00","Other","Other",3,"No"
"D","08/11/2022","10:56:00","Landfill Gas","Renewables",33,"No"
"D","08/11/2022","10:56:00","Refuse","Renewables",278,"No"
"D","08/11/2022","10:56:00","Solar","Renewables",253,"No"
"D","08/11/2022","10:56:00","Wind","Renewables",23,"No"
"D","08/11/2022","10:56:00","Wood","Renewables",173,"No"
"D","08/11/2022","11:01:08","Hydro","Hydro",450,"No"
"D","08/11/2022","11:01:08","Natural Gas","Natural Gas",9543,"Yes"
"D","08/11/2022","11:01:08","Nuclear","Nuclear",3329,"No"
"D","08/11/2022","11:01:08","Other","Other",13,"No"
"D","08/11/2022","11:01:08","Landfill Gas","Renewables",33,"No"
"D","08/11/2022","11:01:08","Refuse","Renewables",273,"No"
"D","08/11/2022","11:01:08","Solar","Renewables",266,"No"
"D","08/11/2022","11:01:08","Wind","Renewables",22,"No"
"D","08/11/2022","11:01:08","Wood","Renewables",170,"No"
"D","08/11/2022","11:07:39","Hydro","Hydro",460,"No"
"D","08/11/2022","11:07:39","Natural Gas","Natural Gas",9686,"Yes"
"D","08/11/2022","11:07:39","Nuclear","Nuclear",3328,"No"
"D","08/11/2022","11:07:39","Other","Other",7,"No"
"D","08/11/2022","11:07:39","Landfill Gas","Renewables",33,"No"
"D","08/11/2022","11:07:39","Refuse","Renewables",271,"No"
"D","08/11/2022","11:07:39","Solar","Renewables",273,"No"
"D","08/11/2022","11:07:39","Wind","Renewables",23,"No"
"D","08/11/2022","11:07:39","Wood","Renewables",169,"No"
"D","08/11/2022","11:13:33","Hydro","Hydro",463,"No"
"D","08/11/2022","11:13:33","Natural Gas","Natural Gas",9693,"Yes"
"D","08/11/2022","11:13:33","Nuclear","Nuclear",3329,"No"
"D","08/11/2022","11:13:33","Other","Other",10,"No"
"D","08/11/2022","11:13:33","Landfill Gas","Renewables",34,"No"
"D","08/11/2022","11:13:33","Refuse","Renewables",273,"No"
"D","08/11/2022","11:13:33","Solar","Renewables",279,"No"
"D","08/11/2022","11:13:33","Wind","Renewables",23,"No"
"D","08/11/2022","11:13:33","Wood","Renewables",169,"No"
"D","08/11/2022","11:20:24","Hydro","Hydro",462,"No"
"D","08/11/2022","11:20:24","Natural Gas","Natural Gas",9641,"Yes"
"D","08/11/2022","11:20:24","Nuclear","Nuclear",3329,"No"
"D","08/11/2022","11:20:24","Other","Other",4,"No"
"D","08/11/2022","11:20:24","Landfill Gas","Renewables",33,"No"
"D","08/11/2022","11:20:24","Refuse","Renewables",272,"No"
"D","08/11/2022","11:20:24","Solar","Renewables",267,"No"
"D","08/11/2022","11:20:24","Wind","Renewables",27,"No"
"D","08/11/2022","11:20:24","Wood","Renewables",171,"No"
"D","08/11/2022","11:31:14","Coal","Coal",3,"No"
"D","08/11/2022","11:31:14","Hydro","Hydro",459,"No"
"D","08/11/2022","11:31:14","Natural Gas","Natural Gas",9711,"Yes"
"D","08/11/2022","11:31:14","Nuclear","Nuclear",3327,"No"
"D","08/11/2022","11:31:14","Other","Other",3,"No"
"D","08/11/2022","11:31:14","Landfill Gas","Renewables",32,"No"
"D","08/11/2022","11:31:14","Refuse","Renewables",273,"No"
"D","08/11/2022","11:31:14","Solar","Renewables",276,"No"
"D","08/11/2022","11:31:14","Wind","Renewables",34,"No"
"D","08/11/2022","11:31:14","Wood","Renewables",169,"No"
"D","08/11/2022","11:43:41","Coal","Coal",1,"No"
"D","08/11/2022","11:43:41","Hydro","Hydro",464,"No"
"D","08/11/2022","11:43:41","Natural Gas","Natural Gas",9733,"Yes"
"D","08/11/2022","11:43:41","Nuclear","Nuclear",3327,"No"
"D","08/11/2022","11:43:41","Other","Other",3,"No"
"D","08/11/2022","11:43:41","Landfill Gas","Renewables",32,"No"
"D","08/11/2022","11:43:41","Refuse","Renewables",276,"No"
"D","08/11/2022","11:43:41","Solar","Renewables",305,"No"
"D","08/11/2022","11:43:41","Wind","Renewables",28,"No"
"D","08/11/2022","11:43:41","Wood","Renewables",170,"No"
"D","08/11/2022","11:48:35","Hydro","Hydro",466,"No"
"D","08/11/2022","11:48:35","Natural Gas","Natural Gas",9753,"Yes"
"D","08/11/2022","11:48:35","Nuclear","Nuclear",3327,"No"
"D","08/11/2022","11:48:35","Other","Other",4,"No"
"D","08/11/2022","11:48:35","Landfill Gas","Renewables",32,"No"
"D","08/11/2022","11:48:35","Refuse","Renewables",272,"No"
"D","08/11/2022","11:48:35","Solar","Renewables",298,"No"
"D","08/11/2022","11:48:35","Wind","Renewables",28,"No"
"D","08/11/2022","11:48:35","Wood","Renewables",171,"No"
"D","08/11/2022","11:54:08","Coal","Coal",0,"No"
"D","08/11/2022","11:54:08","Hydro","Hydro",467,"No"
"D","08/11/2022","11:54:08","Natural Gas","Natural Gas",9564,"Yes"
"D","08/11/2022","11:54:08","Nuclear","Nuclear",3328,"No"
"D","08/11/2022","11:54:08","Other","Other",37,"No"
"D","08/11/2022","11:54:08","Landfill Gas","Renewables",32,"No"
"D","08/11/2022","11:54:08","Refuse","Renewables",275,"No"
"D","08/11/2022","11:54:08","Solar","Renewables",336,"No"
"D","08/11/2022","11:54:08","Wind","Renewables",26,"No"
"D","08/11/2022","11:54:08","Wood","Renewables",171,"No"
"D","08/11/2022","11:59:04","Hydro","Hydro",465,"No"
"D","08/11/2022","11:59:04","Natural Gas","Natural Gas",9686,"Yes"
"D","08/11/2022","11:59:04","Nuclear","Nuclear",3327,"No"
"D","08/11/2022","11:59:04","Other","Other",2,"No"
"D","08/11/2022","11:59:04","Landfill Gas","Renewables",32,"No"
"D","08/11/2022","11:59:04","Refuse","Renewables",272,"No"
"D","08/11/2022","11:59:04","Solar","Renewables",356,"No"
"D","08/11/2022","11:59:04","Wind","Renewables",30,"No"
"D","08/11/2022","11:59:04","Wood","Renewables",170,"No"
"D","08/11/2022","12:07:25","Coal","Coal",2,"No"
"D","08/11/2022","12:07:25","Hydro","Hydro",468,"No"
"D","08/11/2022","12:07:25","Natural Gas","Natural Gas",9983,"Yes"
"D","08/11/2022","12:07:25","Nuclear","Nuclear",3327,"No"
"D","08/11/2022","12:07:25","Other","Other",8,"No"
"D","08/11/2022","12:07:25","Landfill Gas","Renewables",32,"No"
"D","08/11/2022","12:07:25","Refuse","Renewables",269,"No"
"D","08/11/2022","12:07:25","Solar","Renewables",341,"No"
"D","08/11/2022","12:07:25","Wind","Renewables",29,"No"
"D","08/11/2022","12:07:25","Wood","Renewables",171,"No"
"D","08/11/2022","12:17:29","Hydro","Hydro",464,"No"
"D","08/11/2022","12:17:29","Natural Gas","Natural Gas",10052,"Yes"
"D","08/11/2022","12:17:29","Nuclear","Nuclear",3327,"No"
"D","08/11/2022","12:17:29","Oil","Oil",2,"No"
"D","08/11/2022","12:17:29","Other","Other",2,"No"
"D","08/11/2022","12:17:29","Landfill Gas","Renewables",32,"No"
"D","08/11/2022","12:17:29","Refuse","Renewables",272,"No"
"D","08/11/2022","12:17:29","Solar","Renewables",327,"No"
"D","08/11/2022","12:17:29","Wind","Renewables",28,"No"
"D","08/11/2022","12:17:29","Wood","Renewables",170,"No"
"D","08/11/2022","12:24:03","Hydro","Hydro",465,"No"
"D","08/11/2022","12:24:03","Natural Gas","Natural Gas",10117,"Yes"
"D","08/11/2022","12:24:03","Nuclear","Nuclear",3326,"No"
"D","08/11/2022","12:24:03","Oil","Oil",3,"No"
"D","08/11/2022","12:24:03","Other","Other",5,"No"
"D","08/11/2022","12:24:03","Landfill Gas","Renewables",33,"No"
"D","08/11/2022","12:24:03","Refuse","Renewables",276,"No"
"D","08/11/2022","12:24:03","Solar","Renewables",318,"No"
"D","08/11/2022","12:24:03","Wind","Renewables",27,"No"
"D","08/11/2022","12:24:03","Wood","Renewables",169,"No"
"D","08/11/2022","12:33:30","Coal","Coal",1,"No"
"D","08/11/2022","12:33:30","Hydro","Hydro",464,"No"
"D","08/11/2022","12:33:30","Natural Gas","Natural Gas",10273,"Yes"
"D","08/11/2022","12:33:30","Nuclear","Nuclear",3326,"No"
"D","08/11/2022","12:33:30","Oil","Oil",3,"No"
"D","08/11/2022","12:33:30","Other","Other",2,"No"
"D","08/11/2022","12:33:30","Landfill Gas","Renewables",33,"No"
"D","08/11/2022","12:33:30","Refuse","Renewables",271,"No"
"D","08/11/2022","12:33:30","Solar","Renewables",316,"No"
"D","08/11/2022","12:33:30","Wind","Renewables",38,"No"
"D","08/11/2022","12:33:30","Wood","Renewables",170,"No"
"D","08/11/2022","12:38:29","Coal","Coal",1,"No"
"D","08/11/2022","12:38:29","Hydro","Hydro",466,"No"
"D","08/11/2022","12:38:29","Natural Gas","Natural Gas",10264,"Yes"
"D","08/11/2022","12:38:29","Nuclear","Nuclear",3327,"No"
"D","08/11/2022","12:38:29","Oil","Oil",3,"No"
"D","08/11/2022","12:38:29","Other","Other",14,"No"
"D","08/11/2022","12:38:29","Landfill Gas","Renewables",34,"No"
"D","08/11/2022","12:38:29","Refuse","Renewables",267,"No"
"D","08/11/2022","12:38:29","Solar","Renewables",321,"No"
"D","08/11/2022","12:38:29","Wind","Renewables",37,"No"
"D","08/11/2022","12:38:29","Wood","Renewables",168,"No"
"D","08/11/2022","12:45:23","Coal","Coal",1,"No"
"D","08/11/2022","12:45:23","Hydro","Hydro",467,"No"
"D","08/11/2022","12:45:23","Natural Gas","Natural Gas",10246,"Yes"
"D","08/11/2022","12:45:23","Nuclear","Nuclear",3327,"No"
"D","08/11/2022","12:45:23","Oil","Oil",3,"No"
"D","08/11/2022","12:45:23","Other","Other",4,"No"
"D","08/11/2022","12:45:23","Landfill Gas","Renewables",34,"No"
"D","08/11/2022","12:45:23","Refuse","Renewables",271,"No"
"D","08/11/2022","12:45:23","Solar","Renewables",330,"No"
"D","08/11/2022","12:45:23","Wind","Renewables",33,"No"
"D","08/11/2022","12:45:23","Wood","Renewables",170,"No"
"D","08/11/2022","12:53:51","Hydro","Hydro",467,"No"
"D","08/11/2022","12:53:51","Natural Gas","Natural Gas",10308,"Yes"
"D","08/11/2022","12:53:51","Nuclear","Nuclear",3327,"No"
"D","08/11/2022","12:53:51","Oil","Oil",3,"No"
"D","08/11/2022","12:53:51","Other","Other",2,"No"
"D","08/11/2022","12:53:51","Landfill Gas","Renewables",34,"No"
"D","08/11/2022","12:53:51","Refuse","Renewables",268,"No"
"D","08/11/2022","12:53:51","Solar","Renewables",327,"No"
"D","08/11/2022","12:53:51","Wind","Renewables",41,"No"
"D","08/11/2022","12:53:51","Wood","Renewables",170,"No"
"D","08/11/2022","13:01:16","Coal","Coal",3,"No"
"D","08/11/2022","13:01:16","Hydro","Hydro",466,"No"
"D","08/11/2022","13:01:16","Natural Gas","Natural Gas",10328,"Yes"
"D","08/11/2022","13:01:16","Nuclear","Nuclear",3327,"No"
"D","08/11/2022","13:01:16","Oil","Oil",3,"No"
"D","08/11/2022","13:01:16","Other","Other",3,"No"
"D","08/11/2022","13:01:16","Landfill Gas","Renewables",35,"No"
"D","08/11/2022","13:01:16","Refuse","Renewables",271,"No"
"D","08/11/2022","13:01:16","Solar","Renewables",323,"No"
"D","08/11/2022","13:01:16","Wind","Renewables",36,"No"
"D","08/11/2022","13:01:16","Wood","Renewables",169,"No"
"D","08/11/2022","13:08:30","Coal","Coal",2,"No"
"D","08/11/2022","13:08:30","Hydro","Hydro",508,"No"
"D","08/11/2022","13:08:30","Natural Gas","Natural Gas",10268,"Yes"
"D","08/11/2022","13:08:30","Nuclear","Nuclear",3331,"No"
"D","08/11/2022","13:08:30","Oil","Oil",3,"No"
"D","08/11/2022","13:08:30","Other","Other",3,"No"
"D","08/11/2022","13:08:30","Landfill Gas","Renewables",35,"No"
"D","08/11/2022","13:08:30","Refuse","Renewables",268,"No"
"D","08/11/2022","13:08:30","Solar","Renewables",363,"No"
"D","08/11/2022","13:08:30","Wind","Renewables",39,"No"
"D","08/11/2022","13:08:30","Wood","Renewables",170,"No"
"D","08/11/2022","13:16:01","Coal","Coal",2,"No"
"D","08/11/2022","13:16:01","Hydro","Hydro",510,"No"
"D","08/11/2022","13:16:01","Natural Gas","Natural Gas",10371,"Yes"
"D","08/11/2022","13:16:01","Nuclear","Nuclear",3331,"No"
"D","08/11/2022","13:16:01","Oil","Oil",3,"No"
"D","08/11/2022","13:16:01","Other","Other",3,"No"
"D","08/11/2022","13:16:01","Landfill Gas","Renewables",35,"No"
"D","08/11/2022","13:16:01","Refuse","Renewables",269,"No"
"D","08/11/2022","13:16:01","Solar","Renewables",350,"No"
"D","08/11/2022","13:16:01","Wind","Renewables",41,"No"
"D","08/11/2022","13:16:01","Wood","Renewables",169,"No"
"D","08/11/2022","13:21:34","Coal","Coal",1,"No"
"D","08/11/2022","13:21:34","Hydro","Hydro",507,"No"
"D","08/11/2022","13:21:34","Natural Gas","Natural Gas",10298,"Yes"
"D","08/11/2022","13:21:34","Nuclear","Nuclear",3329,"No"
"D","08/11/2022","13:21:34","Oil","Oil",3,"No"
"D","08/11/2022","13:21:34","Other","Other",8,"No"
"D","08/11/2022","13:21:34","Landfill Gas","Renewables",35,"No"
"D","08/11/2022","13:21:34","Refuse","Renewables",270,"No"
"D","08/11/2022","13:21:34","Solar","Renewables",357,"No"
"D","08/11/2022","13:21:34","Wind","Renewables",47,"No"
"D","08/11/2022","13:21:34","Wood","Renewables",167,"No"
"D","08/11/2022","13:27:43","Hydro","Hydro",507,"No"
"D","08/11/2022","13:27:43","Natural Gas","Natural Gas",10295,"Yes"
"D","08/11/2022","13:27:43","Nuclear","Nuclear",3331,"No"
"D","08/11/2022","13:27:43","Oil","Oil",3,"No"
"D","08/11/2022","13:27:43","Other","Other",9,"No"
"D","08/11/2022","13:27:43","Landfill Gas","Renewables",35,"No"
"D","08/11/2022","13:27:43","Refuse","Renewables",271,"No"
"D","08/11/2022","13:27:43","Solar","Renewables",370,"No"
"D","08/11/2022","13:27:43","Wind","Renewables",47,"No"
"D","08/11/2022","13:27:43","Wood","Renewables",168,"No"
"D","08/11/2022","13:36:58","Coal","Coal",0,"No"
"D","08/11/2022","13:36:58","Hydro","Hydro",504,"No"
"D","08/11/2022","13:36:58","Natural Gas","Natural Gas",10404,"Yes"
"D","08/11/2022","13:36:58","Nuclear","Nuclear",3334,"No"
"D","08/11/2022","13:36:58","Oil","Oil",3,"No"
"D","08/11/2022","13:36:58","Other","Other",3,"No"
"D","08/11/2022","13:36:58","Landfill Gas","Renewables",35,"No"
"D","08/11/2022","13:36:58","Refuse","Renewables",272,"No"
"D","08/11/2022","13:36:58","Solar","Renewables",359,"No"
"D","08/11/2022","13:36:58","Wind","Renewables",40,"No"
"D","08/11/2022","13:36:58","Wood","Renewables",169,"No"
"D","08/11/2022","13:45:36","Hydro","Hydro",504,"No"
"D","08/11/2022","13:45:36","Natural Gas","Natural Gas",10472,"Yes"
"D","08/11/2022","13:45:36","Nuclear","Nuclear",3334,"No"
"D","08/11/2022","13:45:36","Oil","Oil",3,"No"
"D","08/11/2022","13:45:36","Other","Other",3,"No"
"D","08/11/2022","13:45:36","Landfill Gas","Renewables",35,"No"
"D","08/11/2022","13:45:36","Refuse","Renewables",269,"No"
"D","08/11/2022","13:45:36","Solar","Renewables",361,"No"
"D","08/11/2022","13:45:36","Wind","Renewables",44,"No"
"D","08/11/2022","13:45:36","Wood","Renewables",170,"No"
"D","08/11/2022","13:52:27","Hydro","Hydro",506,"No"
"D","08/11/2022","13:52:27","Natural Gas","Natural Gas",10551,"Yes"
"D","08/11/2022","13:52:27","Nuclear","Nuclear",3332,"No"
"D","08/11/2022","13:52:27","Oil","Oil",3,"No"
"D","08/11/2022","13:52:27","Other","Other",3,"No"
"D","08/11/2022","13:52:27","Landfill Gas","Renewables",35,"No"
"D","08/11/2022","13:52:27","Refuse","Renewables",277,"No"
"D","08/11/2022","13:52:27","Solar","Renewables",310,"No"
"D","08/11/2022","13:52:27","Wind","Renewables",47,"No"
"D","08/11/2022","13:52:27","Wood","Renewables",168,"No"
"D","08/11/2022","13:57:21","Coal","Coal",2,"No"
"D","08/11/2022","13:57:21","Hydro","Hydro",504,"No"
"D","08/11/2022","13:57:21","Natural Gas","Natural Gas",10545,"Yes"
"D","08/11/2022","13:57:21","Nuclear","Nuclear",3332,"No"
"D","08/11/2022","13:57:21","Oil","Oil",3,"No"
"D","08/11/2022","13:57:21","Other","Other",4,"No"
"D","08/11/2022","13:57:21","Landfill Gas","Renewables",35,"No"
"D","08/11/2022","13:57:21","Refuse","Renewables",272,"No"
"D","08/11/2022","13:57:21","Solar","Renewables",349,"No"
"D","08/11/2022","13:57:21","Wind","Renewables",49,"No"
"D","08/11/2022","13:57:21","Wood","Renewables",170,"No"
"D","08/11/2022","14:04:04","Hydro","Hydro",490,"No"
"D","08/11/2022","14:04:04","Natural Gas","Natural Gas",10552,"Yes"
"D","08/11/2022","14:04:04","Nuclear","Nuclear",3334,"No"
"D","08/11/2022","14:04:04","Oil","Oil",3,"No"
"D","08/11/2022","14:04:04","Other","Other",16,"No"
"D","08/11/2022","14:04:04","Landfill Gas","Renewables",35,"No"
"D","08/11/2022","14:04:04","Refuse","Renewables",275,"No"
"D","08/11/2022","14:04:04","Solar","Renewables",338,"No"
"D","08/11/2022","14:04:04","Wind","Renewables",49,"No"
"D","08/11/2022","14:04:04","Wood","Renewables",169,"No"
"D","08/11/2022","14:06:54","Hydro","Hydro",492,"No"
"D","08/11/2022","14:06:54","Natural Gas","Natural Gas",10565,"Yes"
"D","08/11/2022","14:06:54","Nuclear","Nuclear",3336,"No"
"D","08/11/2022","14:06:54","Oil","Oil",3,"No"
"D","08/11/2022","14:06:54","Other","Other",23,"No"
"D","08/11/2022","14:06:54","Landfill Gas","Renewables",35,"No"
"D","08/11/2022","14:06:54","Refuse","Renewables",269,"No"
"D","08/11/2022","14:06:54","Solar","Renewables",368,"No"
"D","08/11/2022","14:06:54","Wind","Renewables",49,"No"
"D","08/11/2022","14:06:54","Wood","Renewables",170,"No"
"D","08/11/2022","14:13:00","Hydro","Hydro",494,"No"
"D","08/11/2022","14:13:00","Natural Gas","Natural Gas",10691,"Yes"
"D","08/11/2022","14:13:00","Nuclear","Nuclear",3334,"No"
"D","08/11/2022","14:13:00","Oil","Oil",3,"No"
"D","08/11/2022","14:13:00","Other","Other",10,"No"
"D","08/11/2022","14:13:00","Landfill Gas","Renewables",35,"No"
"D","08/11/2022","14:13:00","Refuse","Renewables",270,"No"
"D","08/11/2022","14:13:00","Solar","Renewables",353,"No"
"D","08/11/2022","14:13:00","Wind","Renewables",44,"No"
"D","08/11/2022","14:13:00","Wood","Renewables",167,"No"
"D","08/11/2022","14:15:33","Hydro","Hydro",497,"No"
"D","08/11/2022","14:15:33","Natural Gas","Natural Gas",10736,"Yes"
"D","08/11/2022","14:15:33","Nuclear","Nuclear",3334,"No"
"D","08/11/2022","14:15:33","Oil","Oil",3,"No"
"D","08/11/2022","14:15:33","Other","Other",7,"No"
"D","08/11/2022","14:15:33","Landfill Gas","Renewables",35,"No"
"D","08/11/2022","14:15:33","Refuse","Renewables",265,"No"
"D","08/11/2022","14:15:33","Solar","Renewables",327,"No"
"D","08/11/2022","14:15:33","Wind","Renewables",40,"No"
"D","08/11/2022","14:15:33","Wood","Renewables",169,"No"
"D","08/11/2022","14:23:01","Hydro","Hydro",501,"No"
"D","08/11/2022","14:23:01","Natural Gas","Natural Gas",11126,"Yes"
"D","08/11/2022","14:23:01","Nuclear","Nuclear",3335,"No"
"D","08/11/2022","14:23:01","Oil","Oil",3,"No"
"D","08/11/2022","14:23:01","Other","Other",3,"No"
"D","08/11/2022","14:23:01","Landfill Gas","Renewables",35,"No"
"D","08/11/2022","14:23:01","Refuse","Renewables",266,"No"
"D","08/11/2022","14:23:01","Solar","Renewables",338,"No"
"D","08/11/2022","14:23:01","Wind","Renewables",46,"No"
"D","08/11/2022","14:23:01","Wood","Renewables",168,"No"
"D","08/11/2022","14:27:34","Hydro","Hydro",500,"No"
"D","08/11/2022","14:27:34","Natural Gas","Natural Gas",11201,"Yes"
"D","08/11/2022","14:27:34","Nuclear","Nuclear",3333,"No"
"D","08/11/2022","14:27:34","Oil","Oil",3,"No"
"D","08/11/2022","14:27:34","Other","Other",3,"No"
"D","08/11/2022","14:27:34","Landfill Gas","Renewables",35,"No"
"D","08/11/2022","14:27:34","Refuse","Renewables",269,"No"
"D","08/11/2022","14:27:34","Solar","Renewables",330,"No"
"D","08/11/2022","14:27:34","Wind","Renewables",47,"No"
"D","08/11/2022","14:27:34","Wood","Renewables",170,"No"
"D","08/11/2022","14:36:19","Hydro","Hydro",499,"No"
"D","08/11/2022","14:36:19","Natural Gas","Natural Gas",11203,"Yes"
"D","08/11/2022","14:36:19","Nuclear","Nuclear",3333,"No"
"D","08/11/2022","14:36:19","Oil","Oil",3,"No"
"D","08/11/2022","14:36:19","Other","Other",9,"No"
"D","08/11/2022","14:36:19","Landfill Gas","Renewables",35,"No"
"D","08/11/2022","14:36:19","Refuse","Renewables",273,"No"
"D","08/11/2022","14:36:19","Solar","Renewables",334,"No"
"D","08/11/2022","14:36:19","Wind","Renewables",68,"No"
"D","08/11/2022","14:36:19","Wood","Renewables",170,"No"
"D","08/11/2022","14:42:00","Hydro","Hydro",500,"No"
"D","08/11/2022","14:42:00","Natural Gas","Natural Gas",11221,"Yes"
"D","08/11/2022","14:42:00","Nuclear","Nuclear",3336,"No"
"D","08/11/2022","14:42:00","Oil","Oil",3,"No"
"D","08/11/2022","14:42:00","Other","Other",3,"No"
"D","08/11/2022","14:42:00","Landfill Gas","Renewables",35,"No"
"D","08/11/2022","14:42:00","Refuse","Renewables",275,"No"
"D","08/11/2022","14:42:00","Solar","Renewables",340,"No"
"D","08/11/2022","14:42:00","Wind","Renewables",66,"No"
"D","08/11/2022","14:42:00","Wood","Renewables",169,"No"
"D","08/11/2022","14:51:12","Coal","Coal",1,"No"
"D","08/11/2022","14:51:12","Hydro","Hydro",504,"No"
"D","08/11/2022","14:51:12","Natural Gas","Natural Gas",11326,"Yes"
"D","08/11/2022","14:51:12","Nuclear","Nuclear",3332,"No"
"D","08/11/2022","14:51:12","Oil","Oil",3,"No"
"D","08/11/2022","14:51:12","Other","Other",9,"No"
"D","08/11/2022","14:51:12","Landfill Gas","Renewables",35,"No"
"D","08/11/2022","14:51:12","Refuse","Renewables",262,"No"
"D","08/11/2022","14:51:12","Solar","Renewables",291,"No"
"D","08/11/2022","14:51:12","Wind","Renewables",61,"No"
"D","08/11/2022","14:51:12","Wood","Renewables",168,"No"
"D","08/11/2022","14:56:38","Hydro","Hydro",530,"No"
"D","08/11/2022","14:56:38","Natural Gas","Natural Gas",11139,"Yes"
"D","08/11/2022","14:56:38","Nuclear","Nuclear",3333,"No"
"D","08/11/2022","14:56:38","Oil","Oil",3,"No"
"D","08/11/2022","14:56:38","Other","Other",35,"No"
"D","08/11/2022","14:56:38","Landfill Gas","Renewables",35,"No"
"D","08/11/2022","14:56:38","Refuse","Renewables",260,"No"
"D","08/11/2022","14:56:38","Solar","Renewables",296,"No"
"D","08/11/2022","14:56:38","Wind","Renewables",61,"No"
"D","08/11/2022","14:56:38","Wood","Renewables",170,"No"
"D","08/11/2022","15:02:54","Coal","Coal",2,"No"
"D","08/11/2022","15:02:54","Hydro","Hydro",786,"No"
"D","08/11/2022","15:02:54","Natural Gas","Natural Gas",11204,"Yes"
"D","08/11/2022","15:02:54","Nuclear","Nuclear",3330,"No"
"D","08/11/2022","15:02:54","Oil","Oil",3,"No"
"D","08/11/2022","15:02:54","Other","Other",3,"No"
"D","08/11/2022","15:02:54","Landfill Gas","Renewables",35,"No"
"D","08/11/2022","15:02:54","Refuse","Renewables",258,"No"
"D","08/11/2022","15:02:54","Solar","Renewables",308,"No"
"D","08/11/2022","15:02:54","Wind","Renewables",67,"No"
"D","08/11/2022","15:02:54","Wood","Renewables",166,"No"
"D","08/11/2022","15:06:11","Coal","Coal",2,"No"
"D","08/11/2022","15:06:11","Hydro","Hydro",788,"No"
"D","08/11/2022","15:06:11","Natural Gas","Natural Gas",11184,"Yes"
"D","08/11/2022","15:06:11","Nuclear","Nuclear",3329,"No"
"D","08/11/2022","15:06:11","Oil","Oil",3,"No"
"D","08/11/2022","15:06:11","Other","Other",3,"No"
"D","08/11/2022","15:06:11","Landfill Gas","Renewables",35,"No"
"D","08/11/2022","15:06:11","Refuse","Renewables",262,"No"
"D","08/11/2022","15:06:11","Solar","Renewables",292,"No"
"D","08/11/2022","15:06:11","Wind","Renewables",58,"No"
"D","08/11/2022","15:06:11","Wood","Renewables",169,"No"
"D","08/11/2022","15:14:22","Hydro","Hydro",789,"No"
"D","08/11/2022","15:14:22","Natural Gas","Natural Gas",11111,"Yes"
"D","08/11/2022","15:14:22","Nuclear","Nuclear",3325,"No"
"D","08/11/2022","15:14:22","Oil","Oil",3,"No"
"D","08/11/2022","15:14:22","Other","Other",8,"No"
"D","08/11/2022","15:14:22","Landfill Gas","Renewables",35,"No"
"D","08/11/2022","15:14:22","Refuse","Renewables",257,"No"
"D","08/11/2022","15:14:22","Solar","Renewables",281,"No"
"D","08/11/2022","15:14:22","Wind","Renewables",61,"No"
"D","08/11/2022","15:14:22","Wood","Renewables",168,"No"
"D","08/11/2022","15:22:49","Hydro","Hydro",783,"No"
"D","08/11/2022","15:22:49","Natural Gas","Natural Gas",11267,"Yes"
"D","08/11/2022","15:22:49","Nuclear","Nuclear",3327,"No"
"D","08/11/2022","15:22:49","Oil","Oil",3,"No"
"D","08/11/2022","15:22:49","Other","Other",4,"No"
"D","08/11/2022","15:22:49","Landfill Gas","Renewables",35,"No"
"D","08/11/2022","15:22:49","Refuse","Renewables",261,"No"
"D","08/11/2022","15:22:49","Solar","Renewables",290,"No"
"D","08/11/2022","15:22:49","Wind","Renewables",64,"No"
"D","08/11/2022","15:22:49","Wood","Renewables",166,"No"
"D","08/11/2022","15:29:33","Hydro","Hydro",782,"No"
"D","08/11/2022","15:29:33","Natural Gas","Natural Gas",11295,"Yes"
"D","08/11/2022","15:29:33","Nuclear","Nuclear",3325,"No"
"D","08/11/2022","15:29:33","Oil","Oil",3,"No"
"D","08/11/2022","15:29:33","Other","Other",6,"No"
"D","08/11/2022","15:29:33","Landfill Gas","Renewables",35,"No"
"D","08/11/2022","15:29:33","Refuse","Renewables",265,"No"
"D","08/11/2022","15:29:33","Solar","Renewables",326,"No"
"D","08/11/2022","15:29:33","Wind","Renewables",61,"No"
"D","08/11/2022","15:29:33","Wood","Renewables",170,"No"
"D","08/11/2022","15:35:40","Hydro","Hydro",784,"No"
"D","08/11/2022","15:35:40","Natural Gas","Natural Gas",11397,"Yes"
"D","08/11/2022","15:35:40","Nuclear","Nuclear",3327,"No"
"D","08/11/2022","15:35:40","Oil","Oil",3,"No"
"D","08/11/2022","15:35:40","Other","Other",5,"No"
"D","08/11/2022","15:35:40","Landfill Gas","Renewables",35,"No"
"D","08/11/2022","15:35:40","Refuse","Renewables",271,"No"
"D","08/11/2022","15:35:40","Solar","Renewables",311,"No"
"D","08/11/2022","15:35:40","Wind","Renewables",66,"No"
"D","08/11/2022","15:35:40","Wood","Renewables",169,"No"
"D","08/11/2022","15:42:01","Hydro","Hydro",782,"No"
"D","08/11/2022","15:42:01","Natural Gas","Natural Gas",11502,"Yes"
"D","08/11/2022","15:42:01","Nuclear","Nuclear",3325,"No"
"D","08/11/2022","15:42:01","Oil","Oil",3,"No"
"D","08/11/2022","15:42:01","Other","Other",5,"No"
"D","08/11/2022","15:42:01","Landfill Gas","Renewables",35,"No"
"D","08/11/2022","15:42:01","Refuse","Renewables",269,"No"
"D","08/11/2022","15:42:01","Solar","Renewables",304,"No"
"D","08/11/2022","15:42:01","Wind","Renewables",67,"No"
"D","08/11/2022","15:42:01","Wood","Renewables",168,"No"
"D","08/11/2022","15:49:53","Hydro","Hydro",783,"No"
"D","08/11/2022","15:49:53","Natural Gas","Natural Gas",11525,"Yes"
"D","08/11/2022","15:49:53","Nuclear","Nuclear",3325,"No"
"D","08/11/2022","15:49:53","Oil","Oil",3,"No"
"D","08/11/2022","15:49:53","Other","Other",4,"No"
"D","08/11/2022","15:49:53","Landfill Gas","Renewables",35,"No"
"D","08/11/2022","15:49:53","Refuse","Renewables",264,"No"
"D","08/11/2022","15:49:53","Solar","Renewables",309,"No"
"D","08/11/2022","15:49:53","Wind","Renewables",71,"No"
"D","08/11/2022","15:49:53","Wood","Renewables",168,"No"
"D","08/11/2022","15:54:08","Coal","Coal",1,"No"
"D","08/11/2022","15:54:08","Hydro","Hydro",844,"No"
"D","08/11/2022","15:54:08","Natural Gas","Natural Gas",11389,"Yes"
"D","08/11/2022","15:54:08","Nuclear","Nuclear",3323,"No"
"D","08/11/2022","15:54:08","Oil","Oil",3,"No"
"D","08/11/2022","15:54:08","Other","Other",8,"No"
"D","08/11/2022","15:54:08","Landfill Gas","Renewables",35,"No"
"D","08/11/2022","15:54:08","Refuse","Renewables",266,"No"
"D","08/11/2022","15:54:08","Solar","Renewables",292,"No"
"D","08/11/2022","15:54:08","Wind","Renewables",75,"No"
"D","08/11/2022","15:54:08","Wood","Renewables",168,"No"
"D","08/11/2022","16:02:08","Hydro","Hydro",1336,"No"
"D","08/11/2022","16:02:08","Natural Gas","Natural Gas",11037,"Yes"
"D","08/11/2022","16:02:08","Nuclear","Nuclear",3323,"No"
"D","08/11/2022","16:02:08","Oil","Oil",3,"No"
"D","08/11/2022","16:02:08","Other","Other",33,"No"
"D","08/11/2022","16:02:08","Landfill Gas","Renewables",35,"No"
"D","08/11/2022","16:02:08","Refuse","Renewables",267,"No"
"D","08/11/2022","16:02:08","Solar","Renewables",307,"No"
"D","08/11/2022","16:02:08","Wind","Renewables",91,"No"
"D","08/11/2022","16:02:08","Wood","Renewables",168,"No"
"D","08/11/2022","16:04:59","Coal","Coal",3,"No"
"D","08/11/2022","16:04:59","Hydro","Hydro",1366,"No"
"D","08/11/2022","16:04:59","Natural Gas","Natural Gas",11005,"Yes"
"D","08/11/2022","16:04:59","Nuclear","Nuclear",3322,"No"
"D","08/11/2022","16:04:59","Oil","Oil",3,"No"
"D","08/11/2022","16:04:59","Other","Other",34,"No"
"D","08/11/2022","16:04:59","Landfill Gas","Renewables",35,"No"
"D","08/11/2022","16:04:59","Refuse","Renewables",266,"No"
"D","08/11/2022","16:04:59","Solar","Renewables",303,"No"
"D","08/11/2022","16:04:59","Wind","Renewables",91,"No"
"D","08/11/2022","16:04:59","Wood","Renewables",169,"No"
"D","08/11/2022","16:06:56","Coal","Coal",2,"No"
"D","08/11/2022","16:06:56","Hydro","Hydro",1385,"No"
"D","08/11/2022","16:06:56","Natural Gas","Natural Gas",11056,"Yes"
"D","08/11/2022","16:06:56","Nuclear","Nuclear",3322,"No"
"D","08/11/2022","16:06:56","Oil","Oil",3,"No"
"D","08/11/2022","16:06:56","Other","Other",33,"No"
"D","08/11/2022","16:06:56","Landfill Gas","Renewables",35,"No"
"D","08/11/2022","16:06:56","Refuse","Renewables",269,"No"
"D","08/11/2022","16:06:56","Solar","Renewables",298,"No"
"D","08/11/2022","16:06:56","Wind","Renewables",88,"No"
"D","08/11/2022","16:06:56","Wood","Renewables",169,"No"
"D","08/11/2022","16:11:03","Coal","Coal",1,"No"
"D","08/11/2022","16:11:03","Hydro","Hydro",1381,"No"
"D","08/11/2022","16:11:03","Natural Gas","Natural Gas",11037,"Yes"
"D","08/11/2022","16:11:03","Nuclear","Nuclear",3324,"No"
"D","08/11/2022","16:11:03","Oil","Oil",3,"No"
"D","08/11/2022","16:11:03","Other","Other",35,"No"
"D","08/11/2022","16:11:03","Landfill Gas","Renewables",35,"No"
"D","08/11/2022","16:11:03","Refuse","Renewables",271,"No"
"D","08/11/2022","16:11:03","Solar","Renewables",318,"No"
"D","08/11/2022","16:11:03","Wind","Renewables",90,"No"
"D","08/11/2022","16:11:03","Wood","Renewables",170,"No"
"D","08/11/2022","16:20:36","Hydro","Hydro",1383,"No"
"D","08/11/2022","16:20:36","Natural Gas","Natural Gas",10920,"Yes"
"D","08/11/2022","16:20:36","Nuclear","Nuclear",3323,"No"
"D","08/11/2022","16:20:36","Oil","Oil",3,"No"
"D","08/11/2022","16:20:36","Other","Other",53,"No"
"D","08/11/2022","16:20:36","Landfill Gas","Renewables",35,"No"
"D","08/11/2022","16:20:36","Refuse","Renewables",271,"No"
"D","08/11/2022","16:20:36","Solar","Renewables",280,"No"
"D","08/11/2022","16:20:36","Wind","Renewables",85,"No"
"D","08/11/2022","16:20:36","Wood","Renewables",169,"No"
"D","08/11/2022","16:24:18","Hydro","Hydro",1385,"No"
"D","08/11/2022","16:24:18","Natural Gas","Natural Gas",10940,"Yes"
"D","08/11/2022","16:24:18","Nuclear","Nuclear",3323,"No"
"D","08/11/2022","16:24:18","Oil","Oil",3,"No"
"D","08/11/2022","16:24:18","Other","Other",40,"No"
"D","08/11/2022","16:24:18","Landfill Gas","Renewables",35,"No"
"D","08/11/2022","16:24:18","Refuse","Renewables",266,"No"
"D","08/11/2022","16:24:18","Solar","Renewables",300,"No"
"D","08/11/2022","16:24:18","Wind","Renewables",89,"No"
"D","08/11/2022","16:24:18","Wood","Renewables",169,"No"
"D","08/11/2022","16:29:48","Hydro","Hydro",1380,"No"
"D","08/11/2022","16:29:48","Natural Gas","Natural Gas",11069,"Yes"
"D","08/11/2022","16:29:48","Nuclear","Nuclear",3323,"No"
"D","08/11/2022","16:29:48","Oil","Oil",3,"No"
"D","08/11/2022","16:29:48","Other","Other",35,"No"
"D","08/11/2022","16:29:48","Landfill Gas","Renewables",35,"No"
"D","08/11/2022","16:29:48","Refuse","Renewables",265,"No"
"D","08/11/2022","16:29:48","Solar","Renewables",298,"No"
"D","08/11/2022","16:29:48","Wind","Renewables",78,"No"
"D","08/11/2022","16:29:48","Wood","Renewables",169,"No"
"D","08/11/2022","16:37:20","Coal","Coal",2,"No"
"D","08/11/2022","16:37:20","Hydro","Hydro",1377,"No"
"D","08/11/2022","16:37:20","Natural Gas","Natural Gas",11189,"Yes"
"D","08/11/2022","16:37:20","Nuclear","Nuclear",3324,"No"
"D","08/11/2022","16:37:20","Oil","Oil",3,"No"
"D","08/11/2022","16:37:20","Other","Other",37,"No"
"D","08/11/2022","16:37:20","Landfill Gas","Renewables",35,"No"
"D","08/11/2022","16:37:20","Refuse","Renewables",261,"No"
"D","08/11/2022","16:37:20","Solar","Renewables",290,"No"
"D","08/11/2022","16:37:20","Wind","Renewables",85,"No"
"D","08/11/2022","16:37:20","Wood","Renewables",170,"No"
"D","08/11/2022","16:45:46","Coal","Coal",1,"No"
"D","08/11/2022","16:45:46","Hydro","Hydro",1379,"No"
"D","08/11/2022","16:45:46","Natural Gas","Natural Gas",11368,"Yes"
"D","08/11/2022","16:45:46","Nuclear","Nuclear",3324,"No"
"D","08/11/2022","16:45:46","Oil","Oil",3,"No"
"D","08/11/2022","16:45:46","Other","Other",41,"No"
"D","08/11/2022","16:45:46","Landfill Gas","Renewables",35,"No"
"D","08/11/2022","16:45:46","Refuse","Renewables",262,"No"
"D","08/11/2022","16:45:46","Solar","Renewables",280,"No"
"D","08/11/2022","16:45:46","Wind","Renewables",90,"No"
"D","08/11/2022","16:45:46","Wood","Renewables",170,"No"
"D","08/11/2022","16:53:36","Coal","Coal",3,"No"
"D","08/11/2022","16:53:36","Hydro","Hydro",1517,"No"
"D","08/11/2022","16:53:36","Natural Gas","Natural Gas",11469,"Yes"
"D","08/11/2022","16:53:36","Nuclear","Nuclear",3322,"No"
"D","08/11/2022","16:53:36","Oil","Oil",3,"No"
"D","08/11/2022","16:53:36","Other","Other",35,"No"
"D","08/11/2022","16:53:36","Landfill Gas","Renewables",35,"No"
"D","08/11/2022","16:53:36","Refuse","Renewables",272,"No"
"D","08/11/2022","16:53:36","Solar","Renewables",253,"No"
"D","08/11/2022","16:53:36","Wind","Renewables",99,"No"
"D","08/11/2022","16:53:36","Wood","Renewables",170,"No"
"D","08/11/2022","16:58:25","Hydro","Hydro",1691,"No"
"D","08/11/2022","16:58:25","Natural Gas","Natural Gas",11323,"Yes"
"D","08/11/2022","16:58:25","Nuclear","Nuclear",3323,"No"
"D","08/11/2022","16:58:25","Oil","Oil",3,"No"
"D","08/11/2022","16:58:25","Other","Other",50,"No"
"D","08/11/2022","16:58:25","Landfill Gas","Renewables",35,"No"
"D","08/11/2022","16:58:25","Refuse","Renewables",270,"No"
"D","08/11/2022","16:58:25","Solar","Renewables",220,"No"
"D","08/11/2022","16:58:25","Wind","Renewables",111,"No"
"D","08/11/2022","16:58:25","Wood","Renewables",172,"No"
"D","08/11/2022","17:07:46","Coal","Coal",3,"No"
"D","08/11/2022","17:07:46","Hydro","Hydro",1695,"No"
"D","08/11/2022","17:07:46","Natural Gas","Natural Gas",11228,"Yes"
"D","08/11/2022","17:07:46","Nuclear","Nuclear",3326,"No"
"D","08/11/2022","17:07:46","Oil","Oil",3,"No"
"D","08/11/2022","17:07:46","Other","Other",37,"No"
"D","08/11/2022","17:07:46","Landfill Gas","Renewables",35,"No"
"D","08/11/2022","17:07:46","Refuse","Renewables",262,"No"
"D","08/11/2022","17:07:46","Solar","Renewables",222,"No"
"D","08/11/2022","17:07:46","Wind","Renewables",123,"No"
"D","08/11/2022","17:07:46","Wood","Renewables",170,"No"
"D","08/11/2022","17:16:23","Coal","Coal",3,"No"
"D","08/11/2022","17:16:23","Hydro","Hydro",1688,"No"
"D","08/11/2022","17:16:23","Natural Gas","Natural Gas",11330,"Yes"
"D","08/11/2022","17:16:23","Nuclear","Nuclear",3324,"No"
"D","08/11/2022","17:16:23","Oil","Oil",3,"No"
"D","08/11/2022","17:16:23","Other","Other",40,"No"
"D","08/11/2022","17:16:23","Landfill Gas","Renewables",35,"No"
"D","08/11/2022","17:16:23","Refuse","Renewables",274,"No"
"D","08/11/2022","17:16:23","Solar","Renewables",203,"No"
"D","08/11/2022","17:16:23","Wind","Renewables",112,"No"
"D","08/11/2022","17:16:23","Wood","Renewables",170,"No"
"D","08/11/2022","17:22:06","Coal","Coal",3,"No"
"D","08/11/2022","17:22:06","Hydro","Hydro",1683,"No"
"D","08/11/2022","17:22:06","Natural Gas","Natural Gas",11301,"Yes"
"D","08/11/2022","17:22:06","Nuclear","Nuclear",3323,"No"
"D","08/11/2022","17:22:06","Oil","Oil",3,"No"
"D","08/11/2022","17:22:06","Other","Other",37,"No"
"D","08/11/2022","17:22:06","Landfill Gas","Renewables",35,"No"
"D","08/11/2022","17:22:06","Refuse","Renewables",273,"No"
"D","08/11/2022","17:22:06","Solar","Renewables",221,"No"
"D","08/11/2022","17:22:06","Wind","Renewables",99,"No"
"D","08/11/2022","17:22:06","Wood","Renewables",170,"No"
"D","08/11/2022","17:25:17","Coal","Coal",3,"No"
"D","08/11/2022","17:25:17","Hydro","Hydro",1688,"No"
"D","08/11/2022","17:25:17","Natural Gas","Natural Gas",11381,"Yes"
"D","08/11/2022","17:25:17","Nuclear","Nuclear",3322,"No"
"D","08/11/2022","17:25:17","Oil","Oil",3,"No"
"D","08/11/2022","17:25:17","Other","Other",12,"No"
"D","08/11/2022","17:25:17","Landfill Gas","Renewables",35,"No"
"D","08/11/2022","17:25:17","Refuse","Renewables",274,"No"
"D","08/11/2022","17:25:17","Solar","Renewables",212,"No"
"D","08/11/2022","17:25:17","Wind","Renewables",108,"No"
"D","08/11/2022","17:25:17","Wood","Renewables",170,"No"
"D","08/11/2022","17:27:55","Coal","Coal",1,"No"
"D","08/11/2022","17:27:55","Hydro","Hydro",1691,"No"
"D","08/11/2022","17:27:55","Natural Gas","Natural Gas",11478,"No"
"D","08/11/2022","17:27:55","Nuclear","Nuclear",3323,"No"
"D","08/11/2022","17:27:55","Oil","Oil",3,"No"
"D","08/11/2022","17:27:55","Other","Other",7,"No"
"D","08/11/2022","17:27:55","Landfill Gas","Renewables",35,"No"
"D","08/11/2022","17:27:55","Refuse","Renewables",276,"No"
"D","08/11/2022","17:27:55","Solar","Renewables",200,"No"
"D","08/11/2022","17:27:55","Wind","Renewables",104,"No"
"D","08/11/2022","17:27:55","Wood","Renewables",169,"Yes"
"D","08/11/2022","17:32:22","Hydro","Hydro",1688,"No"
"D","08/11/2022","17:32:22","Natural Gas","Natural Gas",11610,"Yes"
"D","08/11/2022","17:32:22","Nuclear","Nuclear",3322,"No"
"D","08/11/2022","17:32:22","Oil","Oil",3,"No"
"D","08/11/2022","17:32:22","Other","Other",24,"No"
"D","08/11/2022","17:32:22","Landfill Gas","Renewables",35,"No"
"D","08/11/2022","17:32:22","Refuse","Renewables",269,"No"
"D","08/11/2022","17:32:22","Solar","Renewables",211,"No"
"D","08/11/2022","17:32:22","Wind","Renewables",107,"No"
"D","08/11/2022","17:32:22","Wood","Renewables",167,"No"
"D","08/11/2022","17:38:49","Hydro","Hydro",1687,"No"
"D","08/11/2022","17:38:49","Natural Gas","Natural Gas",11863,"Yes"
"D","08/11/2022","17:38:49","Nuclear","Nuclear",3325,"No"
"D","08/11/2022","17:38:49","Oil","Oil",3,"No"
"D","08/11/2022","17:38:49","Other","Other",6,"No"
"D","08/11/2022","17:38:49","Landfill Gas","Renewables",35,"No"
"D","08/11/2022","17:38:49","Refuse","Renewables",273,"No"
"D","08/11/2022","17:38:49","Solar","Renewables",195,"No"
"D","08/11/2022","17:38:49","Wind","Renewables",94,"No"
"D","08/11/2022","17:38:49","Wood","Renewables",170,"No"
"D","08/11/2022","17:45:22","Coal","Coal",1,"No"
"D","08/11/2022","17:45:22","Hydro","Hydro",1690,"No"
"D","08/11/2022","17:45:22","Natural Gas","Natural Gas",11931,"Yes"
"D","08/11/2022","17:45:22","Nuclear","Nuclear",3325,"No"
"D","08/11/2022","17:45:22","Oil","Oil",3,"No"
"D","08/11/2022","17:45:22","Other","Other",8,"No"
"D","08/11/2022","17:45:22","Landfill Gas","Renewables",35,"No"
"D","08/11/2022","17:45:22","Refuse","Renewables",274,"No"
"D","08/11/2022","17:45:22","Solar","Renewables",154,"No"
"D","08/11/2022","17:45:22","Wind","Renewables",86,"No"
"D","08/11/2022","17:45:22","Wood","Renewables",171,"No"
"D","08/11/2022","17:50:12","Coal","Coal",3,"No"
"D","08/11/2022","17:50:12","Hydro","Hydro",1650,"No"
"D","08/11/2022","17:50:12","Natural Gas","Natural Gas",11960,"Yes"
"D","08/11/2022","17:50:12","Nuclear","Nuclear",3326,"No"
"D","08/11/2022","17:50:12","Oil","Oil",3,"No"
"D","08/11/2022","17:50:12","Other","Other",18,"No"
"D","08/11/2022","17:50:12","Landfill Gas","Renewables",35,"No"
"D","08/11/2022","17:50:12","Refuse","Renewables",277,"No"
"D","08/11/2022","17:50:12","Solar","Renewables",150,"No"
"D","08/11/2022","17:50:12","Wind","Renewables",85,"No"
"D","08/11/2022","17:50:12","Wood","Renewables",173,"No"
"D","08/11/2022","17:57:06","Hydro","Hydro",1603,"No"
"D","08/11/2022","17:57:06","Natural Gas","Natural Gas",11969,"Yes"
"D","08/11/2022","17:57:06","Nuclear","Nuclear",3326,"No"
"D","08/11/2022","17:57:06","Oil","Oil",3,"No"
"D","08/11/2022","17:57:06","Other","Other",22,"No"
"D","08/11/2022","17:57:06","Landfill Gas","Renewables",35,"No"
"D","08/11/2022","17:57:06","Refuse","Renewables",276,"No"
"D","08/11/2022","17:57:06","Solar","Renewables",134,"No"
"D","08/11/2022","17:57:06","Wind","Renewables",84,"No"
"D","08/11/2022","17:57:06","Wood","Renewables",176,"No"
"D","08/11/2022","18:04:57","Hydro","Hydro",1474,"No"
"D","08/11/2022","18:04:57","Natural Gas","Natural Gas",12060,"Yes"
"D","08/11/2022","18:04:57","Nuclear","Nuclear",3325,"No"
"D","08/11/2022","18:04:57","Oil","Oil",3,"No"
"D","08/11/2022","18:04:57","Other","Other",4,"No"
"D","08/11/2022","18:04:57","Landfill Gas","Renewables",35,"No"
"D","08/11/2022","18:04:57","Refuse","Renewables",287,"No"
"D","08/11/2022","18:04:57","Solar","Renewables",120,"No"
"D","08/11/2022","18:04:57","Wind","Renewables",92,"No"
"D","08/11/2022","18:04:57","Wood","Renewables",174,"No"
"D","08/11/2022","18:08:39","Hydro","Hydro",1473,"No"
"D","08/11/2022","18:08:39","Natural Gas","Natural Gas",12007,"Yes"
"D","08/11/2022","18:08:39","Nuclear","Nuclear",3326,"No"
"D","08/11/2022","18:08:39","Oil","Oil",3,"No"
"D","08/11/2022","18:08:39","Other","Other",8,"No"
"D","08/11/2022","18:08:39","Landfill Gas","Renewables",35,"No"
"D","08/11/2022","18:08:39","Refuse","Renewables",288,"No"
"D","08/11/2022","18:08:39","Solar","Renewables",109,"No"
"D","08/11/2022","18:08:39","Wind","Renewables",91,"No"
"D","08/11/2022","18:08:39","Wood","Renewables",176,"No"
"D","08/11/2022","18:08:45","Hydro","Hydro",1473,"No"
"D","08/11/2022","18:08:45","Natural Gas","Natural Gas",12007,"Yes"
"D","08/11/2022","18:08:45","Nuclear","Nuclear",3326,"No"
"D","08/11/2022","18:08:45","Oil","Oil",3,"No"
"D","08/11/2022","18:08:45","Other","Other",8,"No"
"D","08/11/2022","18:08:45","Landfill Gas","Renewables",35,"No"
"D","08/11/2022","18:08:45","Refuse","Renewables",288,"No"
"D","08/11/2022","18:08:45","Solar","Renewables",109,"No"
"D","08/11/2022","18:08:45","Wind","Renewables",91,"No"
"D","08/11/2022","18:08:45","Wood","Renewables",176,"No"
"D","08/11/2022","18:17:30","Hydro","Hydro",1477,"No"
"D","08/11/2022","18:17:30","Natural Gas","Natural Gas",11818,"Yes"
"D","08/11/2022","18:17:30","Nuclear","Nuclear",3328,"No"
"D","08/11/2022","18:17:30","Oil","Oil",3,"No"
"D","08/11/2022","18:17:30","Other","Other",16,"No"
"D","08/11/2022","18:17:30","Landfill Gas","Renewables",35,"No"
"D","08/11/2022","18:17:30","Refuse","Renewables",283,"No"
"D","08/11/2022","18:17:30","Solar","Renewables",89,"No"
"D","08/11/2022","18:17:30","Wind","Renewables",114,"No"
"D","08/11/2022","18:17:30","Wood","Renewables",176,"No"
"D","08/11/2022","18:25:21","Hydro","Hydro",1479,"No"
"D","08/11/2022","18:25:21","Natural Gas","Natural Gas",11781,"Yes"
"D","08/11/2022","18:25:21","Nuclear","Nuclear",3326,"No"
"D","08/11/2022","18:25:21","Oil","Oil",3,"No"
"D","08/11/2022","18:25:21","Other","Other",10,"No"
"D","08/11/2022","18:25:21","Landfill Gas","Renewables",35,"No"
"D","08/11/2022","18:25:21","Refuse","Renewables",286,"No"
"D","08/11/2022","18:25:21","Solar","Renewables",94,"No"
"D","08/11/2022","18:25:21","Wind","Renewables",115,"No"
"D","08/11/2022","18:25:21","Wood","Renewables",176,"No"
"D","08/11/2022","18:35:24","Hydro","Hydro",1477,"No"
"D","08/11/2022","18:35:24","Natural Gas","Natural Gas",11898,"Yes"
"D","08/11/2022","18:35:24","Nuclear","Nuclear",3327,"No"
"D","08/11/2022","18:35:24","Oil","Oil",3,"No"
"D","08/11/2022","18:35:24","Other","Other",9,"No"
"D","08/11/2022","18:35:24","Landfill Gas","Renewables",35,"No"
"D","08/11/2022","18:35:24","Refuse","Renewables",283,"No"
"D","08/11/2022","18:35:24","Solar","Renewables",65,"No"
"D","08/11/2022","18:35:24","Wind","Renewables",130,"No"
"D","08/11/2022","18:35:24","Wood","Renewables",170,"No"
"D","08/11/2022","18:37:01","Hydro","Hydro",1474,"No"
"D","08/11/2022","18:37:01","Natural Gas","Natural Gas",11898,"Yes"
"D","08/11/2022","18:37:01","Nuclear","Nuclear",3327,"No"
"D","08/11/2022","18:37:01","Oil","Oil",3,"No"
"D","08/11/2022","18:37:01","Other","Other",8,"No"
"D","08/11/2022","18:37:01","Landfill Gas","Renewables",35,"No"
"D","08/11/2022","18:37:01","Refuse","Renewables",285,"No"
"D","08/11/2022","18:37:01","Solar","Renewables",65,"No"
"D","08/11/2022","18:37:01","Wind","Renewables",128,"No"
"D","08/11/2022","18:37:01","Wood","Renewables",173,"No"
"D","08/11/2022","18:42:29","Hydro","Hydro",1476,"No"
"D","08/11/2022","18:42:29","Natural Gas","Natural Gas",11749,"Yes"
"D","08/11/2022","18:42:29","Nuclear","Nuclear",3327,"No"
"D","08/11/2022","18:42:29","Oil","Oil",3,"No"
"D","08/11/2022","18:42:29","Other","Other",20,"No"
"D","08/11/2022","18:42:29","Landfill Gas","Renewables",35,"No"
"D","08/11/2022","18:42:29","Refuse","Renewables",286,"No"
"D","08/11/2022","18:42:29","Solar","Renewables",62,"No"
"D","08/11/2022","18:42:29","Wind","Renewables",135,"No"
"D","08/11/2022","18:42:29","Wood","Renewables",180,"No"
"D","08/11/2022","18:51:10","Coal","Coal",1,"No"
"D","08/11/2022","18:51:10","Hydro","Hydro",1473,"No"
"D","08/11/2022","18:51:10","Natural Gas","Natural Gas",11756,"Yes"
"D","08/11/2022","18:51:10","Nuclear","Nuclear",3329,"No"
"D","08/11/2022","18:51:10","Oil","Oil",3,"No"
"D","08/11/2022","18:51:10","Other","Other",9,"No"
"D","08/11/2022","18:51:10","Landfill Gas","Renewables",35,"No"
"D","08/11/2022","18:51:10","Refuse","Renewables",283,"No"
"D","08/11/2022","18:51:10","Solar","Renewables",52,"No"
"D","08/11/2022","18:51:10","Wind","Renewables",145,"No"
"D","08/11/2022","18:51:10","Wood","Renewables",182,"No"
"D","08/11/2022","18:52:39","Coal","Coal",1,"No"
"D","08/11/2022","18:52:39","Hydro","Hydro",1473,"No"
"D","08/11/2022","18:52:39","Natural Gas","Natural Gas",11756,"Yes"
"D","08/11/2022","18:52:39","Nuclear","Nuclear",3329,"No"
"D","08/11/2022","18:52:39","Oil","Oil",3,"No"
"D","08/11/2022","18:52:39","Other","Other",9,"No"
"D","08/11/2022","18:52:39","Landfill Gas","Renewables",35,"No"
"D","08/11/2022","18:52:39","Refuse","Renewables",283,"No"
"D","08/11/2022","18:52:39","Solar","Renewables",52,"No"
"D","08/11/2022","18:52:39","Wind","Renewables",145,"No"
"D","08/11/2022","18:52:39","Wood","Renewables",182,"No"
"D","08/11/2022","19:01:15","Hydro","Hydro",1229,"No"
"D","08/11/2022","19:01:15","Natural Gas","Natural Gas",11935,"Yes"
"D","08/11/2022","19:01:15","Nuclear","Nuclear",3328,"No"
"D","08/11/2022","19:01:15","Oil","Oil",3,"No"
"D","08/11/2022","19:01:15","Other","Other",9,"No"
"D","08/11/2022","19:01:15","Landfill Gas","Renewables",35,"No"
"D","08/11/2022","19:01:15","Refuse","Renewables",288,"No"
"D","08/11/2022","19:01:15","Solar","Renewables",41,"No"
"D","08/11/2022","19:01:15","Wind","Renewables",144,"No"
"D","08/11/2022","19:01:15","Wood","Renewables",184,"No"
"D","08/11/2022","19:09:20","Hydro","Hydro",1230,"No"
"D","08/11/2022","19:09:20","Natural Gas","Natural Gas",11846,"Yes"
"D","08/11/2022","19:09:20","Nuclear","Nuclear",3329,"No"
"D","08/11/2022","19:09:20","Oil","Oil",3,"No"
"D","08/11/2022","19:09:20","Other","Other",20,"No"
"D","08/11/2022","19:09:20","Landfill Gas","Renewables",35,"No"
"D","08/11/2022","19:09:20","Refuse","Renewables",284,"No"
"D","08/11/2022","19:09:20","Solar","Renewables",37,"No"
"D","08/11/2022","19:09:20","Wind","Renewables",146,"No"
"D","08/11/2022","19:09:20","Wood","Renewables",188,"No"
"D","08/11/2022","19:21:59","Coal","Coal",1,"No"
"D","08/11/2022","19:21:59","Hydro","Hydro",1006,"No"
"D","08/11/2022","19:21:59","Natural Gas","Natural Gas",12068,"Yes"
"D","08/11/2022","19:21:59","Nuclear","Nuclear",3328,"No"
"D","08/11/2022","19:21:59","Oil","Oil",3,"No"
"D","08/11/2022","19:21:59","Other","Other",14,"No"
"D","08/11/2022","19:21:59","Landfill Gas","Renewables",35,"No"
"D","08/11/2022","19:21:59","Refuse","Renewables",288,"No"
"D","08/11/2022","19:21:59","Solar","Renewables",26,"No"
"D","08/11/2022","19:21:59","Wind","Renewables",150,"No"
"D","08/11/2022","19:21:59","Wood","Renewables",188,"No"
"D","08/11/2022","19:23:16","Coal","Coal",3,"No"
"D","08/11/2022","19:23:16","Hydro","Hydro",1011,"No"
"D","08/11/2022","19:23:16","Natural Gas","Natural Gas",12135,"Yes"
"D","08/11/2022","19:23:16","Nuclear","Nuclear",3325,"No"
"D","08/11/2022","19:23:16","Oil","Oil",3,"No"
"D","08/11/2022","19:23:16","Other","Other",15,"No"
"D","08/11/2022","19:23:16","Landfill Gas","Renewables",35,"No"
"D","08/11/2022","19:23:16","Refuse","Renewables",289,"No"
"D","08/11/2022","19:23:16","Solar","Renewables",22,"No"
"D","08/11/2022","19:23:16","Wind","Renewables",166,"No"
"D","08/11/2022","19:23:16","Wood","Renewables",192,"No"
"D","08/11/2022","19:28:53","Coal","Coal",3,"No"
"D","08/11/2022","19:28:53","Hydro","Hydro",1011,"No"
"D","08/11/2022","19:28:53","Natural Gas","Natural Gas",11883,"Yes"
"D","08/11/2022","19:28:53","Nuclear","Nuclear",3325,"No"
"D","08/11/2022","19:28:53","Oil","Oil",3,"No"
"D","08/11/2022","19:28:53","Other","Other",45,"No"
"D","08/11/2022","19:28:53","Landfill Gas","Renewables",35,"No"
"D","08/11/2022","19:28:53","Refuse","Renewables",284,"No"
"D","08/11/2022","19:28:53","Solar","Renewables",17,"No"
"D","08/11/2022","19:28:53","Wind","Renewables",163,"No"
"D","08/11/2022","19:28:53","Wood","Renewables",190,"No"
"D","08/11/2022","19:32:20","Coal","Coal",4,"No"
"D","08/11/2022","19:32:20","Hydro","Hydro",1012,"No"
"D","08/11/2022","19:32:20","Natural Gas","Natural Gas",11874,"Yes"
"D","08/11/2022","19:32:20","Nuclear","Nuclear",3327,"No"
"D","08/11/2022","19:32:20","Oil","Oil",3,"No"
"D","08/11/2022","19:32:20","Other","Other",24,"No"
"D","08/11/2022","19:32:20","Landfill Gas","Renewables",35,"No"
"D","08/11/2022","19:32:20","Refuse","Renewables",287,"No"
"D","08/11/2022","19:32:20","Solar","Renewables",14,"No"
"D","08/11/2022","19:32:20","Wind","Renewables",160,"No"
"D","08/11/2022","19:32:20","Wood","Renewables",193,"No"
"D","08/11/2022","19:36:54","Coal","Coal",2,"No"
"D","08/11/2022","19:36:54","Hydro","Hydro",1012,"No"
"D","08/11/2022","19:36:54","Natural Gas","Natural Gas",11986,"Yes"
"D","08/11/2022","19:36:54","Nuclear","Nuclear",3325,"No"
"D","08/11/2022","19:36:54","Oil","Oil",3,"No"
"D","08/11/2022","19:36:54","Other","Other",16,"No"
"D","08/11/2022","19:36:54","Landfill Gas","Renewables",35,"No"
"D","08/11/2022","19:36:54","Refuse","Renewables",284,"No"
"D","08/11/2022","19:36:54","Solar","Renewables",11,"No"
"D","08/11/2022","19:36:54","Wind","Renewables",165,"No"
"D","08/11/2022","19:36:54","Wood","Renewables",194,"No"
"D","08/11/2022","19:43:06","Coal","Coal",3,"No"
"D","08/11/2022","19:43:06","Hydro","Hydro",1011,"No"
"D","08/11/2022","19:43:06","Natural Gas","Natural Gas",11905,"Yes"
"D","08/11/2022","19:43:06","Nuclear","Nuclear",3329,"No"
"D","08/11/2022","19:43:06","Oil","Oil",3,"No"
"D","08/11/2022","19:43:06","Other","Other",23,"No"
"D","08/11/2022","19:43:06","Landfill Gas","Renewables",35,"No"
"D","08/11/2022","19:43:06","Refuse","Renewables",283,"No"
"D","08/11/2022","19:43:06","Solar","Renewables",8,"No"
"D","08/11/2022","19:43:06","Wind","Renewables",157,"No"
"D","08/11/2022","19:43:06","Wood","Renewables",198,"No"
"D","08/11/2022","19:46:02","Coal","Coal",1,"No"
"D","08/11/2022","19:46:02","Hydro","Hydro",1011,"No"
"D","08/11/2022","19:46:02","Natural Gas","Natural Gas",11852,"Yes"
"D","08/11/2022","19:46:02","Nuclear","Nuclear",3327,"No"
"D","08/11/2022","19:46:02","Oil","Oil",3,"No"
"D","08/11/2022","19:46:02","Other","Other",20,"No"
"D","08/11/2022","19:46:02","Landfill Gas","Renewables",35,"No"
"D","08/11/2022","19:46:02","Refuse","Renewables",287,"No"
"D","08/11/2022","19:46:02","Solar","Renewables",6,"No"
"D","08/11/2022","19:46:02","Wind","Renewables",158,"No"
"D","08/11/2022","19:46:02","Wood","Renewables",199,"No"
"D","08/11/2022","19:51:17","Coal","Coal",8,"No"
"D","08/11/2022","19:51:17","Hydro","Hydro",1013,"No"
"D","08/11/2022","19:51:17","Natural Gas","Natural Gas",12015,"Yes"
"D","08/11/2022","19:51:17","Nuclear","Nuclear",3323,"No"
"D","08/11/2022","19:51:17","Oil","Oil",3,"No"
"D","08/11/2022","19:51:17","Other","Other",14,"No"
"D","08/11/2022","19:51:17","Landfill Gas","Renewables",35,"No"
"D","08/11/2022","19:51:17","Refuse","Renewables",288,"No"
"D","08/11/2022","19:51:17","Solar","Renewables",5,"No"
"D","08/11/2022","19:51:17","Wind","Renewables",163,"No"
"D","08/11/2022","19:51:17","Wood","Renewables",200,"No"
"D","08/11/2022","19:59:47","Coal","Coal",4,"No"
"D","08/11/2022","19:59:47","Hydro","Hydro",851,"Yes"
"D","08/11/2022","19:59:47","Natural Gas","Natural Gas",12081,"No"
"D","08/11/2022","19:59:47","Nuclear","Nuclear",3325,"No"
"D","08/11/2022","19:59:47","Oil","Oil",3,"No"
"D","08/11/2022","19:59:47","Other","Other",24,"No"
"D","08/11/2022","19:59:47","Landfill Gas","Renewables",35,"No"
"D","08/11/2022","19:59:47","Refuse","Renewables",287,"No"
"D","08/11/2022","19:59:47","Solar","Renewables",4,"No"
"D","08/11/2022","19:59:47","Wind","Renewables",157,"No"
"D","08/11/2022","19:59:47","Wood","Renewables",203,"No"
"D","08/11/2022","20:07:54","Hydro","Hydro",860,"No"
"D","08/11/2022","20:07:54","Natural Gas","Natural Gas",12077,"Yes"
"D","08/11/2022","20:07:54","Nuclear","Nuclear",3325,"No"
"D","08/11/2022","20:07:54","Oil","Oil",3,"No"
"D","08/11/2022","20:07:54","Other","Other",12,"No"
"D","08/11/2022","20:07:54","Landfill Gas","Renewables",35,"No"
"D","08/11/2022","20:07:54","Refuse","Renewables",280,"No"
"D","08/11/2022","20:07:54","Solar","Renewables",3,"No"
"D","08/11/2022","20:07:54","Wind","Renewables",157,"No"
"D","08/11/2022","20:07:54","Wood","Renewables",205,"No"
"D","08/11/2022","20:13:08","Hydro","Hydro",861,"No"
"D","08/11/2022","20:13:08","Natural Gas","Natural Gas",11960,"Yes"
"D","08/11/2022","20:13:08","Nuclear","Nuclear",3323,"No"
"D","08/11/2022","20:13:08","Oil","Oil",3,"No"
"D","08/11/2022","20:13:08","Other","Other",24,"No"
"D","08/11/2022","20:13:08","Landfill Gas","Renewables",35,"No"
"D","08/11/2022","20:13:08","Refuse","Renewables",283,"No"
"D","08/11/2022","20:13:08","Solar","Renewables",3,"No"
"D","08/11/2022","20:13:08","Wind","Renewables",148,"No"
"D","08/11/2022","20:13:08","Wood","Renewables",205,"No"
"D","08/11/2022","20:16:22","Coal","Coal",2,"No"
"D","08/11/2022","20:16:22","Hydro","Hydro",861,"No"
"D","08/11/2022","20:16:22","Natural Gas","Natural Gas",11995,"Yes"
"D","08/11/2022","20:16:22","Nuclear","Nuclear",3321,"No"
"D","08/11/2022","20:16:22","Oil","Oil",3,"No"
"D","08/11/2022","20:16:22","Other","Other",9,"No"
"D","08/11/2022","20:16:22","Landfill Gas","Renewables",35,"No"
"D","08/11/2022","20:16:22","Refuse","Renewables",286,"No"
"D","08/11/2022","20:16:22","Solar","Renewables",3,"No"
"D","08/11/2022","20:16:22","Wind","Renewables",147,"No"
"D","08/11/2022","20:16:22","Wood","Renewables",210,"No"
"D","08/11/2022","20:18:22","Coal","Coal",3,"No"
"D","08/11/2022","20:18:22","Hydro","Hydro",860,"No"
"D","08/11/2022","20:18:22","Natural Gas","Natural Gas",12036,"Yes"
"D","08/11/2022","20:18:22","Nuclear","Nuclear",3320,"No"
"D","08/11/2022","20:18:22","Oil","Oil",3,"No"
"D","08/11/2022","20:18:22","Other","Other",9,"No"
"D","08/11/2022","20:18:22","Landfill Gas","Renewables",35,"No"
"D","08/11/2022","20:18:22","Refuse","Renewables",286,"No"
"D","08/11/2022","20:18:22","Solar","Renewables",3,"No"
"D","08/11/2022","20:18:22","Wind","Renewables",144,"No"
"D","08/11/2022","20:18:22","Wood","Renewables",208,"No"
"D","08/11/2022","20:22:40","Coal","Coal",4,"No"
"D","08/11/2022","20:22:40","Hydro","Hydro",853,"No"
"D","08/11/2022","20:22:40","Natural Gas","Natural Gas",12054,"Yes"
"D","08/11/2022","20:22:40","Nuclear","Nuclear",3322,"No"
"D","08/11/2022","20:22:40","Oil","Oil",3,"No"
"D","08/11/2022","20:22:40","Other","Other",9,"No"
"D","08/11/2022","20:22:40","Landfill Gas","Renewables",35,"No"
"D","08/11/2022","20:22:40","Refuse","Renewables",290,"No"
"D","08/11/2022","20:22:40","Solar","Renewables",3,"No"
"D","08/11/2022","20:22:40","Wind","Renewables",147,"No"
"D","08/11/2022","20:22:40","Wood","Renewables",209,"No"
"D","08/11/2022","20:29:48","Coal","Coal",5,"No"
"D","08/11/2022","20:29:48","Hydro","Hydro",820,"No"
"D","08/11/2022","20:29:48","Natural Gas","Natural Gas",11913,"Yes"
"D","08/11/2022","20:29:48","Nuclear","Nuclear",3320,"No"
"D","08/11/2022","20:29:48","Oil","Oil",3,"No"
"D","08/11/2022","20:29:48","Other","Other",9,"No"
"D","08/11/2022","20:29:48","Landfill Gas","Renewables",35,"No"
"D","08/11/2022","20:29:48","Refuse","Renewables",285,"No"
"D","08/11/2022","20:29:48","Solar","Renewables",3,"No"
"D","08/11/2022","20:29:48","Wind","Renewables",134,"No"
"D","08/11/2022","20:29:48","Wood","Renewables",206,"No"
"D","08/11/2022","20:36:28","Coal","Coal",1,"No"
"D","08/11/2022","20:36:28","Hydro","Hydro",752,"No"
"D","08/11/2022","20:36:28","Natural Gas","Natural Gas",11817,"Yes"
"D","08/11/2022","20:36:28","Nuclear","Nuclear",3321,"No"
"D","08/11/2022","20:36:28","Oil","Oil",3,"No"
"D","08/11/2022","20:36:28","Other","Other",9,"No"
"D","08/11/2022","20:36:28","Landfill Gas","Renewables",35,"No"
"D","08/11/2022","20:36:28","Refuse","Renewables",292,"No"
"D","08/11/2022","20:36:28","Solar","Renewables",3,"No"
"D","08/11/2022","20:36:28","Wind","Renewables",135,"No"
"D","08/11/2022","20:36:28","Wood","Renewables",211,"No"
"D","08/11/2022","20:41:42","Hydro","Hydro",707,"No"
"D","08/11/2022","20:41:42","Natural Gas","Natural Gas",11764,"Yes"
"D","08/11/2022","20:41:42","Nuclear","Nuclear",3322,"No"
"D","08/11/2022","20:41:42","Oil","Oil",3,"No"
"D","08/11/2022","20:41:42","Other","Other",10,"No"
"D","08/11/2022","20:41:42","Landfill Gas","Renewables",35,"No"
"D","08/11/2022","20:41:42","Refuse","Renewables",285,"No"
"D","08/11/2022","20:41:42","Solar","Renewables",3,"No"
"D","08/11/2022","20:41:42","Wind","Renewables",122,"No"
"D","08/11/2022","20:41:42","Wood","Renewables",210,"No"
"D","08/11/2022","20:49:15","Hydro","Hydro",632,"No"
"D","08/11/2022","20:49:15","Natural Gas","Natural Gas",11718,"Yes"
"D","08/11/2022","20:49:15","Nuclear","Nuclear",3322,"No"
"D","08/11/2022","20:49:15","Oil","Oil",3,"No"
"D","08/11/2022","20:49:15","Other","Other",18,"No"
"D","08/11/2022","20:49:15","Landfill Gas","Renewables",35,"No"
"D","08/11/2022","20:49:15","Refuse","Renewables",287,"No"
"D","08/11/2022","20:49:15","Solar","Renewables",3,"No"
"D","08/11/2022","20:49:15","Wind","Renewables",122,"No"
"D","08/11/2022","20:49:15","Wood","Renewables",212,"No"
"D","08/11/2022","20:54:09","Hydro","Hydro",556,"No"
"D","08/11/2022","20:54:09","Natural Gas","Natural Gas",11719,"Yes"
"D","08/11/2022","20:54:09","Nuclear","Nuclear",3325,"No"
"D","08/11/2022","20:54:09","Oil","Oil",3,"No"
"D","08/11/2022","20:54:09","Other","Other",6,"No"
"D","08/11/2022","20:54:09","Landfill Gas","Renewables",35,"No"
"D","08/11/2022","20:54:09","Refuse","Renewables",287,"No"
"D","08/11/2022","20:54:09","Solar","Renewables",3,"No"
"D","08/11/2022","20:54:09","Wind","Renewables",127,"No"
"D","08/11/2022","20:54:09","Wood","Renewables",208,"No"
"D","08/11/2022","21:01:11","Hydro","Hydro",673,"No"
"D","08/11/2022","21:01:11","Natural Gas","Natural Gas",11353,"Yes"
"D","08/11/2022","21:01:11","Nuclear","Nuclear",3323,"No"
"D","08/11/2022","21:01:11","Oil","Oil",3,"No"
"D","08/11/2022","21:01:11","Other","Other",19,"No"
"D","08/11/2022","21:01:11","Landfill Gas","Renewables",35,"No"
"D","08/11/2022","21:01:11","Refuse","Renewables",280,"No"
"D","08/11/2022","21:01:11","Solar","Renewables",2,"No"
"D","08/11/2022","21:01:11","Wind","Renewables",142,"No"
"D","08/11/2022","21:01:11","Wood","Renewables",216,"No"
"D","08/11/2022","21:02:25","Hydro","Hydro",703,"No"
"D","08/11/2022","21:02:25","Natural Gas","Natural Gas",11321,"Yes"
"D","08/11/2022","21:02:25","Nuclear","Nuclear",3324,"No"
"D","08/11/2022","21:02:25","Oil","Oil",3,"No"
"D","08/11/2022","21:02:25","Other","Other",8,"No"
"D","08/11/2022","21:02:25","Landfill Gas","Renewables",35,"No"
"D","08/11/2022","21:02:25","Refuse","Renewables",280,"No"
"D","08/11/2022","21:02:25","Solar","Renewables",2,"No"
"D","08/11/2022","21:02:25","Wind","Renewables",144,"No"
"D","08/11/2022","21:02:25","Wood","Renewables",215,"No"
"D","08/11/2022","21:12:57","Hydro","Hydro",558,"No"
"D","08/11/2022","21:12:57","Natural Gas","Natural Gas",11389,"Yes"
"D","08/11/2022","21:12:57","Nuclear","Nuclear",3324,"No"
"D","08/11/2022","21:12:57","Oil","Oil",3,"No"
"D","08/11/2022","21:12:57","Other","Other",6,"No"
"D","08/11/2022","21:12:57","Landfill Gas","Renewables",35,"No"
"D","08/11/2022","21:12:57","Refuse","Renewables",277,"No"
"D","08/11/2022","21:12:57","Solar","Renewables",2,"No"
"D","08/11/2022","21:12:57","Wind","Renewables",164,"No"
"D","08/11/2022","21:12:57","Wood","Renewables",215,"No"
"D","08/11/2022","21:21:57","Hydro","Hydro",397,"No"
"D","08/11/2022","21:21:57","Natural Gas","Natural Gas",11331,"Yes"
"D","08/11/2022","21:21:57","Nuclear","Nuclear",3325,"No"
"D","08/11/2022","21:21:57","Oil","Oil",3,"No"
"D","08/11/2022","21:21:57","Other","Other",3,"No"
"D","08/11/2022","21:21:57","Landfill Gas","Renewables",35,"No"
"D","08/11/2022","21:21:57","Refuse","Renewables",267,"No"
"D","08/11/2022","21:21:57","Solar","Renewables",2,"No"
"D","08/11/2022","21:21:57","Wind","Renewables",150,"No"
"D","08/11/2022","21:21:57","Wood","Renewables",214,"No"
"D","08/11/2022","21:23:51","Coal","Coal",0,"No"
"D","08/11/2022","21:23:51","Hydro","Hydro",396,"No"
"D","08/11/2022","21:23:51","Natural Gas","Natural Gas",11333,"Yes"
"D","08/11/2022","21:23:51","Nuclear","Nuclear",3328,"No"
"D","08/11/2022","21:23:51","Oil","Oil",3,"No"
"D","08/11/2022","21:23:51","Other","Other",2,"No"
"D","08/11/2022","21:23:51","Landfill Gas","Renewables",35,"No"
"D","08/11/2022","21:23:51","Refuse","Renewables",268,"No"
"D","08/11/2022","21:23:51","Solar","Renewables",2,"No"
"D","08/11/2022","21:23:51","Wind","Renewables",149,"No"
"D","08/11/2022","21:23:51","Wood","Renewables",214,"No"
"D","08/11/2022","21:32:07","Hydro","Hydro",395,"No"
"D","08/11/2022","21:32:07","Natural Gas","Natural Gas",11399,"Yes"
"D","08/11/2022","21:32:07","Nuclear","Nuclear",3327,"No"
"D","08/11/2022","21:32:07","Oil","Oil",3,"No"
"D","08/11/2022","21:32:07","Other","Other",2,"No"
"D","08/11/2022","21:32:07","Landfill Gas","Renewables",35,"No"
"D","08/11/2022","21:32:07","Refuse","Renewables",282,"No"
"D","08/11/2022","21:32:07","Solar","Renewables",2,"No"
"D","08/11/2022","21:32:07","Wind","Renewables",148,"No"
"D","08/11/2022","21:32:07","Wood","Renewables",213,"No"
"D","08/11/2022","21:37:12","Hydro","Hydro",394,"No"
"D","08/11/2022","21:37:12","Natural Gas","Natural Gas",11139,"Yes"
"D","08/11/2022","21:37:12","Nuclear","Nuclear",3324,"No"
"D","08/11/2022","21:37:12","Oil","Oil",3,"No"
"D","08/11/2022","21:37:12","Other","Other",23,"No"
"D","08/11/2022","21:37:12","Landfill Gas","Renewables",35,"No"
"D","08/11/2022","21:37:12","Refuse","Renewables",282,"No"
"D","08/11/2022","21:37:12","Solar","Renewables",2,"No"
"D","08/11/2022","21:37:12","Wind","Renewables",138,"No"
"D","08/11/2022","21:37:12","Wood","Renewables",212,"No"
"D","08/11/2022","21:47:58","Hydro","Hydro",391,"No"
"D","08/11/2022","21:47:58","Natural Gas","Natural Gas",11181,"Yes"
"D","08/11/2022","21:47:58","Nuclear","Nuclear",3326,"No"
"D","08/11/2022","21:47:58","Oil","Oil",3,"No"
"D","08/11/2022","21:47:58","Other","Other",2,"No"
"D","08/11/2022","21:47:58","Landfill Gas","Renewables",35,"No"
"D","08/11/2022","21:47:58","Refuse","Renewables",280,"No"
"D","08/11/2022","21:47:58","Solar","Renewables",2,"No"
"D","08/11/2022","21:47:58","Wind","Renewables",123,"No"
"D","08/11/2022","21:47:58","Wood","Renewables",215,"No"
"D","08/11/2022","21:52:48","Coal","Coal",6,"No"
"D","08/11/2022","21:52:48","Hydro","Hydro",391,"No"
"D","08/11/2022","21:52:48","Natural Gas","Natural Gas",11022,"Yes"
"D","08/11/2022","21:52:48","Nuclear","Nuclear",3326,"No"
"D","08/11/2022","21:52:48","Oil","Oil",3,"No"
"D","08/11/2022","21:52:48","Other","Other",2,"No"
"D","08/11/2022","21:52:48","Landfill Gas","Renewables",35,"No"
"D","08/11/2022","21:52:48","Refuse","Renewables",281,"No"
"D","08/11/2022","21:52:48","Solar","Renewables",2,"No"
"D","08/11/2022","21:52:48","Wind","Renewables",131,"No"
"D","08/11/2022","21:52:48","Wood","Renewables",217,"No"
"D","08/11/2022","21:59:09","Hydro","Hydro",385,"No"
"D","08/11/2022","21:59:09","Natural Gas","Natural Gas",10744,"Yes"
"D","08/11/2022","21:59:09","Nuclear","Nuclear",3323,"No"
"D","08/11/2022","21:59:09","Oil","Oil",3,"No"
"D","08/11/2022","21:59:09","Other","Other",11,"No"
"D","08/11/2022","21:59:09","Landfill Gas","Renewables",35,"No"
"D","08/11/2022","21:59:09","Refuse","Renewables",282,"No"
"D","08/11/2022","21:59:09","Solar","Renewables",2,"No"
"D","08/11/2022","21:59:09","Wind","Renewables",145,"No"
"D","08/11/2022","21:59:09","Wood","Renewables",216,"No"
"D","08/11/2022","22:09:54","Hydro","Hydro",376,"No"
"D","08/11/2022","22:09:54","Natural Gas","Natural Gas",10614,"Yes"
"D","08/11/2022","22:09:54","Nuclear","Nuclear",3327,"No"
"D","08/11/2022","22:09:54","Oil","Oil",3,"No"
"D","08/11/2022","22:09:54","Other","Other",2,"No"
"D","08/11/2022","22:09:54","Landfill Gas","Renewables",35,"No"
"D","08/11/2022","22:09:54","Refuse","Renewables",292,"No"
"D","08/11/2022","22:09:54","Solar","Renewables",2,"No"
"D","08/11/2022","22:09:54","Wind","Renewables",159,"No"
"D","08/11/2022","22:09:54","Wood","Renewables",217,"No"
"D","08/11/2022","22:16:46","Hydro","Hydro",377,"No"
"D","08/11/2022","22:16:46","Natural Gas","Natural Gas",10012,"Yes"
"D","08/11/2022","22:16:46","Nuclear","Nuclear",3327,"No"
"D","08/11/2022","22:16:46","Oil","Oil",3,"No"
"D","08/11/2022","22:16:46","Other","Other",41,"No"
"D","08/11/2022","22:16:46","Landfill Gas","Renewables",35,"No"
"D","08/11/2022","22:16:46","Refuse","Renewables",292,"No"
"D","08/11/2022","22:16:46","Solar","Renewables",2,"No"
"D","08/11/2022","22:16:46","Wind","Renewables",164,"No"
"D","08/11/2022","22:16:46","Wood","Renewables",219,"No"
"D","08/11/2022","22:26:37","Hydro","Hydro",508,"No"
"D","08/11/2022","22:26:37","Natural Gas","Natural Gas",10078,"Yes"
"D","08/11/2022","22:26:37","Nuclear","Nuclear",3325,"No"
"D","08/11/2022","22:26:37","Oil","Oil",3,"No"
"D","08/11/2022","22:26:37","Other","Other",6,"No"
"D","08/11/2022","22:26:37","Landfill Gas","Renewables",35,"No"
"D","08/11/2022","22:26:37","Refuse","Renewables",291,"No"
"D","08/11/2022","22:26:37","Solar","Renewables",2,"No"
"D","08/11/2022","22:26:37","Wind","Renewables",166,"No"
"D","08/11/2022","22:26:37","Wood","Renewables",220,"No"
"D","08/11/2022","22:27:34","Hydro","Hydro",508,"No"
"D","08/11/2022","22:27:34","Natural Gas","Natural Gas",10078,"Yes"
"D","08/11/2022","22:27:34","Nuclear","Nuclear",3325,"No"
"D","08/11/2022","22:27:34","Oil","Oil",3,"No"
"D","08/11/2022","22:27:34","Other","Other",6,"No"
"D","08/11/2022","22:27:34","Landfill Gas","Renewables",35,"No"
"D","08/11/2022","22:27:34","Refuse","Renewables",291,"No"
"D","08/11/2022","22:27:34","Solar","Renewables",2,"No"
"D","08/11/2022","22:27:34","Wind","Renewables",166,"No"
"D","08/11/2022","22:27:34","Wood","Renewables",220,"No"
"D","08/11/2022","22:32:46","Hydro","Hydro",507,"No"
"D","08/11/2022","22:32:46","Natural Gas","Natural Gas",9710,"Yes"
"D","08/11/2022","22:32:46","Nuclear","Nuclear",3325,"No"
"D","08/11/2022","22:32:46","Oil","Oil",3,"No"
"D","08/11/2022","22:32:46","Other","Other",39,"No"
"D","08/11/2022","22:32:46","Landfill Gas","Renewables",35,"No"
"D","08/11/2022","22:32:46","Refuse","Renewables",290,"No"
"D","08/11/2022","22:32:46","Solar","Renewables",2,"No"
"D","08/11/2022","22:32:46","Wind","Renewables",178,"No"
"D","08/11/2022","22:32:46","Wood","Renewables",220,"No"
"D","08/11/2022","22:37:04","Hydro","Hydro",507,"No"
"D","08/11/2022","22:37:04","Natural Gas","Natural Gas",9570,"Yes"
"D","08/11/2022","22:37:04","Nuclear","Nuclear",3326,"No"
"D","08/11/2022","22:37:04","Oil","Oil",3,"No"
"D","08/11/2022","22:37:04","Other","Other",16,"No"
"D","08/11/2022","22:37:04","Landfill Gas","Renewables",35,"No"
"D","08/11/2022","22:37:04","Refuse","Renewables",292,"No"
"D","08/11/2022","22:37:04","Solar","Renewables",2,"No"
"D","08/11/2022","22:37:04","Wind","Renewables",176,"No"
"D","08/11/2022","22:37:04","Wood","Renewables",221,"No"
"D","08/11/2022","22:42:08","Hydro","Hydro",508,"No"
"D","08/11/2022","22:42:08","Natural Gas","Natural Gas",9492,"Yes"
"D","08/11/2022","22:42:08","Nuclear","Nuclear",3328,"No"
"D","08/11/2022","22:42:08","Oil","Oil",3,"No"
"D","08/11/2022","22:42:08","Other","Other",17,"No"
"D","08/11/2022","22:42:08","Landfill Gas","Renewables",35,"No"
"D","08/11/2022","22:42:08","Refuse","Renewables",290,"No"
"D","08/11/2022","22:42:08","Solar","Renewables",2,"No"
"D","08/11/2022","22:42:08","Wind","Renewables",183,"No"
"D","08/11/2022","22:42:08","Wood","Renewables",223,"No"
"D","08/11/2022","22:42:15","Hydro","Hydro",508,"No"
"D","08/11/2022","22:42:15","Natural Gas","Natural Gas",9492,"Yes"
"D","08/11/2022","22:42:15","Nuclear","Nuclear",3328,"No"
"D","08/11/2022","22:42:15","Oil","Oil",3,"No"
"D","08/11/2022","22:42:15","Other","Other",17,"No"
"D","08/11/2022","22:42:15","Landfill Gas","Renewables",35,"No"
"D","08/11/2022","22:42:15","Refuse","Renewables",290,"No"
"D","08/11/2022","22:42:15","Solar","Renewables",2,"No"
"D","08/11/2022","22:42:15","Wind","Renewables",183,"No"
"D","08/11/2022","22:42:15","Wood","Renewables",223,"No"
"D","08/11/2022","22:52:14","Hydro","Hydro",505,"No"
"D","08/11/2022","22:52:14","Natural Gas","Natural Gas",9433,"Yes"
"D","08/11/2022","22:52:14","Nuclear","Nuclear",3327,"No"
"D","08/11/2022","22:52:14","Oil","Oil",3,"No"
"D","08/11/2022","22:52:14","Other","Other",6,"No"
"D","08/11/2022","22:52:14","Landfill Gas","Renewables",35,"No"
"D","08/11/2022","22:52:14","Refuse","Renewables",289,"No"
"D","08/11/2022","22:52:14","Solar","Renewables",2,"No"
"D","08/11/2022","22:52:14","Wind","Renewables",168,"No"
"D","08/11/2022","22:52:14","Wood","Renewables",221,"No"
"D","08/11/2022","23:02:44","Hydro","Hydro",507,"No"
"D","08/11/2022","23:02:44","Natural Gas","Natural Gas",8855,"Yes"
"D","08/11/2022","23:02:44","Nuclear","Nuclear",3327,"No"
"D","08/11/2022","23:02:44","Oil","Oil",3,"No"
"D","08/11/2022","23:02:44","Other","Other",7,"No"
"D","08/11/2022","23:02:44","Landfill Gas","Renewables",35,"No"
"D","08/11/2022","23:02:44","Refuse","Renewables",290,"No"
"D","08/11/2022","23:02:44","Solar","Renewables",2,"No"
"D","08/11/2022","23:02:44","Wind","Renewables",184,"No"
"D","08/11/2022","23:02:44","Wood","Renewables",219,"No"
"D","08/11/2022","23:12:07","Hydro","Hydro",507,"No"
"D","08/11/2022","23:12:07","Natural Gas","Natural Gas",8865,"Yes"
"D","08/11/2022","23:12:07","Nuclear","Nuclear",3327,"No"
"D","08/11/2022","23:12:07","Oil","Oil",3,"No"
"D","08/11/2022","23:12:07","Other","Other",6,"No"
"D","08/11/2022","23:12:07","Landfill Gas","Renewables",35,"No"
"D","08/11/2022","23:12:07","Refuse","Renewables",293,"No"
"D","08/11/2022","23:12:07","Solar","Renewables",2,"No"
"D","08/11/2022","23:12:07","Wind","Renewables",200,"No"
"D","08/11/2022","23:12:07","Wood","Renewables",220,"No"
"D","08/11/2022","23:21:09","Hydro","Hydro",506,"No"
"D","08/11/2022","23:21:09","Natural Gas","Natural Gas",8470,"Yes"
"D","08/11/2022","23:21:09","Nuclear","Nuclear",3329,"No"
"D","08/11/2022","23:21:09","Oil","Oil",3,"No"
"D","08/11/2022","23:21:09","Other","Other",10,"No"
"D","08/11/2022","23:21:09","Landfill Gas","Renewables",35,"No"
"D","08/11/2022","23:21:09","Refuse","Renewables",293,"No"
"D","08/11/2022","23:21:09","Solar","Renewables",2,"No"
"D","08/11/2022","23:21:09","Wind","Renewables",202,"No"
"D","08/11/2022","23:21:09","Wood","Renewables",221,"No"
"D","08/11/2022","23:31:17","Coal","Coal",1,"No"
"D","08/11/2022","23:31:17","Hydro","Hydro",374,"No"
"D","08/11/2022","23:31:17","Natural Gas","Natural Gas",8426,"Yes"
"D","08/11/2022","23:31:17","Nuclear","Nuclear",3328,"No"
"D","08/11/2022","23:31:17","Oil","Oil",3,"No"
"D","08/11/2022","23:31:17","Other","Other",6,"No"
"D","08/11/2022","23:31:17","Landfill Gas","Renewables",35,"No"
"D","08/11/2022","23:31:17","Refuse","Renewables",296,"No"
"D","08/11/2022","23:31:17","Solar","Renewables",2,"No"
"D","08/11/2022","23:31:17","Wind","Renewables",199,"No"
"D","08/11/2022","23:31:17","Wood","Renewables",219,"No"
"D","08/11/2022","23:37:42","Coal","Coal",1,"No"
"D","08/11/2022","23:37:42","Hydro","Hydro",376,"No"
"D","08/11/2022","23:37:42","Natural Gas","Natural Gas",8372,"Yes"
"D","08/11/2022","23:37:42","Nuclear","Nuclear",3326,"No"
"D","08/11/2022","23:37:42","Oil","Oil",3,"No"
"D","08/11/2022","23:37:42","Other","Other",2,"No"
"D","08/11/2022","23:37:42","Landfill Gas","Renewables",35,"No"
"D","08/11/2022","23:37:42","Refuse","Renewables",293,"No"
"D","08/11/2022","23:37:42","Solar","Renewables",2,"No"
"D","08/11/2022","23:37:42","Wind","Renewables",208,"No"
"D","08/11/2022","23:37:42","Wood","Renewables",220,"No"
"D","08/11/2022","23:46:26","Hydro","Hydro",375,"No"
"D","08/11/2022","23:46:26","Natural Gas","Natural Gas",8206,"Yes"
"D","08/11/2022","23:46:26","Nuclear","Nuclear",3327,"No"
"D","08/11/2022","23:46:26","Other","Other",3,"No"
"D","08/11/2022","23:46:26","Landfill Gas","Renewables",35,"No"
"D","08/11/2022","23:46:26","Refuse","Renewables",294,"No"
"D","08/11/2022","23:46:26","Solar","Renewables",2,"No"
"D","08/11/2022","23:46:26","Wind","Renewables",220,"No"
"D","08/11/2022","23:46:26","Wood","Renewables",220,"No"
"D","08/11/2022","23:53:04","Hydro","Hydro",373,"No"
"D","08/11/2022","23:53:04","Natural Gas","Natural Gas",8071,"Yes"
"D","08/11/2022","23:53:04","Nuclear","Nuclear",3327,"No"
"D","08/11/2022","23:53:04","Other","Other",2,"No"
"D","08/11/2022","23:53:04","Landfill Gas","Renewables",35,"No"
"D","08/11/2022","23:53:04","Refuse","Renewables",288,"No"
"D","08/11/2022","23:53:04","Solar","Renewables",2,"No"
"D","08/11/2022","23:53:04","Wind","Renewables",220,"No"
"D","08/11/2022","23:53:04","Wood","Renewables",222,"No"
"D","08/11/2022","23:57:37","Coal","Coal",1,"No"
"D","08/11/2022","23:57:37","Hydro","Hydro",357,"No"
"D","08/11/2022","23:57:37","Natural Gas","Natural Gas",8092,"Yes"
"D","08/11/2022","23:57:37","Nuclear","Nuclear",3326,"No"
"D","08/11/2022","23:57:37","Other","Other",2,"No"
"D","08/11/2022","23:57:37","Landfill Gas","Renewables",35,"No"
"D","08/11/2022","23:57:37","Refuse","Renewables",291,"No"
"D","08/11/2022","23:57:37","Solar","Renewables",2,"No"
"D","08/11/2022","23:57:37","Wind","Renewables",218,"No"
"D","08/11/2022","23:57:37","Wood","Renewables",220,"No"
"T","2435 lines"