Timestamp,Interface Name,Point ID,Flow (MWH),Positive Limit (MWH),Negative Limit (MWH)
06/15/2018 00:00,CENTRAL EAST - VC,23330,1798.76,2180,-9999
06/15/2018 00:00,DYSINGER EAST,23326,814.85,3150,-9999
06/15/2018 00:00,MOSES SOUTH,23319,1996.26,3150,-1600
06/15/2018 00:00,SCH - HQ - NY,23324,1500,1500,-1000
06/15/2018 00:00,SCH - HQ_CEDARS,325274,35,70,-40
06/15/2018 00:00,SCH - HQ_IMPORT_EXPORT,325376,1200,1310,-9999
06/15/2018 00:00,SCH - NE - NY,23318,-382.53,1400,-1600
06/15/2018 00:00,SCH - NPX_1385,325277,44,200,-200
06/15/2018 00:00,SCH - NPX_CSC,325154,215,330,-330
06/15/2018 00:00,SCH - OH - NY,23317,972.62,1400,-1600
06/15/2018 00:00,SCH - PJ - NY,23316,35.63,2050,-1300
06/15/2018 00:00,SCH - PJM_HTP,325905,100,660,-660
06/15/2018 00:00,SCH - PJM_NEPTUNE,325305,544,660,-660
06/15/2018 00:00,SCH - PJM_VFT,325658,157,315,-315
06/15/2018 00:00,SPR/DUN-SOUTH,23320,2958.41,4600,-9999
06/15/2018 00:00,TOTAL EAST,23314,3659.45,6800,-9999
06/15/2018 00:00,UPNY CONED,23315,2534.43,5700,-9999
06/15/2018 00:00,WEST CENTRAL,23312,488.28,9999,-9999
06/15/2018 00:05,CENTRAL EAST - VC,23330,1814.74,2180,-9999
06/15/2018 00:05,DYSINGER EAST,23326,827.44,3150,-9999
06/15/2018 00:05,MOSES SOUTH,23319,1971.55,3150,-1600
06/15/2018 00:05,SCH - HQ - NY,23324,1500,1500,-1000
06/15/2018 00:05,SCH - HQ_CEDARS,325274,0,70,-40
06/15/2018 00:05,SCH - HQ_IMPORT_EXPORT,325376,1200,1310,-9999
06/15/2018 00:05,SCH - NE - NY,23318,-282.48,1400,-1600
06/15/2018 00:05,SCH - NPX_1385,325277,0,200,-200
06/15/2018 00:05,SCH - NPX_CSC,325154,215,330,-330
06/15/2018 00:05,SCH - OH - NY,23317,945.7,1400,-1600
06/15/2018 00:05,SCH - PJ - NY,23316,47.94,2050,-1300
06/15/2018 00:05,SCH - PJM_HTP,325905,100,660,-660
06/15/2018 00:05,SCH - PJM_NEPTUNE,325305,593,660,-660
06/15/2018 00:05,SCH - PJM_VFT,325658,0,315,-315
06/15/2018 00:05,SPR/DUN-SOUTH,23320,2966.45,4600,-9999
06/15/2018 00:05,TOTAL EAST,23314,3630.66,6800,-9999
06/15/2018 00:05,UPNY CONED,23315,2517.54,5700,-9999
06/15/2018 00:05,WEST CENTRAL,23312,505.88,9999,-9999
06/15/2018 00:10,CENTRAL EAST - VC,23330,1776.43,2180,-9999
06/15/2018 00:10,DYSINGER EAST,23326,836.12,3150,-9999
06/15/2018 00:10,MOSES SOUTH,23319,1967.53,3150,-1600
06/15/2018 00:10,SCH - HQ - NY,23324,1500,1500,-1000
06/15/2018 00:10,SCH - HQ_CEDARS,325274,0,70,-40
06/15/2018 00:10,SCH - HQ_IMPORT_EXPORT,325376,1200,1310,-9999
06/15/2018 00:10,SCH - NE - NY,23318,-282.47,1400,-1600
06/15/2018 00:10,SCH - NPX_1385,325277,0,200,-200
06/15/2018 00:10,SCH - NPX_CSC,325154,215,330,-330
06/15/2018 00:10,SCH - OH - NY,23317,945.79,1400,-1600
06/15/2018 00:10,SCH - PJ - NY,23316,46.21,2050,-1300
06/15/2018 00:10,SCH - PJM_HTP,325905,100,660,-660
06/15/2018 00:10,SCH - PJM_NEPTUNE,325305,593,660,-660
06/15/2018 00:10,SCH - PJM_VFT,325658,0,315,-315
06/15/2018 00:10,SPR/DUN-SOUTH,23320,2841.54,4600,-9999
06/15/2018 00:10,TOTAL EAST,23314,3596.25,6800,-9999
06/15/2018 00:10,UPNY CONED,23315,2377.78,5700,-9999
06/15/2018 00:10,WEST CENTRAL,23312,516.35,9999,-9999
06/15/2018 00:15,CENTRAL EAST - VC,23330,1788.99,2105,-9999
06/15/2018 00:15,DYSINGER EAST,23326,942.82,3150,-9999
06/15/2018 00:15,MOSES SOUTH,23319,1909.39,3150,-1600
06/15/2018 00:15,SCH - HQ - NY,23324,1500,1500,-1000
06/15/2018 00:15,SCH - HQ_CEDARS,325274,0,70,-40
06/15/2018 00:15,SCH - HQ_IMPORT_EXPORT,325376,1200,1310,-9999
06/15/2018 00:15,SCH - NE - NY,23318,-203.73,1400,-1600
06/15/2018 00:15,SCH - NPX_1385,325277,0,200,-200
06/15/2018 00:15,SCH - NPX_CSC,325154,215,330,-330
06/15/2018 00:15,SCH - OH - NY,23317,945.9,1400,-1600
06/15/2018 00:15,SCH - PJ - NY,23316,51.38,2050,-1300
06/15/2018 00:15,SCH - PJM_HTP,325905,100,660,-660
06/15/2018 00:15,SCH - PJM_NEPTUNE,325305,593,660,-660
06/15/2018 00:15,SCH - PJM_VFT,325658,0,315,-315
06/15/2018 00:15,SPR/DUN-SOUTH,23320,2826.72,4600,-9999
06/15/2018 00:15,TOTAL EAST,23314,3556.91,6800,-9999
06/15/2018 00:15,UPNY CONED,23315,2356.23,5700,-9999
06/15/2018 00:15,WEST CENTRAL,23312,627.05,9999,-9999
06/15/2018 00:20,CENTRAL EAST - VC,23330,1749.96,2105,-9999
06/15/2018 00:20,DYSINGER EAST,23326,951.26,3150,-9999
06/15/2018 00:20,MOSES SOUTH,23319,1873.24,3150,-1600
06/15/2018 00:20,SCH - HQ - NY,23324,1500,1500,-1000
06/15/2018 00:20,SCH - HQ_CEDARS,325274,0,70,-40
06/15/2018 00:20,SCH - HQ_IMPORT_EXPORT,325376,1200,1310,-9999
06/15/2018 00:20,SCH - NE - NY,23318,-118.15,1400,-1600
06/15/2018 00:20,SCH - NPX_1385,325277,0,200,-200
06/15/2018 00:20,SCH - NPX_CSC,325154,215,330,-330
06/15/2018 00:20,SCH - OH - NY,23317,945.96,1700,-1600
06/15/2018 00:20,SCH - PJ - NY,23316,46.15,2050,-1300
06/15/2018 00:20,SCH - PJM_HTP,325905,100,660,-660
06/15/2018 00:20,SCH - PJM_NEPTUNE,325305,593,660,-660
06/15/2018 00:20,SCH - PJM_VFT,325658,0,315,-315
06/15/2018 00:20,SPR/DUN-SOUTH,23320,2856.37,4600,-9999
06/15/2018 00:20,TOTAL EAST,23314,3486.5,6800,-9999
06/15/2018 00:20,UPNY CONED,23315,2377.97,5700,-9999
06/15/2018 00:20,WEST CENTRAL,23312,639.38,9999,-9999
06/15/2018 00:25,CENTRAL EAST - VC,23330,1759.71,2105,-9999
06/15/2018 00:25,DYSINGER EAST,23326,954.58,3150,-9999
06/15/2018 00:25,MOSES SOUTH,23319,1872.88,3150,-1600
06/15/2018 00:25,SCH - HQ - NY,23324,1500,1500,-1000
06/15/2018 00:25,SCH - HQ_CEDARS,325274,0,70,-40
06/15/2018 00:25,SCH - HQ_IMPORT_EXPORT,325376,1200,1310,-9999
06/15/2018 00:25,SCH - NE - NY,23318,-117.65,1400,-1600
06/15/2018 00:25,SCH - NPX_1385,325277,0,200,-200
06/15/2018 00:25,SCH - NPX_CSC,325154,215,330,-330
06/15/2018 00:25,SCH - OH - NY,23317,946.05,1700,-1600
06/15/2018 00:25,SCH - PJ - NY,23316,46.56,2050,-1300
06/15/2018 00:25,SCH - PJM_HTP,325905,100,660,-660
06/15/2018 00:25,SCH - PJM_NEPTUNE,325305,593,660,-660
06/15/2018 00:25,SCH - PJM_VFT,325658,0,315,-315
06/15/2018 00:25,SPR/DUN-SOUTH,23320,2864.21,4600,-9999
06/15/2018 00:25,TOTAL EAST,23314,3451.04,6800,-9999
06/15/2018 00:25,UPNY CONED,23315,2376.15,5700,-9999
06/15/2018 00:25,WEST CENTRAL,23312,647.7,9999,-9999
06/15/2018 00:30,CENTRAL EAST - VC,23330,1789.17,2105,-9999
06/15/2018 00:30,DYSINGER EAST,23326,991.86,3150,-9999
06/15/2018 00:30,MOSES SOUTH,23319,1881.3,3150,-1600
06/15/2018 00:30,SCH - HQ - NY,23324,1500,1500,-1000
06/15/2018 00:30,SCH - HQ_CEDARS,325274,0,70,-40
06/15/2018 00:30,SCH - HQ_IMPORT_EXPORT,325376,1200,1310,-9999
06/15/2018 00:30,SCH - NE - NY,23318,-137.38,1400,-1600
06/15/2018 00:30,SCH - NPX_1385,325277,0,200,-200
06/15/2018 00:30,SCH - NPX_CSC,325154,215,330,-330
06/15/2018 00:30,SCH - OH - NY,23317,946.21,1700,-1600
06/15/2018 00:30,SCH - PJ - NY,23316,51.38,2050,-1300
06/15/2018 00:30,SCH - PJM_HTP,325905,100,660,-660
06/15/2018 00:30,SCH - PJM_NEPTUNE,325305,593,660,-660
06/15/2018 00:30,SCH - PJM_VFT,325658,0,315,-315
06/15/2018 00:30,SPR/DUN-SOUTH,23320,2848.69,4600,-9999
06/15/2018 00:30,TOTAL EAST,23314,3440.98,6800,-9999
06/15/2018 00:30,UPNY CONED,23315,2376.45,5700,-9999
06/15/2018 00:30,WEST CENTRAL,23312,688.48,9999,-9999
06/15/2018 00:35,CENTRAL EAST - VC,23330,1831.02,2105,-9999
06/15/2018 00:35,DYSINGER EAST,23326,1010.7,3150,-9999
06/15/2018 00:35,MOSES SOUTH,23319,1865.26,3150,-1600
06/15/2018 00:35,SCH - HQ - NY,23324,1500,1500,-1000
06/15/2018 00:35,SCH - HQ_CEDARS,325274,0,70,-40
06/15/2018 00:35,SCH - HQ_IMPORT_EXPORT,325376,1200,1310,-9999
06/15/2018 00:35,SCH - NE - NY,23318,-151.03,1400,-1600
06/15/2018 00:35,SCH - NPX_1385,325277,0,200,-200
06/15/2018 00:35,SCH - NPX_CSC,325154,215,330,-330
06/15/2018 00:35,SCH - OH - NY,23317,946.1,1700,-1600
06/15/2018 00:35,SCH - PJ - NY,23316,44.84,2050,-1300
06/15/2018 00:35,SCH - PJM_HTP,325905,100,660,-660
06/15/2018 00:35,SCH - PJM_NEPTUNE,325305,593,660,-660
06/15/2018 00:35,SCH - PJM_VFT,325658,0,315,-315
06/15/2018 00:35,SPR/DUN-SOUTH,23320,2885.65,4600,-9999
06/15/2018 00:35,TOTAL EAST,23314,3435.23,6800,-9999
06/15/2018 00:35,UPNY CONED,23315,2394.62,5700,-9999
06/15/2018 00:35,WEST CENTRAL,23312,710.92,9999,-9999
06/15/2018 00:40,CENTRAL EAST - VC,23330,1791.18,2045,-9999
06/15/2018 00:40,DYSINGER EAST,23326,1033.43,3150,-9999
06/15/2018 00:40,MOSES SOUTH,23319,1850.05,3150,-1600
06/15/2018 00:40,SCH - HQ - NY,23324,1500,1500,-1000
06/15/2018 00:40,SCH - HQ_CEDARS,325274,0,70,-40
06/15/2018 00:40,SCH - HQ_IMPORT_EXPORT,325376,1200,1310,-9999
06/15/2018 00:40,SCH - NE - NY,23318,-154.79,1400,-1600
06/15/2018 00:40,SCH - NPX_1385,325277,0,200,-200
06/15/2018 00:40,SCH - NPX_CSC,325154,215,330,-330
06/15/2018 00:40,SCH - OH - NY,23317,946.2,1700,-1600
06/15/2018 00:40,SCH - PJ - NY,23316,50.32,2050,-1300
06/15/2018 00:40,SCH - PJM_HTP,325905,100,660,-660
06/15/2018 00:40,SCH - PJM_NEPTUNE,325305,593,660,-660
06/15/2018 00:40,SCH - PJM_VFT,325658,0,315,-315
06/15/2018 00:40,SPR/DUN-SOUTH,23320,2899.77,4600,-9999
06/15/2018 00:40,TOTAL EAST,23314,3448.08,6800,-9999
06/15/2018 00:40,UPNY CONED,23315,2389.01,5700,-9999
06/15/2018 00:40,WEST CENTRAL,23312,737.26,9999,-9999
06/15/2018 00:45,CENTRAL EAST - VC,23330,1790.35,2045,-9999
06/15/2018 00:45,DYSINGER EAST,23326,1016.88,3150,-9999
06/15/2018 00:45,MOSES SOUTH,23319,1855.67,3150,-1600
06/15/2018 00:45,SCH - HQ - NY,23324,1500,1500,-1000
06/15/2018 00:45,SCH - HQ_CEDARS,325274,0,70,-40
06/15/2018 00:45,SCH - HQ_IMPORT_EXPORT,325376,1200,1310,-9999
06/15/2018 00:45,SCH - NE - NY,23318,-122.41,1400,-1600
06/15/2018 00:45,SCH - NPX_1385,325277,0,200,-200
06/15/2018 00:45,SCH - NPX_CSC,325154,215,330,-330
06/15/2018 00:45,SCH - OH - NY,23317,946.18,1700,-1600
06/15/2018 00:45,SCH - PJ - NY,23316,52.74,2050,-1300
06/15/2018 00:45,SCH - PJM_HTP,325905,100,660,-660
06/15/2018 00:45,SCH - PJM_NEPTUNE,325305,593,660,-660
06/15/2018 00:45,SCH - PJM_VFT,325658,0,315,-315
06/15/2018 00:45,SPR/DUN-SOUTH,23320,2984.76,4600,-9999
06/15/2018 00:45,TOTAL EAST,23314,3466.6,6800,-9999
06/15/2018 00:45,UPNY CONED,23315,2448.28,5700,-9999
06/15/2018 00:45,WEST CENTRAL,23312,725.68,9999,-9999
06/15/2018 00:50,CENTRAL EAST - VC,23330,1802.1,2045,-9999
06/15/2018 00:50,DYSINGER EAST,23326,1025.69,3150,-9999
06/15/2018 00:50,MOSES SOUTH,23319,1857.08,3150,-1600
06/15/2018 00:50,SCH - HQ - NY,23324,1500,1500,-1000
06/15/2018 00:50,SCH - HQ_CEDARS,325274,0,70,-40
06/15/2018 00:50,SCH - HQ_IMPORT_EXPORT,325376,1200,1310,-9999
06/15/2018 00:50,SCH - NE - NY,23318,-87.58,1400,-1600
06/15/2018 00:50,SCH - NPX_1385,325277,0,200,-200
06/15/2018 00:50,SCH - NPX_CSC,325154,215,330,-330
06/15/2018 00:50,SCH - OH - NY,23317,946.16,1700,-1600
06/15/2018 00:50,SCH - PJ - NY,23316,49.96,2050,-1300
06/15/2018 00:50,SCH - PJM_HTP,325905,100,660,-660
06/15/2018 00:50,SCH - PJM_NEPTUNE,325305,593,660,-660
06/15/2018 00:50,SCH - PJM_VFT,325658,0,315,-315
06/15/2018 00:50,SPR/DUN-SOUTH,23320,3079.4,4600,-9999
06/15/2018 00:50,TOTAL EAST,23314,3498.95,6800,-9999
06/15/2018 00:50,UPNY CONED,23315,2525.78,5700,-9999
06/15/2018 00:50,WEST CENTRAL,23312,740.28,9999,-9999
06/15/2018 00:55,CENTRAL EAST - VC,23330,1826.21,2045,-9999
06/15/2018 00:55,DYSINGER EAST,23326,1024.66,3150,-9999
06/15/2018 00:55,MOSES SOUTH,23319,1857.11,3150,-1600
06/15/2018 00:55,SCH - HQ - NY,23324,1500,1500,-1000
06/15/2018 00:55,SCH - HQ_CEDARS,325274,0,70,-40
06/15/2018 00:55,SCH - HQ_IMPORT_EXPORT,325376,1200,1310,-9999
06/15/2018 00:55,SCH - NE - NY,23318,-86.03,1400,-1600
06/15/2018 00:55,SCH - NPX_1385,325277,0,200,-200
06/15/2018 00:55,SCH - NPX_CSC,325154,215,330,-330
06/15/2018 00:55,SCH - OH - NY,23317,946.15,1700,-1600
06/15/2018 00:55,SCH - PJ - NY,23316,48.81,2050,-1300
06/15/2018 00:55,SCH - PJM_HTP,325905,100,660,-660
06/15/2018 00:55,SCH - PJM_NEPTUNE,325305,593,660,-660
06/15/2018 00:55,SCH - PJM_VFT,325658,0,315,-315
06/15/2018 00:55,SPR/DUN-SOUTH,23320,3082.3,4600,-9999
06/15/2018 00:55,TOTAL EAST,23314,3537.36,6800,-9999
06/15/2018 00:55,UPNY CONED,23315,2481.71,5700,-9999
06/15/2018 00:55,WEST CENTRAL,23312,745.23,9999,-9999
06/15/2018 01:00,CENTRAL EAST - VC,23330,1790.86,2045,-9999
06/15/2018 01:00,DYSINGER EAST,23326,978.53,3150,-9999
06/15/2018 01:00,MOSES SOUTH,23319,1879.41,3150,-1600
06/15/2018 01:00,SCH - HQ - NY,23324,1500,1500,-1000
06/15/2018 01:00,SCH - HQ_CEDARS,325274,0,70,-40
06/15/2018 01:00,SCH - HQ_IMPORT_EXPORT,325376,1200,1310,-9999
06/15/2018 01:00,SCH - NE - NY,23318,-119.28,1400,-1600
06/15/2018 01:00,SCH - NPX_1385,325277,22,200,-200
06/15/2018 01:00,SCH - NPX_CSC,325154,157,330,-330
06/15/2018 01:00,SCH - OH - NY,23317,974.17,1700,-1600
06/15/2018 01:00,SCH - PJ - NY,23316,49.74,2050,-1300
06/15/2018 01:00,SCH - PJM_HTP,325905,100,660,-660
06/15/2018 01:00,SCH - PJM_NEPTUNE,325305,508,660,-660
06/15/2018 01:00,SCH - PJM_VFT,325658,0,315,-315
06/15/2018 01:00,SPR/DUN-SOUTH,23320,2960.19,4600,-9999
06/15/2018 01:00,TOTAL EAST,23314,3475.74,6800,-9999
06/15/2018 01:00,UPNY CONED,23315,2442.39,5700,-9999
06/15/2018 01:00,WEST CENTRAL,23312,704.99,9999,-9999
06/15/2018 01:05,CENTRAL EAST - VC,23330,1825.1,2045,-9999
06/15/2018 01:05,DYSINGER EAST,23326,999.83,3150,-9999
06/15/2018 01:05,MOSES SOUTH,23319,1879.74,3150,-1600
06/15/2018 01:05,SCH - HQ - NY,23324,1500,1500,-1000
06/15/2018 01:05,SCH - HQ_CEDARS,325274,0,70,-40
06/15/2018 01:05,SCH - HQ_IMPORT_EXPORT,325376,1200,1310,-9999
06/15/2018 01:05,SCH - NE - NY,23318,-153.73,1400,-1600
06/15/2018 01:05,SCH - NPX_1385,325277,45,200,-200
06/15/2018 01:05,SCH - NPX_CSC,325154,100,330,-330
06/15/2018 01:05,SCH - OH - NY,23317,1001.99,1700,-1600
06/15/2018 01:05,SCH - PJ - NY,23316,51.57,2050,-1300
06/15/2018 01:05,SCH - PJM_HTP,325905,100,660,-660
06/15/2018 01:05,SCH - PJM_NEPTUNE,325305,423,660,-660
06/15/2018 01:05,SCH - PJM_VFT,325658,0,315,-315
06/15/2018 01:05,SPR/DUN-SOUTH,23320,2845.48,4600,-9999
06/15/2018 01:05,TOTAL EAST,23314,3509.59,6800,-9999
06/15/2018 01:05,UPNY CONED,23315,2408.22,5700,-9999
06/15/2018 01:05,WEST CENTRAL,23312,728.98,9999,-9999
06/15/2018 01:10,CENTRAL EAST - VC,23330,1789.65,2045,-9999
06/15/2018 01:10,DYSINGER EAST,23326,962.64,3150,-9999
06/15/2018 01:10,MOSES SOUTH,23319,1869.33,3150,-1600
06/15/2018 01:10,SCH - HQ - NY,23324,1500,1500,-1000
06/15/2018 01:10,SCH - HQ_CEDARS,325274,0,70,-40
06/15/2018 01:10,SCH - HQ_IMPORT_EXPORT,325376,1200,1310,-9999
06/15/2018 01:10,SCH - NE - NY,23318,-153.16,1400,-1600
06/15/2018 01:10,SCH - NPX_1385,325277,45,200,-200
06/15/2018 01:10,SCH - NPX_CSC,325154,100,330,-330
06/15/2018 01:10,SCH - OH - NY,23317,1001.94,1700,-1600
06/15/2018 01:10,SCH - PJ - NY,23316,53.88,2050,-1300
06/15/2018 01:10,SCH - PJM_HTP,325905,100,660,-660
06/15/2018 01:10,SCH - PJM_NEPTUNE,325305,423,660,-660
06/15/2018 01:10,SCH - PJM_VFT,325658,0,315,-315
06/15/2018 01:10,SPR/DUN-SOUTH,23320,2765.59,4600,-9999
06/15/2018 01:10,TOTAL EAST,23314,3514.81,6800,-9999
06/15/2018 01:10,UPNY CONED,23315,2338.45,5700,-9999
06/15/2018 01:10,WEST CENTRAL,23312,694.43,9999,-9999
06/15/2018 01:15,CENTRAL EAST - VC,23330,1827.95,2045,-9999
06/15/2018 01:15,DYSINGER EAST,23326,1008.94,3150,-9999
06/15/2018 01:15,MOSES SOUTH,23319,1832.37,3150,-1600
06/15/2018 01:15,SCH - HQ - NY,23324,1500,1500,-1000
06/15/2018 01:15,SCH - HQ_CEDARS,325274,0,70,-40
06/15/2018 01:15,SCH - HQ_IMPORT_EXPORT,325376,1200,1310,-9999
06/15/2018 01:15,SCH - NE - NY,23318,-138.32,1400,-1600
06/15/2018 01:15,SCH - NPX_1385,325277,45,200,-200
06/15/2018 01:15,SCH - NPX_CSC,325154,100,330,-330
06/15/2018 01:15,SCH - OH - NY,23317,1001.91,1700,-1600
06/15/2018 01:15,SCH - PJ - NY,23316,52.3,2050,-1300
06/15/2018 01:15,SCH - PJM_HTP,325905,100,660,-660
06/15/2018 01:15,SCH - PJM_NEPTUNE,325305,423,660,-660
06/15/2018 01:15,SCH - PJM_VFT,325658,0,315,-315
06/15/2018 01:15,SPR/DUN-SOUTH,23320,2812.6,4600,-9999
06/15/2018 01:15,TOTAL EAST,23314,3533.2,6800,-9999
06/15/2018 01:15,UPNY CONED,23315,2365.41,5700,-9999
06/15/2018 01:15,WEST CENTRAL,23312,743.22,9999,-9999
06/15/2018 01:20,CENTRAL EAST - VC,23330,1828.02,2045,-9999
06/15/2018 01:20,DYSINGER EAST,23326,1007.91,3150,-9999
06/15/2018 01:20,MOSES SOUTH,23319,1814.66,3150,-1600
06/15/2018 01:20,SCH - HQ - NY,23324,1500,1500,-1000
06/15/2018 01:20,SCH - HQ_CEDARS,325274,0,70,-40
06/15/2018 01:20,SCH - HQ_IMPORT_EXPORT,325376,1200,1310,-9999
06/15/2018 01:20,SCH - NE - NY,23318,-124.29,1400,-1600
06/15/2018 01:20,SCH - NPX_1385,325277,45,200,-200
06/15/2018 01:20,SCH - NPX_CSC,325154,100,330,-330
06/15/2018 01:20,SCH - OH - NY,23317,1001.84,1700,-1600
06/15/2018 01:20,SCH - PJ - NY,23316,53.23,2050,-1300
06/15/2018 01:20,SCH - PJM_HTP,325905,100,660,-660
06/15/2018 01:20,SCH - PJM_NEPTUNE,325305,423,660,-660
06/15/2018 01:20,SCH - PJM_VFT,325658,0,315,-315
06/15/2018 01:20,SPR/DUN-SOUTH,23320,2855.31,4600,-9999
06/15/2018 01:20,TOTAL EAST,23314,3523.41,6800,-9999
06/15/2018 01:20,UPNY CONED,23315,2393.88,5700,-9999
06/15/2018 01:20,WEST CENTRAL,23312,744.24,9999,-9999
06/15/2018 01:25,CENTRAL EAST - VC,23330,1821.76,2045,-9999
06/15/2018 01:25,DYSINGER EAST,23326,978.62,3150,-9999
06/15/2018 01:25,MOSES SOUTH,23319,1796.27,3150,-1600
06/15/2018 01:25,SCH - HQ - NY,23324,1500,1500,-1000
06/15/2018 01:25,SCH - HQ_CEDARS,325274,0,70,-40
06/15/2018 01:25,SCH - HQ_IMPORT_EXPORT,325376,1200,1310,-9999
06/15/2018 01:25,SCH - NE - NY,23318,-124.42,1400,-1600
06/15/2018 01:25,SCH - NPX_1385,325277,45,200,-200
06/15/2018 01:25,SCH - NPX_CSC,325154,100,330,-330
06/15/2018 01:25,SCH - OH - NY,23317,1001.62,1700,-1600
06/15/2018 01:25,SCH - PJ - NY,23316,54.67,2050,-1300
06/15/2018 01:25,SCH - PJM_HTP,325905,100,660,-660
06/15/2018 01:25,SCH - PJM_NEPTUNE,325305,423,660,-660
06/15/2018 01:25,SCH - PJM_VFT,325658,0,315,-315
06/15/2018 01:25,SPR/DUN-SOUTH,23320,2881.6,4600,-9999
06/15/2018 01:25,TOTAL EAST,23314,3531.62,6800,-9999
06/15/2018 01:25,UPNY CONED,23315,2397.56,5700,-9999
06/15/2018 01:25,WEST CENTRAL,23312,718.46,9999,-9999
06/15/2018 01:30,CENTRAL EAST - VC,23330,1802.1,2045,-9999
06/15/2018 01:30,DYSINGER EAST,23326,959.16,3150,-9999
06/15/2018 01:30,MOSES SOUTH,23319,1807.17,3150,-1600
06/15/2018 01:30,SCH - HQ - NY,23324,1500,1500,-1000
06/15/2018 01:30,SCH - HQ_CEDARS,325274,0,70,-40
06/15/2018 01:30,SCH - HQ_IMPORT_EXPORT,325376,1200,1310,-9999
06/15/2018 01:30,SCH - NE - NY,23318,-130.43,1400,-1600
06/15/2018 01:30,SCH - NPX_1385,325277,45,200,-200
06/15/2018 01:30,SCH - NPX_CSC,325154,100,330,-330
06/15/2018 01:30,SCH - OH - NY,23317,1001.67,1700,-1600
06/15/2018 01:30,SCH - PJ - NY,23316,51.63,2050,-1300
06/15/2018 01:30,SCH - PJM_HTP,325905,100,660,-660
06/15/2018 01:30,SCH - PJM_NEPTUNE,325305,423,660,-660
06/15/2018 01:30,SCH - PJM_VFT,325658,0,315,-315
06/15/2018 01:30,SPR/DUN-SOUTH,23320,2884.97,4600,-9999
06/15/2018 01:30,TOTAL EAST,23314,3528.58,6800,-9999
06/15/2018 01:30,UPNY CONED,23315,2382.16,5700,-9999
06/15/2018 01:30,WEST CENTRAL,23312,701.29,9999,-9999
06/15/2018 01:35,CENTRAL EAST - VC,23330,1796.6,2045,-9999
06/15/2018 01:35,DYSINGER EAST,23326,933.2,3150,-9999
06/15/2018 01:35,MOSES SOUTH,23319,1803.8,3150,-1600
06/15/2018 01:35,SCH - HQ - NY,23324,1500,1500,-1000
06/15/2018 01:35,SCH - HQ_CEDARS,325274,0,70,-40
06/15/2018 01:35,SCH - HQ_IMPORT_EXPORT,325376,1200,1310,-9999
06/15/2018 01:35,SCH - NE - NY,23318,-136.43,1400,-1600
06/15/2018 01:35,SCH - NPX_1385,325277,45,200,-200
06/15/2018 01:35,SCH - NPX_CSC,325154,100,330,-330
06/15/2018 01:35,SCH - OH - NY,23317,1001.6,1700,-1600
06/15/2018 01:35,SCH - PJ - NY,23316,51.54,2050,-1300
06/15/2018 01:35,SCH - PJM_HTP,325905,100,660,-660
06/15/2018 01:35,SCH - PJM_NEPTUNE,325305,423,660,-660
06/15/2018 01:35,SCH - PJM_VFT,325658,0,315,-315
06/15/2018 01:35,SPR/DUN-SOUTH,23320,2841.96,4600,-9999
06/15/2018 01:35,TOTAL EAST,23314,3539.41,6800,-9999
06/15/2018 01:35,UPNY CONED,23315,2319.96,5700,-9999
06/15/2018 01:35,WEST CENTRAL,23312,677.72,9999,-9999
06/15/2018 01:40,CENTRAL EAST - VC,23330,1813.29,2045,-9999
06/15/2018 01:40,DYSINGER EAST,23326,942.6,3150,-9999
06/15/2018 01:40,MOSES SOUTH,23319,1803.51,3150,-1600
06/15/2018 01:40,SCH - HQ - NY,23324,1500,1500,-1000
06/15/2018 01:40,SCH - HQ_CEDARS,325274,0,70,-40
06/15/2018 01:40,SCH - HQ_IMPORT_EXPORT,325376,1200,1310,-9999
06/15/2018 01:40,SCH - NE - NY,23318,-136.45,1400,-1600
06/15/2018 01:40,SCH - NPX_1385,325277,45,200,-200
06/15/2018 01:40,SCH - NPX_CSC,325154,100,330,-330
06/15/2018 01:40,SCH - OH - NY,23317,1001.61,1700,-1600
06/15/2018 01:40,SCH - PJ - NY,23316,50.3,2050,-1300
06/15/2018 01:40,SCH - PJM_HTP,325905,100,660,-660
06/15/2018 01:40,SCH - PJM_NEPTUNE,325305,423,660,-660
06/15/2018 01:40,SCH - PJM_VFT,325658,0,315,-315
06/15/2018 01:40,SPR/DUN-SOUTH,23320,2903.13,4600,-9999
06/15/2018 01:40,TOTAL EAST,23314,3562.58,6800,-9999
06/15/2018 01:40,UPNY CONED,23315,2350.13,5700,-9999
06/15/2018 01:40,WEST CENTRAL,23312,688.89,9999,-9999
06/15/2018 01:45,CENTRAL EAST - VC,23330,1825.81,2045,-9999
06/15/2018 01:45,DYSINGER EAST,23326,961.18,3150,-9999
06/15/2018 01:45,MOSES SOUTH,23319,1813.38,3150,-1600
06/15/2018 01:45,SCH - HQ - NY,23324,1500,1500,-1000
06/15/2018 01:45,SCH - HQ_CEDARS,325274,0,70,-40
06/15/2018 01:45,SCH - HQ_IMPORT_EXPORT,325376,1200,1310,-9999
06/15/2018 01:45,SCH - NE - NY,23318,-136.34,1400,-1600
06/15/2018 01:45,SCH - NPX_1385,325277,45,200,-200
06/15/2018 01:45,SCH - NPX_CSC,325154,100,330,-330
06/15/2018 01:45,SCH - OH - NY,23317,1001.8,1700,-1600
06/15/2018 01:45,SCH - PJ - NY,23316,31.93,2050,-1300
06/15/2018 01:45,SCH - PJM_HTP,325905,100,660,-660
06/15/2018 01:45,SCH - PJM_NEPTUNE,325305,423,660,-660
06/15/2018 01:45,SCH - PJM_VFT,325658,0,315,-315
06/15/2018 01:45,SPR/DUN-SOUTH,23320,2890.62,4600,-9999
06/15/2018 01:45,TOTAL EAST,23314,3559.7,6800,-9999
06/15/2018 01:45,UPNY CONED,23315,2326.16,5700,-9999
06/15/2018 01:45,WEST CENTRAL,23312,709.14,9999,-9999
06/15/2018 01:50,CENTRAL EAST - VC,23330,1787.98,2045,-9999
06/15/2018 01:50,DYSINGER EAST,23326,924.25,3150,-9999
06/15/2018 01:50,MOSES SOUTH,23319,1811.48,3150,-1600
06/15/2018 01:50,SCH - HQ - NY,23324,1500,1500,-1000
06/15/2018 01:50,SCH - HQ_CEDARS,325274,0,70,-40
06/15/2018 01:50,SCH - HQ_IMPORT_EXPORT,325376,1200,1310,-9999
06/15/2018 01:50,SCH - NE - NY,23318,-136.29,1400,-1600
06/15/2018 01:50,SCH - NPX_1385,325277,45,200,-200
06/15/2018 01:50,SCH - NPX_CSC,325154,100,330,-330
06/15/2018 01:50,SCH - OH - NY,23317,1001.78,1700,-1600
06/15/2018 01:50,SCH - PJ - NY,23316,14.96,2050,-1300
06/15/2018 01:50,SCH - PJM_HTP,325905,100,660,-660
06/15/2018 01:50,SCH - PJM_NEPTUNE,325305,423,660,-660
06/15/2018 01:50,SCH - PJM_VFT,325658,0,315,-315
06/15/2018 01:50,SPR/DUN-SOUTH,23320,2860.98,4600,-9999
06/15/2018 01:50,TOTAL EAST,23314,3555.77,6800,-9999
06/15/2018 01:50,UPNY CONED,23315,2281.7,5700,-9999
06/15/2018 01:50,WEST CENTRAL,23312,675.72,9999,-9999
06/15/2018 01:55,CENTRAL EAST - VC,23330,1824.61,2045,-9999
06/15/2018 01:55,DYSINGER EAST,23326,944.05,3150,-9999
06/15/2018 01:55,MOSES SOUTH,23319,1798.25,3150,-1600
06/15/2018 01:55,SCH - HQ - NY,23324,1500,1500,-1000
06/15/2018 01:55,SCH - HQ_CEDARS,325274,0,70,-40
06/15/2018 01:55,SCH - HQ_IMPORT_EXPORT,325376,1200,1310,-9999
06/15/2018 01:55,SCH - NE - NY,23318,-136.42,1400,-1600
06/15/2018 01:55,SCH - NPX_1385,325277,45,200,-200
06/15/2018 01:55,SCH - NPX_CSC,325154,100,330,-330
06/15/2018 01:55,SCH - OH - NY,23317,1001.64,1700,-1600
06/15/2018 01:55,SCH - PJ - NY,23316,13.71,2050,-1300
06/15/2018 01:55,SCH - PJM_HTP,325905,100,660,-660
06/15/2018 01:55,SCH - PJM_NEPTUNE,325305,423,660,-660
06/15/2018 01:55,SCH - PJM_VFT,325658,0,315,-315
06/15/2018 01:55,SPR/DUN-SOUTH,23320,2854.91,4600,-9999
06/15/2018 01:55,TOTAL EAST,23314,3565.57,6800,-9999
06/15/2018 01:55,UPNY CONED,23315,2267.12,5700,-9999
06/15/2018 01:55,WEST CENTRAL,23312,698.28,9999,-9999
06/15/2018 02:00,CENTRAL EAST - VC,23330,1835.57,2045,-9999
06/15/2018 02:00,DYSINGER EAST,23326,946.64,3150,-9999
06/15/2018 02:00,MOSES SOUTH,23319,1773.79,3150,-1600
06/15/2018 02:00,SCH - HQ - NY,23324,1500,1500,-1000
06/15/2018 02:00,SCH - HQ_CEDARS,325274,0,70,-40
06/15/2018 02:00,SCH - HQ_IMPORT_EXPORT,325376,1200,1310,-9999
06/15/2018 02:00,SCH - NE - NY,23318,-135.44,1400,-1600
06/15/2018 02:00,SCH - NPX_1385,325277,45,200,-200
06/15/2018 02:00,SCH - NPX_CSC,325154,100,330,-330
06/15/2018 02:00,SCH - OH - NY,23317,1041.28,1700,-1600
06/15/2018 02:00,SCH - PJ - NY,23316,16.43,2050,-1300
06/15/2018 02:00,SCH - PJM_HTP,325905,100,660,-660
06/15/2018 02:00,SCH - PJM_NEPTUNE,325305,378,660,-660
06/15/2018 02:00,SCH - PJM_VFT,325658,0,315,-315
06/15/2018 02:00,SPR/DUN-SOUTH,23320,2826.04,4600,-9999
06/15/2018 02:00,TOTAL EAST,23314,3624.34,6800,-9999
06/15/2018 02:00,UPNY CONED,23315,2284.51,5700,-9999
06/15/2018 02:00,WEST CENTRAL,23312,701.83,9999,-9999
06/15/2018 02:05,CENTRAL EAST - VC,23330,1859.27,2045,-9999
06/15/2018 02:05,DYSINGER EAST,23326,967.55,3150,-9999
06/15/2018 02:05,MOSES SOUTH,23319,1759.14,3150,-1600
06/15/2018 02:05,SCH - HQ - NY,23324,1500,1500,-1000
06/15/2018 02:05,SCH - HQ_CEDARS,325274,0,70,-40
06/15/2018 02:05,SCH - HQ_IMPORT_EXPORT,325376,1200,1310,-9999
06/15/2018 02:05,SCH - NE - NY,23318,-134.29,1400,-1600
06/15/2018 02:05,SCH - NPX_1385,325277,45,200,-200
06/15/2018 02:05,SCH - NPX_CSC,325154,100,330,-330
06/15/2018 02:05,SCH - OH - NY,23317,1082.03,1700,-1600
06/15/2018 02:05,SCH - PJ - NY,23316,16.37,2050,-1300
06/15/2018 02:05,SCH - PJM_HTP,325905,100,660,-660
06/15/2018 02:05,SCH - PJM_NEPTUNE,325305,333,660,-660
06/15/2018 02:05,SCH - PJM_VFT,325658,0,315,-315
06/15/2018 02:05,SPR/DUN-SOUTH,23320,2817.52,4600,-9999
06/15/2018 02:05,TOTAL EAST,23314,3675.11,6800,-9999
06/15/2018 02:05,UPNY CONED,23315,2329.55,5700,-9999
06/15/2018 02:05,WEST CENTRAL,23312,726.4,9999,-9999
06/15/2018 02:10,CENTRAL EAST - VC,23330,1851.62,2045,-9999
06/15/2018 02:10,DYSINGER EAST,23326,954.69,3150,-9999
06/15/2018 02:10,MOSES SOUTH,23319,1762.59,3150,-1600
06/15/2018 02:10,SCH - HQ - NY,23324,1500,1500,-1000
06/15/2018 02:10,SCH - HQ_CEDARS,325274,0,70,-40
06/15/2018 02:10,SCH - HQ_IMPORT_EXPORT,325376,1200,1310,-9999
06/15/2018 02:10,SCH - NE - NY,23318,-134.27,1400,-1600
06/15/2018 02:10,SCH - NPX_1385,325277,45,200,-200
06/15/2018 02:10,SCH - NPX_CSC,325154,100,330,-330
06/15/2018 02:10,SCH - OH - NY,23317,1082.02,1700,-1600
06/15/2018 02:10,SCH - PJ - NY,23316,16.15,2050,-1300
06/15/2018 02:10,SCH - PJM_HTP,325905,100,660,-660
06/15/2018 02:10,SCH - PJM_NEPTUNE,325305,333,660,-660
06/15/2018 02:10,SCH - PJM_VFT,325658,0,315,-315
06/15/2018 02:10,SPR/DUN-SOUTH,23320,2792.4,4600,-9999
06/15/2018 02:10,TOTAL EAST,23314,3676.78,6800,-9999
06/15/2018 02:10,UPNY CONED,23315,2310.42,5700,-9999
06/15/2018 02:10,WEST CENTRAL,23312,715.77,9999,-9999
06/15/2018 02:15,CENTRAL EAST - VC,23330,1839.01,2045,-9999
06/15/2018 02:15,DYSINGER EAST,23326,955.65,3150,-9999
06/15/2018 02:15,MOSES SOUTH,23319,1777.05,3150,-1600
06/15/2018 02:15,SCH - HQ - NY,23324,1500,1500,-1000
06/15/2018 02:15,SCH - HQ_CEDARS,325274,0,70,-40
06/15/2018 02:15,SCH - HQ_IMPORT_EXPORT,325376,1200,1310,-9999
06/15/2018 02:15,SCH - NE - NY,23318,-161.51,1400,-1600
06/15/2018 02:15,SCH - NPX_1385,325277,45,200,-200
06/15/2018 02:15,SCH - NPX_CSC,325154,100,330,-330
06/15/2018 02:15,SCH - OH - NY,23317,1082.14,1700,-1600
06/15/2018 02:15,SCH - PJ - NY,23316,18.85,2050,-1300
06/15/2018 02:15,SCH - PJM_HTP,325905,100,660,-660
06/15/2018 02:15,SCH - PJM_NEPTUNE,325305,333,660,-660
06/15/2018 02:15,SCH - PJM_VFT,325658,0,315,-315
06/15/2018 02:15,SPR/DUN-SOUTH,23320,2757.69,4600,-9999
06/15/2018 02:15,TOTAL EAST,23314,3658.9,6800,-9999
06/15/2018 02:15,UPNY CONED,23315,2269.04,5700,-9999
06/15/2018 02:15,WEST CENTRAL,23312,719.86,9999,-9999
06/15/2018 02:20,CENTRAL EAST - VC,23330,1843.82,2045,-9999
06/15/2018 02:20,DYSINGER EAST,23326,959.57,3150,-9999
06/15/2018 02:20,MOSES SOUTH,23319,1779.11,3150,-1600
06/15/2018 02:20,SCH - HQ - NY,23324,1500,1500,-1000
06/15/2018 02:20,SCH - HQ_CEDARS,325274,0,70,-40
06/15/2018 02:20,SCH - HQ_IMPORT_EXPORT,325376,1200,1310,-9999
06/15/2018 02:20,SCH - NE - NY,23318,-187.68,1400,-1600
06/15/2018 02:20,SCH - NPX_1385,325277,45,200,-200
06/15/2018 02:20,SCH - NPX_CSC,325154,100,330,-330
06/15/2018 02:20,SCH - OH - NY,23317,1082.17,1700,-1600
06/15/2018 02:20,SCH - PJ - NY,23316,18.61,2050,-1300
06/15/2018 02:20,SCH - PJM_HTP,325905,100,660,-660
06/15/2018 02:20,SCH - PJM_NEPTUNE,325305,333,660,-660
06/15/2018 02:20,SCH - PJM_VFT,325658,0,315,-315
06/15/2018 02:20,SPR/DUN-SOUTH,23320,2737.08,4600,-9999
06/15/2018 02:20,TOTAL EAST,23314,3651.19,6800,-9999
06/15/2018 02:20,UPNY CONED,23315,2241.95,5700,-9999
06/15/2018 02:20,WEST CENTRAL,23312,724.72,9999,-9999
06/15/2018 02:25,CENTRAL EAST - VC,23330,1858.02,2045,-9999
06/15/2018 02:25,DYSINGER EAST,23326,925.91,3150,-9999
06/15/2018 02:25,MOSES SOUTH,23319,1773.39,3150,-1600
06/15/2018 02:25,SCH - HQ - NY,23324,1500,1500,-1000
06/15/2018 02:25,SCH - HQ_CEDARS,325274,0,70,-40
06/15/2018 02:25,SCH - HQ_IMPORT_EXPORT,325376,1200,1310,-9999
06/15/2018 02:25,SCH - NE - NY,23318,-187.82,1400,-1600
06/15/2018 02:25,SCH - NPX_1385,325277,45,200,-200
06/15/2018 02:25,SCH - NPX_CSC,325154,100,330,-330
06/15/2018 02:25,SCH - OH - NY,23317,1082.04,1700,-1600
06/15/2018 02:25,SCH - PJ - NY,23316,19.21,2050,-1300
06/15/2018 02:25,SCH - PJM_HTP,325905,100,660,-660
06/15/2018 02:25,SCH - PJM_NEPTUNE,325305,333,660,-660
06/15/2018 02:25,SCH - PJM_VFT,325658,0,315,-315
06/15/2018 02:25,SPR/DUN-SOUTH,23320,2743.7,4600,-9999
06/15/2018 02:25,TOTAL EAST,23314,3622.09,6800,-9999
06/15/2018 02:25,UPNY CONED,23315,2241.33,5700,-9999
06/15/2018 02:25,WEST CENTRAL,23312,692.69,9999,-9999
06/15/2018 02:30,CENTRAL EAST - VC,23330,1843.68,2045,-9999
06/15/2018 02:30,DYSINGER EAST,23326,914.18,3150,-9999
06/15/2018 02:30,MOSES SOUTH,23319,1784.19,3150,-1600
06/15/2018 02:30,SCH - HQ - NY,23324,1500,1500,-1000
06/15/2018 02:30,SCH - HQ_CEDARS,325274,0,70,-40
06/15/2018 02:30,SCH - HQ_IMPORT_EXPORT,325376,1200,1310,-9999
06/15/2018 02:30,SCH - NE - NY,23318,-212.79,1400,-1600
06/15/2018 02:30,SCH - NPX_1385,325277,45,200,-200
06/15/2018 02:30,SCH - NPX_CSC,325154,100,330,-330
06/15/2018 02:30,SCH - OH - NY,23317,1082.18,1700,-1600
06/15/2018 02:30,SCH - PJ - NY,23316,19.92,2050,-1300
06/15/2018 02:30,SCH - PJM_HTP,325905,100,660,-660
06/15/2018 02:30,SCH - PJM_NEPTUNE,325305,333,660,-660
06/15/2018 02:30,SCH - PJM_VFT,325658,0,315,-315
06/15/2018 02:30,SPR/DUN-SOUTH,23320,2722.68,4600,-9999
06/15/2018 02:30,TOTAL EAST,23314,3651.51,6800,-9999
06/15/2018 02:30,UPNY CONED,23315,2211.72,5700,-9999
06/15/2018 02:30,WEST CENTRAL,23312,683.09,9999,-9999
06/15/2018 02:35,CENTRAL EAST - VC,23330,1874.36,2045,-9999
06/15/2018 02:35,DYSINGER EAST,23326,928.12,3150,-9999
06/15/2018 02:35,MOSES SOUTH,23319,1787.96,3150,-1600
06/15/2018 02:35,SCH - HQ - NY,23324,1500,1500,-1000
06/15/2018 02:35,SCH - HQ_CEDARS,325274,0,70,-40
06/15/2018 02:35,SCH - HQ_IMPORT_EXPORT,325376,1200,1310,-9999
06/15/2018 02:35,SCH - NE - NY,23318,-238.97,1400,-1600
06/15/2018 02:35,SCH - NPX_1385,325277,45,200,-200
06/15/2018 02:35,SCH - NPX_CSC,325154,100,330,-330
06/15/2018 02:35,SCH - OH - NY,23317,1082.2,1700,-1600
06/15/2018 02:35,SCH - PJ - NY,23316,21.4,2050,-1300
06/15/2018 02:35,SCH - PJM_HTP,325905,100,660,-660
06/15/2018 02:35,SCH - PJM_NEPTUNE,325305,333,660,-660
06/15/2018 02:35,SCH - PJM_VFT,325658,0,315,-315
06/15/2018 02:35,SPR/DUN-SOUTH,23320,2721.54,4600,-9999
06/15/2018 02:35,TOTAL EAST,23314,3649.52,6800,-9999
06/15/2018 02:35,UPNY CONED,23315,2197.02,5700,-9999
06/15/2018 02:35,WEST CENTRAL,23312,698.81,9999,-9999
06/15/2018 02:40,CENTRAL EAST - VC,23330,1858.82,2045,-9999
06/15/2018 02:40,DYSINGER EAST,23326,930.05,3150,-9999
06/15/2018 02:40,MOSES SOUTH,23319,1785.37,3150,-1600
06/15/2018 02:40,SCH - HQ - NY,23324,1500,1500,-1000
06/15/2018 02:40,SCH - HQ_CEDARS,325274,0,70,-40
06/15/2018 02:40,SCH - HQ_IMPORT_EXPORT,325376,1200,1310,-9999
06/15/2018 02:40,SCH - NE - NY,23318,-238.99,1400,-1600
06/15/2018 02:40,SCH - NPX_1385,325277,45,200,-200
06/15/2018 02:40,SCH - NPX_CSC,325154,100,330,-330
06/15/2018 02:40,SCH - OH - NY,23317,1082.24,1700,-1600
06/15/2018 02:40,SCH - PJ - NY,23316,20.17,2050,-1300
06/15/2018 02:40,SCH - PJM_HTP,325905,100,660,-660
06/15/2018 02:40,SCH - PJM_NEPTUNE,325305,333,660,-660
06/15/2018 02:40,SCH - PJM_VFT,325658,0,315,-315
06/15/2018 02:40,SPR/DUN-SOUTH,23320,2712.9,4600,-9999
06/15/2018 02:40,TOTAL EAST,23314,3637.67,6800,-9999
06/15/2018 02:40,UPNY CONED,23315,2175.87,5700,-9999
06/15/2018 02:40,WEST CENTRAL,23312,700.68,9999,-9999
06/15/2018 02:45,CENTRAL EAST - VC,23330,1838.43,2045,-9999
06/15/2018 02:45,DYSINGER EAST,23326,874.83,3150,-9999
06/15/2018 02:45,MOSES SOUTH,23319,1780.13,3150,-1600
06/15/2018 02:45,SCH - HQ - NY,23324,1500,1500,-1000
06/15/2018 02:45,SCH - HQ_CEDARS,325274,0,70,-40
06/15/2018 02:45,SCH - HQ_IMPORT_EXPORT,325376,1200,1310,-9999
06/15/2018 02:45,SCH - NE - NY,23318,-244.89,1400,-1600
06/15/2018 02:45,SCH - NPX_1385,325277,45,200,-200
06/15/2018 02:45,SCH - NPX_CSC,325154,100,330,-330
06/15/2018 02:45,SCH - OH - NY,23317,1082.11,1700,-1600
06/15/2018 02:45,SCH - PJ - NY,23316,18.58,2050,-1300
06/15/2018 02:45,SCH - PJM_HTP,325905,100,660,-660
06/15/2018 02:45,SCH - PJM_NEPTUNE,325305,333,660,-660
06/15/2018 02:45,SCH - PJM_VFT,325658,0,315,-315
06/15/2018 02:45,SPR/DUN-SOUTH,23320,2711.73,4600,-9999
06/15/2018 02:45,TOTAL EAST,23314,3627.87,6800,-9999
06/15/2018 02:45,UPNY CONED,23315,2164.19,5700,-9999
06/15/2018 02:45,WEST CENTRAL,23312,648.31,9999,-9999
06/15/2018 02:50,CENTRAL EAST - VC,23330,1852.09,2045,-9999
06/15/2018 02:50,DYSINGER EAST,23326,895.54,3150,-9999
06/15/2018 02:50,MOSES SOUTH,23319,1796.2,3150,-1600
06/15/2018 02:50,SCH - HQ - NY,23324,1500,1500,-1000
06/15/2018 02:50,SCH - HQ_CEDARS,325274,0,70,-40
06/15/2018 02:50,SCH - HQ_IMPORT_EXPORT,325376,1200,1310,-9999
06/15/2018 02:50,SCH - NE - NY,23318,-250.99,1400,-1600
06/15/2018 02:50,SCH - NPX_1385,325277,45,200,-200
06/15/2018 02:50,SCH - NPX_CSC,325154,100,330,-330
06/15/2018 02:50,SCH - OH - NY,23317,1082.27,1700,-1600
06/15/2018 02:50,SCH - PJ - NY,23316,18.71,2050,-1300
06/15/2018 02:50,SCH - PJM_HTP,325905,100,660,-660
06/15/2018 02:50,SCH - PJM_NEPTUNE,325305,333,660,-660
06/15/2018 02:50,SCH - PJM_VFT,325658,0,315,-315
06/15/2018 02:50,SPR/DUN-SOUTH,23320,2704.18,4600,-9999
06/15/2018 02:50,TOTAL EAST,23314,3612.5,6800,-9999
06/15/2018 02:50,UPNY CONED,23315,2148.28,5700,-9999
06/15/2018 02:50,WEST CENTRAL,23312,671.74,9999,-9999
06/15/2018 02:55,CENTRAL EAST - VC,23330,1837.08,2045,-9999
06/15/2018 02:55,DYSINGER EAST,23326,859.2,3150,-9999
06/15/2018 02:55,MOSES SOUTH,23319,1806.38,3150,-1600
06/15/2018 02:55,SCH - HQ - NY,23324,1500,1500,-1000
06/15/2018 02:55,SCH - HQ_CEDARS,325274,0,70,-40
06/15/2018 02:55,SCH - HQ_IMPORT_EXPORT,325376,1200,1310,-9999
06/15/2018 02:55,SCH - NE - NY,23318,-250.98,1400,-1600
06/15/2018 02:55,SCH - NPX_1385,325277,45,200,-200
06/15/2018 02:55,SCH - NPX_CSC,325154,100,330,-330
06/15/2018 02:55,SCH - OH - NY,23317,1082.3,1700,-1600
06/15/2018 02:55,SCH - PJ - NY,23316,20.14,2050,-1300
06/15/2018 02:55,SCH - PJM_HTP,325905,100,660,-660
06/15/2018 02:55,SCH - PJM_NEPTUNE,325305,333,660,-660
06/15/2018 02:55,SCH - PJM_VFT,325658,0,315,-315
06/15/2018 02:55,SPR/DUN-SOUTH,23320,2682.95,4600,-9999
06/15/2018 02:55,TOTAL EAST,23314,3581.59,6800,-9999
06/15/2018 02:55,UPNY CONED,23315,2115.47,5700,-9999
06/15/2018 02:55,WEST CENTRAL,23312,636.9,9999,-9999
06/15/2018 03:00,CENTRAL EAST - VC,23330,1814.73,2045,-9999
06/15/2018 03:00,DYSINGER EAST,23326,841.48,3150,-9999
06/15/2018 03:00,MOSES SOUTH,23319,1765.63,3150,-1600
06/15/2018 03:00,SCH - HQ - NY,23324,1500,1500,-1000
06/15/2018 03:00,SCH - HQ_CEDARS,325274,0,70,-40
06/15/2018 03:00,SCH - HQ_IMPORT_EXPORT,325376,1200,1310,-9999
06/15/2018 03:00,SCH - NE - NY,23318,-284.08,1400,-1600
06/15/2018 03:00,SCH - NPX_1385,325277,45,200,-200
06/15/2018 03:00,SCH - NPX_CSC,325154,100,330,-330
06/15/2018 03:00,SCH - OH - NY,23317,1054.19,1700,-1600
06/15/2018 03:00,SCH - PJ - NY,23316,7.6,2050,-1300
06/15/2018 03:00,SCH - PJM_HTP,325905,100,660,-660
06/15/2018 03:00,SCH - PJM_NEPTUNE,325305,331,660,-660
06/15/2018 03:00,SCH - PJM_VFT,325658,0,315,-315
06/15/2018 03:00,SPR/DUN-SOUTH,23320,2667.41,4600,-9999
06/15/2018 03:00,TOTAL EAST,23314,3572.21,6800,-9999
06/15/2018 03:00,UPNY CONED,23315,2073.1,5700,-9999
06/15/2018 03:00,WEST CENTRAL,23312,619.32,9999,-9999
06/15/2018 03:05,CENTRAL EAST - VC,23330,1846.52,2045,-9999
06/15/2018 03:05,DYSINGER EAST,23326,908.88,3150,-9999
06/15/2018 03:05,MOSES SOUTH,23319,1787.62,3150,-1600
06/15/2018 03:05,SCH - HQ - NY,23324,1500,1500,-1000
06/15/2018 03:05,SCH - HQ_CEDARS,325274,0,70,-40
06/15/2018 03:05,SCH - HQ_IMPORT_EXPORT,325376,1200,1310,-9999
06/15/2018 03:05,SCH - NE - NY,23318,-318.14,1400,-1600
06/15/2018 03:05,SCH - NPX_1385,325277,45,200,-200
06/15/2018 03:05,SCH - NPX_CSC,325154,100,330,-330
06/15/2018 03:05,SCH - OH - NY,23317,1026.47,1700,-1600
06/15/2018 03:05,SCH - PJ - NY,23316,-5.33,2050,-1300
06/15/2018 03:05,SCH - PJM_HTP,325905,100,660,-660
06/15/2018 03:05,SCH - PJM_NEPTUNE,325305,330,660,-660
06/15/2018 03:05,SCH - PJM_VFT,325658,0,315,-315
06/15/2018 03:05,SPR/DUN-SOUTH,23320,2661.05,4600,-9999
06/15/2018 03:05,TOTAL EAST,23314,3609.84,6800,-9999
06/15/2018 03:05,UPNY CONED,23315,2066.67,5700,-9999
06/15/2018 03:05,WEST CENTRAL,23312,685.72,9999,-9999
06/15/2018 03:10,CENTRAL EAST - VC,23330,1835.72,2045,-9999
06/15/2018 03:10,DYSINGER EAST,23326,946.61,3150,-9999
06/15/2018 03:10,MOSES SOUTH,23319,1743.52,3150,-1600
06/15/2018 03:10,SCH - HQ - NY,23324,1500,1500,-1000
06/15/2018 03:10,SCH - HQ_CEDARS,325274,0,70,-40
06/15/2018 03:10,SCH - HQ_IMPORT_EXPORT,325376,1200,1310,-9999
06/15/2018 03:10,SCH - NE - NY,23318,-318.15,1400,-1600
06/15/2018 03:10,SCH - NPX_1385,325277,45,200,-200
06/15/2018 03:10,SCH - NPX_CSC,325154,100,330,-330
06/15/2018 03:10,SCH - OH - NY,23317,1026.33,1700,-1600
06/15/2018 03:10,SCH - PJ - NY,23316,-5.57,2050,-1300
06/15/2018 03:10,SCH - PJM_HTP,325905,100,660,-660
06/15/2018 03:10,SCH - PJM_NEPTUNE,325305,330,660,-660
06/15/2018 03:10,SCH - PJM_VFT,325658,0,315,-315
06/15/2018 03:10,SPR/DUN-SOUTH,23320,2660.49,4600,-9999
06/15/2018 03:10,TOTAL EAST,23314,3588.9,6800,-9999
06/15/2018 03:10,UPNY CONED,23315,2053.83,5700,-9999
06/15/2018 03:10,WEST CENTRAL,23312,722.75,9999,-9999
06/15/2018 03:15,CENTRAL EAST - VC,23330,1842.47,1985,-9999
06/15/2018 03:15,DYSINGER EAST,23326,903.12,3150,-9999
06/15/2018 03:15,MOSES SOUTH,23319,1723.34,3150,-1600
06/15/2018 03:15,SCH - HQ - NY,23324,1500,1500,-1000
06/15/2018 03:15,SCH - HQ_CEDARS,325274,0,70,-40
06/15/2018 03:15,SCH - HQ_IMPORT_EXPORT,325376,1200,1310,-9999
06/15/2018 03:15,SCH - NE - NY,23318,-349.55,1400,-1600
06/15/2018 03:15,SCH - NPX_1385,325277,45,200,-200
06/15/2018 03:15,SCH - NPX_CSC,325154,100,330,-330
06/15/2018 03:15,SCH - OH - NY,23317,1026.1,1700,-1600
06/15/2018 03:15,SCH - PJ - NY,23316,-3.71,2050,-1300
06/15/2018 03:15,SCH - PJM_HTP,325905,100,660,-660
06/15/2018 03:15,SCH - PJM_NEPTUNE,325305,330,660,-660
06/15/2018 03:15,SCH - PJM_VFT,325658,0,315,-315
06/15/2018 03:15,SPR/DUN-SOUTH,23320,2653.32,4600,-9999
06/15/2018 03:15,TOTAL EAST,23314,3598.64,6800,-9999
06/15/2018 03:15,UPNY CONED,23315,2039.91,5700,-9999
06/15/2018 03:15,WEST CENTRAL,23312,683.08,9999,-9999
06/15/2018 03:20,CENTRAL EAST - VC,23330,1826.35,1985,-9999
06/15/2018 03:20,DYSINGER EAST,23326,830.14,3150,-9999
06/15/2018 03:20,MOSES SOUTH,23319,1718.99,3150,-1600
06/15/2018 03:20,SCH - HQ - NY,23324,1500,1500,-1000
06/15/2018 03:20,SCH - HQ_CEDARS,325274,0,70,-40
06/15/2018 03:20,SCH - HQ_IMPORT_EXPORT,325376,1200,1310,-9999
06/15/2018 03:20,SCH - NE - NY,23318,-380.67,1400,-1600
06/15/2018 03:20,SCH - NPX_1385,325277,45,200,-200
06/15/2018 03:20,SCH - NPX_CSC,325154,100,330,-330
06/15/2018 03:20,SCH - OH - NY,23317,1025.95,1700,-1600
06/15/2018 03:20,SCH - PJ - NY,23316,-4.48,2050,-1300
06/15/2018 03:20,SCH - PJM_HTP,325905,100,660,-660
06/15/2018 03:20,SCH - PJM_NEPTUNE,325305,330,660,-660
06/15/2018 03:20,SCH - PJM_VFT,325658,0,315,-315
06/15/2018 03:20,SPR/DUN-SOUTH,23320,2636.76,4600,-9999
06/15/2018 03:20,TOTAL EAST,23314,3603.3,6800,-9999
06/15/2018 03:20,UPNY CONED,23315,2018.14,5700,-9999
06/15/2018 03:20,WEST CENTRAL,23312,612.1,9999,-9999
06/15/2018 03:25,CENTRAL EAST - VC,23330,2018.29,2220,-9999
06/15/2018 03:25,DYSINGER EAST,23326,766.39,3150,-9999
06/15/2018 03:25,MOSES SOUTH,23319,1840.88,3150,-1600
06/15/2018 03:25,SCH - HQ - NY,23324,1500,1500,-1000
06/15/2018 03:25,SCH - HQ_CEDARS,325274,0,70,-40
06/15/2018 03:25,SCH - HQ_IMPORT_EXPORT,325376,1200,1310,-9999
06/15/2018 03:25,SCH - NE - NY,23318,-380.68,1400,-1600
06/15/2018 03:25,SCH - NPX_1385,325277,45,200,-200
06/15/2018 03:25,SCH - NPX_CSC,325154,100,330,-330
06/15/2018 03:25,SCH - OH - NY,23317,1026.48,1700,-1600
06/15/2018 03:25,SCH - PJ - NY,23316,-3.82,2050,-1300
06/15/2018 03:25,SCH - PJM_HTP,325905,100,660,-660
06/15/2018 03:25,SCH - PJM_NEPTUNE,325305,330,660,-660
06/15/2018 03:25,SCH - PJM_VFT,325658,0,315,-315
06/15/2018 03:25,SPR/DUN-SOUTH,23320,2654.47,4600,-9999
06/15/2018 03:25,TOTAL EAST,23314,3606.7,6800,-9999
06/15/2018 03:25,UPNY CONED,23315,2033.91,5700,-9999
06/15/2018 03:25,WEST CENTRAL,23312,549.02,9999,-9999
06/15/2018 03:30,CENTRAL EAST - VC,23330,2027.49,2220,-9999
06/15/2018 03:30,DYSINGER EAST,23326,769.14,3150,-9999
06/15/2018 03:30,MOSES SOUTH,23319,1872.53,3150,-1600
06/15/2018 03:30,SCH - HQ - NY,23324,1500,1500,-1000
06/15/2018 03:30,SCH - HQ_CEDARS,325274,0,70,-40
06/15/2018 03:30,SCH - HQ_IMPORT_EXPORT,325376,1200,1310,-9999
06/15/2018 03:30,SCH - NE - NY,23318,-357.55,1400,-1600
06/15/2018 03:30,SCH - NPX_1385,325277,45,200,-200
06/15/2018 03:30,SCH - NPX_CSC,325154,100,330,-330
06/15/2018 03:30,SCH - OH - NY,23317,1026.66,1700,-1600
06/15/2018 03:30,SCH - PJ - NY,23316,-3.83,2050,-1300
06/15/2018 03:30,SCH - PJM_HTP,325905,100,660,-660
06/15/2018 03:30,SCH - PJM_NEPTUNE,325305,330,660,-660
06/15/2018 03:30,SCH - PJM_VFT,325658,0,315,-315
06/15/2018 03:30,SPR/DUN-SOUTH,23320,2662.65,4600,-9999
06/15/2018 03:30,TOTAL EAST,23314,3562.31,6800,-9999
06/15/2018 03:30,UPNY CONED,23315,2022.53,5700,-9999
06/15/2018 03:30,WEST CENTRAL,23312,550.77,9999,-9999
06/15/2018 03:35,CENTRAL EAST - VC,23330,1978.15,2220,-9999
06/15/2018 03:35,DYSINGER EAST,23326,728.77,3150,-9999
06/15/2018 03:35,MOSES SOUTH,23319,1873.65,3150,-1600
06/15/2018 03:35,SCH - HQ - NY,23324,1500,1500,-1000
06/15/2018 03:35,SCH - HQ_CEDARS,325274,0,70,-40
06/15/2018 03:35,SCH - HQ_IMPORT_EXPORT,325376,1200,1310,-9999
06/15/2018 03:35,SCH - NE - NY,23318,-335.33,1400,-1600
06/15/2018 03:35,SCH - NPX_1385,325277,45,200,-200
06/15/2018 03:35,SCH - NPX_CSC,325154,100,330,-330
06/15/2018 03:35,SCH - OH - NY,23317,1026.72,1700,-1600
06/15/2018 03:35,SCH - PJ - NY,23316,-4.88,2050,-1300
06/15/2018 03:35,SCH - PJM_HTP,325905,100,660,-660
06/15/2018 03:35,SCH - PJM_NEPTUNE,325305,330,660,-660
06/15/2018 03:35,SCH - PJM_VFT,325658,0,315,-315
06/15/2018 03:35,SPR/DUN-SOUTH,23320,2627.02,4600,-9999
06/15/2018 03:35,TOTAL EAST,23314,3521.64,6800,-9999
06/15/2018 03:35,UPNY CONED,23315,1992.48,5700,-9999
06/15/2018 03:35,WEST CENTRAL,23312,509.63,9999,-9999
06/15/2018 03:40,CENTRAL EAST - VC,23330,1981.15,2220,-9999
06/15/2018 03:40,DYSINGER EAST,23326,718.51,3150,-9999
06/15/2018 03:40,MOSES SOUTH,23319,1853.37,3150,-1600
06/15/2018 03:40,SCH - HQ - NY,23324,1500,1500,-1000
06/15/2018 03:40,SCH - HQ_CEDARS,325274,0,70,-40
06/15/2018 03:40,SCH - HQ_IMPORT_EXPORT,325376,1200,1310,-9999
06/15/2018 03:40,SCH - NE - NY,23318,-335.37,1400,-1600
06/15/2018 03:40,SCH - NPX_1385,325277,45,200,-200
06/15/2018 03:40,SCH - NPX_CSC,325154,100,330,-330
06/15/2018 03:40,SCH - OH - NY,23317,1026.65,1700,-1600
06/15/2018 03:40,SCH - PJ - NY,23316,-4.79,2050,-1300
06/15/2018 03:40,SCH - PJM_HTP,325905,100,660,-660
06/15/2018 03:40,SCH - PJM_NEPTUNE,325305,330,660,-660
06/15/2018 03:40,SCH - PJM_VFT,325658,0,315,-315
06/15/2018 03:40,SPR/DUN-SOUTH,23320,2631.74,4600,-9999
06/15/2018 03:40,TOTAL EAST,23314,3502.6,6800,-9999
06/15/2018 03:40,UPNY CONED,23315,1989.99,5700,-9999
06/15/2018 03:40,WEST CENTRAL,23312,498.56,9999,-9999
06/15/2018 03:45,CENTRAL EAST - VC,23330,1981.33,2220,-9999
06/15/2018 03:45,DYSINGER EAST,23326,726.36,3150,-9999
06/15/2018 03:45,MOSES SOUTH,23319,1845.09,3150,-1600
06/15/2018 03:45,SCH - HQ - NY,23324,1500,1500,-1000
06/15/2018 03:45,SCH - HQ_CEDARS,325274,0,70,-40
06/15/2018 03:45,SCH - HQ_IMPORT_EXPORT,325376,1200,1310,-9999
06/15/2018 03:45,SCH - NE - NY,23318,-328.41,1400,-1600
06/15/2018 03:45,SCH - NPX_1385,325277,45,200,-200
06/15/2018 03:45,SCH - NPX_CSC,325154,100,330,-330
06/15/2018 03:45,SCH - OH - NY,23317,1026.62,1700,-1600
06/15/2018 03:45,SCH - PJ - NY,23316,-3.63,2050,-1300
06/15/2018 03:45,SCH - PJM_HTP,325905,100,660,-660
06/15/2018 03:45,SCH - PJM_NEPTUNE,325305,330,660,-660
06/15/2018 03:45,SCH - PJM_VFT,325658,0,315,-315
06/15/2018 03:45,SPR/DUN-SOUTH,23320,2643.71,4600,-9999
06/15/2018 03:45,TOTAL EAST,23314,3502.33,6800,-9999
06/15/2018 03:45,UPNY CONED,23315,2000.02,5700,-9999
06/15/2018 03:45,WEST CENTRAL,23312,506.35,9999,-9999
06/15/2018 03:50,CENTRAL EAST - VC,23330,1980.99,2220,-9999
06/15/2018 03:50,DYSINGER EAST,23326,745.08,3150,-9999
06/15/2018 03:50,MOSES SOUTH,23319,1839.09,3150,-1600
06/15/2018 03:50,SCH - HQ - NY,23324,1500,1500,-1000
06/15/2018 03:50,SCH - HQ_CEDARS,325274,0,70,-40
06/15/2018 03:50,SCH - HQ_IMPORT_EXPORT,325376,1200,1310,-9999
06/15/2018 03:50,SCH - NE - NY,23318,-321.4,1400,-1600
06/15/2018 03:50,SCH - NPX_1385,325277,45,200,-200
06/15/2018 03:50,SCH - NPX_CSC,325154,100,330,-330
06/15/2018 03:50,SCH - OH - NY,23317,1026.64,1700,-1600
06/15/2018 03:50,SCH - PJ - NY,23316,-3.36,2050,-1300
06/15/2018 03:50,SCH - PJM_HTP,325905,100,660,-660
06/15/2018 03:50,SCH - PJM_NEPTUNE,325305,330,660,-660
06/15/2018 03:50,SCH - PJM_VFT,325658,0,315,-315
06/15/2018 03:50,SPR/DUN-SOUTH,23320,2642.96,4600,-9999
06/15/2018 03:50,TOTAL EAST,23314,3491.13,6800,-9999
06/15/2018 03:50,UPNY CONED,23315,2002.63,5700,-9999
06/15/2018 03:50,WEST CENTRAL,23312,523.91,9999,-9999
06/15/2018 03:55,CENTRAL EAST - VC,23330,1991.01,2220,-9999
06/15/2018 03:55,DYSINGER EAST,23326,754.55,3150,-9999
06/15/2018 03:55,MOSES SOUTH,23319,1862.49,3150,-1600
06/15/2018 03:55,SCH - HQ - NY,23324,1500,1500,-1000
06/15/2018 03:55,SCH - HQ_CEDARS,325274,0,70,-40
06/15/2018 03:55,SCH - HQ_IMPORT_EXPORT,325376,1200,1310,-9999
06/15/2018 03:55,SCH - NE - NY,23318,-321.37,1400,-1600
06/15/2018 03:55,SCH - NPX_1385,325277,45,200,-200
06/15/2018 03:55,SCH - NPX_CSC,325154,100,330,-330
06/15/2018 03:55,SCH - OH - NY,23317,1026.74,1700,-1600
06/15/2018 03:55,SCH - PJ - NY,23316,-3.58,2050,-1300
06/15/2018 03:55,SCH - PJM_HTP,325905,100,660,-660
06/15/2018 03:55,SCH - PJM_NEPTUNE,325305,330,660,-660
06/15/2018 03:55,SCH - PJM_VFT,325658,0,315,-315
06/15/2018 03:55,SPR/DUN-SOUTH,23320,2652.61,4600,-9999
06/15/2018 03:55,TOTAL EAST,23314,3491.67,6800,-9999
06/15/2018 03:55,UPNY CONED,23315,1997.32,5700,-9999
06/15/2018 03:55,WEST CENTRAL,23312,532.23,9999,-9999
06/15/2018 04:00,CENTRAL EAST - VC,23330,1850.31,1985,-9999
06/15/2018 04:00,DYSINGER EAST,23326,800.29,3150,-9999
06/15/2018 04:00,MOSES SOUTH,23319,1841.32,3150,-1600
06/15/2018 04:00,SCH - HQ - NY,23324,1477,1500,-1000
06/15/2018 04:00,SCH - HQ_CEDARS,325274,0,70,-40
06/15/2018 04:00,SCH - HQ_IMPORT_EXPORT,325376,1177,1310,-9999
06/15/2018 04:00,SCH - NE - NY,23318,-381.64,1400,-1600
06/15/2018 04:00,SCH - NPX_1385,325277,22,200,-200
06/15/2018 04:00,SCH - NPX_CSC,325154,100,330,-330
06/15/2018 04:00,SCH - OH - NY,23317,1153.13,1700,-1600
06/15/2018 04:00,SCH - PJ - NY,23316,-28.07,2050,-1300
06/15/2018 04:00,SCH - PJM_HTP,325905,100,660,-660
06/15/2018 04:00,SCH - PJM_NEPTUNE,325305,330,660,-660
06/15/2018 04:00,SCH - PJM_VFT,325658,0,315,-315
06/15/2018 04:00,SPR/DUN-SOUTH,23320,2628.84,4600,-9999
06/15/2018 04:00,TOTAL EAST,23314,3487.27,6800,-9999
06/15/2018 04:00,UPNY CONED,23315,1980.53,5700,-9999
06/15/2018 04:00,WEST CENTRAL,23312,575.73,9999,-9999
06/15/2018 04:05,CENTRAL EAST - VC,23330,1884.46,1985,-9999
06/15/2018 04:05,DYSINGER EAST,23326,890.06,3150,-9999
06/15/2018 04:05,MOSES SOUTH,23319,1787.87,3150,-1600
06/15/2018 04:05,SCH - HQ - NY,23324,1454,1500,-1000
06/15/2018 04:05,SCH - HQ_CEDARS,325274,0,70,-40
06/15/2018 04:05,SCH - HQ_IMPORT_EXPORT,325376,1154,1310,-9999
06/15/2018 04:05,SCH - NE - NY,23318,-442.86,1400,-1600
06/15/2018 04:05,SCH - NPX_1385,325277,0,200,-200
06/15/2018 04:05,SCH - NPX_CSC,325154,100,330,-330
06/15/2018 04:05,SCH - OH - NY,23317,1280.28,1700,-1600
06/15/2018 04:05,SCH - PJ - NY,23316,-51.43,2050,-1300
06/15/2018 04:05,SCH - PJM_HTP,325905,100,660,-660
06/15/2018 04:05,SCH - PJM_NEPTUNE,325305,330,660,-660
06/15/2018 04:05,SCH - PJM_VFT,325658,0,315,-315
06/15/2018 04:05,SPR/DUN-SOUTH,23320,2644.86,4600,-9999
06/15/2018 04:05,TOTAL EAST,23314,3578.89,6800,-9999
06/15/2018 04:05,UPNY CONED,23315,2024.12,5700,-9999
06/15/2018 04:05,WEST CENTRAL,23312,664.44,9999,-9999
06/15/2018 04:10,CENTRAL EAST - VC,23330,1863.05,1985,-9999
06/15/2018 04:10,DYSINGER EAST,23326,805.27,3150,-9999
06/15/2018 04:10,MOSES SOUTH,23319,1827.38,3150,-1600
06/15/2018 04:10,SCH - HQ - NY,23324,1454,1500,-1000
06/15/2018 04:10,SCH - HQ_CEDARS,325274,0,70,-40
06/15/2018 04:10,SCH - HQ_IMPORT_EXPORT,325376,1154,1310,-9999
06/15/2018 04:10,SCH - NE - NY,23318,-442.83,1400,-1600
06/15/2018 04:10,SCH - NPX_1385,325277,0,200,-200
06/15/2018 04:10,SCH - NPX_CSC,325154,100,330,-330
06/15/2018 04:10,SCH - OH - NY,23317,1280.38,1700,-1600
06/15/2018 04:10,SCH - PJ - NY,23316,-52.61,2050,-1300
06/15/2018 04:10,SCH - PJM_HTP,325905,100,660,-660
06/15/2018 04:10,SCH - PJM_NEPTUNE,325305,330,660,-660
06/15/2018 04:10,SCH - PJM_VFT,325658,0,315,-315
06/15/2018 04:10,SPR/DUN-SOUTH,23320,2637.38,4600,-9999
06/15/2018 04:10,TOTAL EAST,23314,3605.34,6800,-9999
06/15/2018 04:10,UPNY CONED,23315,2015.45,5700,-9999
06/15/2018 04:10,WEST CENTRAL,23312,580.65,9999,-9999
06/15/2018 04:15,CENTRAL EAST - VC,23330,1842.77,1985,-9999
06/15/2018 04:15,DYSINGER EAST,23326,732.75,3150,-9999
06/15/2018 04:15,MOSES SOUTH,23319,1829.76,3150,-1600
06/15/2018 04:15,SCH - HQ - NY,23324,1454,1500,-1000
06/15/2018 04:15,SCH - HQ_CEDARS,325274,0,70,-40
06/15/2018 04:15,SCH - HQ_IMPORT_EXPORT,325376,1154,1310,-9999
06/15/2018 04:15,SCH - NE - NY,23318,-428.58,1400,-1600
06/15/2018 04:15,SCH - NPX_1385,325277,0,200,-200
06/15/2018 04:15,SCH - NPX_CSC,325154,100,330,-330
06/15/2018 04:15,SCH - OH - NY,23317,1280.36,1700,-1600
06/15/2018 04:15,SCH - PJ - NY,23316,-39.82,2050,-1300
06/15/2018 04:15,SCH - PJM_HTP,325905,100,660,-660
06/15/2018 04:15,SCH - PJM_NEPTUNE,325305,330,660,-660
06/15/2018 04:15,SCH - PJM_VFT,325658,0,315,-315
06/15/2018 04:15,SPR/DUN-SOUTH,23320,2625.91,4600,-9999
06/15/2018 04:15,TOTAL EAST,23314,3577.72,6800,-9999
06/15/2018 04:15,UPNY CONED,23315,1993.74,5700,-9999
06/15/2018 04:15,WEST CENTRAL,23312,510.95,9999,-9999
06/15/2018 04:20,CENTRAL EAST - VC,23330,1835.31,1985,-9999
06/15/2018 04:20,DYSINGER EAST,23326,733.98,3150,-9999
06/15/2018 04:20,MOSES SOUTH,23319,1816.51,3150,-1600
06/15/2018 04:20,SCH - HQ - NY,23324,1454,1500,-1000
06/15/2018 04:20,SCH - HQ_CEDARS,325274,0,70,-40
06/15/2018 04:20,SCH - HQ_IMPORT_EXPORT,325376,1154,1310,-9999
06/15/2018 04:20,SCH - NE - NY,23318,-415.49,1400,-1600
06/15/2018 04:20,SCH - NPX_1385,325277,0,200,-200
06/15/2018 04:20,SCH - NPX_CSC,325154,100,330,-330
06/15/2018 04:20,SCH - OH - NY,23317,1280.31,1700,-1600
06/15/2018 04:20,SCH - PJ - NY,23316,-25.99,2050,-1300
06/15/2018 04:20,SCH - PJM_HTP,325905,100,660,-660
06/15/2018 04:20,SCH - PJM_NEPTUNE,325305,330,660,-660
06/15/2018 04:20,SCH - PJM_VFT,325658,0,315,-315
06/15/2018 04:20,SPR/DUN-SOUTH,23320,2635.04,4600,-9999
06/15/2018 04:20,TOTAL EAST,23314,3596.69,6800,-9999
06/15/2018 04:20,UPNY CONED,23315,1996.79,5700,-9999
06/15/2018 04:20,WEST CENTRAL,23312,509.19,9999,-9999
06/15/2018 04:25,CENTRAL EAST - VC,23330,1871.49,1985,-9999
06/15/2018 04:25,DYSINGER EAST,23326,803.05,3150,-9999
06/15/2018 04:25,MOSES SOUTH,23319,1838.97,3150,-1600
06/15/2018 04:25,SCH - HQ - NY,23324,1454,1500,-1000
06/15/2018 04:25,SCH - HQ_CEDARS,325274,0,70,-40
06/15/2018 04:25,SCH - HQ_IMPORT_EXPORT,325376,1154,1310,-9999
06/15/2018 04:25,SCH - NE - NY,23318,-415.47,1400,-1600
06/15/2018 04:25,SCH - NPX_1385,325277,0,200,-200
06/15/2018 04:25,SCH - NPX_CSC,325154,100,330,-330
06/15/2018 04:25,SCH - OH - NY,23317,1280.45,1700,-1600
06/15/2018 04:25,SCH - PJ - NY,23316,-27,2050,-1300
06/15/2018 04:25,SCH - PJM_HTP,325905,100,660,-660
06/15/2018 04:25,SCH - PJM_NEPTUNE,325305,330,660,-660
06/15/2018 04:25,SCH - PJM_VFT,325658,0,315,-315
06/15/2018 04:25,SPR/DUN-SOUTH,23320,2661.62,4600,-9999
06/15/2018 04:25,TOTAL EAST,23314,3605.11,6800,-9999
06/15/2018 04:25,UPNY CONED,23315,2017.42,5700,-9999
06/15/2018 04:25,WEST CENTRAL,23312,574.54,9999,-9999
06/15/2018 04:30,CENTRAL EAST - VC,23330,1871.52,1985,-9999
06/15/2018 04:30,DYSINGER EAST,23326,843.39,3150,-9999
06/15/2018 04:30,MOSES SOUTH,23319,1837.4,3150,-1600
06/15/2018 04:30,SCH - HQ - NY,23324,1454,1500,-1000
06/15/2018 04:30,SCH - HQ_CEDARS,325274,0,70,-40
06/15/2018 04:30,SCH - HQ_IMPORT_EXPORT,325376,1154,1310,-9999
06/15/2018 04:30,SCH - NE - NY,23318,-415.46,1400,-1600
06/15/2018 04:30,SCH - NPX_1385,325277,0,200,-200
06/15/2018 04:30,SCH - NPX_CSC,325154,100,330,-330
06/15/2018 04:30,SCH - OH - NY,23317,1280.5,1700,-1600
06/15/2018 04:30,SCH - PJ - NY,23316,-27.44,2050,-1300
06/15/2018 04:30,SCH - PJM_HTP,325905,100,660,-660
06/15/2018 04:30,SCH - PJM_NEPTUNE,325305,330,660,-660
06/15/2018 04:30,SCH - PJM_VFT,325658,0,315,-315
06/15/2018 04:30,SPR/DUN-SOUTH,23320,2662.29,4600,-9999
06/15/2018 04:30,TOTAL EAST,23314,3601.02,6800,-9999
06/15/2018 04:30,UPNY CONED,23315,2021.17,5700,-9999
06/15/2018 04:30,WEST CENTRAL,23312,611.36,9999,-9999
06/15/2018 04:35,CENTRAL EAST - VC,23330,1884.49,1985,-9999
06/15/2018 04:35,DYSINGER EAST,23326,867.54,3150,-9999
06/15/2018 04:35,MOSES SOUTH,23319,1818.36,3150,-1600
06/15/2018 04:35,SCH - HQ - NY,23324,1454,1500,-1000
06/15/2018 04:35,SCH - HQ_CEDARS,325274,0,70,-40
06/15/2018 04:35,SCH - HQ_IMPORT_EXPORT,325376,1154,1310,-9999
06/15/2018 04:35,SCH - NE - NY,23318,-415.63,1400,-1600
06/15/2018 04:35,SCH - NPX_1385,325277,0,200,-200
06/15/2018 04:35,SCH - NPX_CSC,325154,100,330,-330
06/15/2018 04:35,SCH - OH - NY,23317,1280.45,1700,-1600
06/15/2018 04:35,SCH - PJ - NY,23316,-26.64,2050,-1300
06/15/2018 04:35,SCH - PJM_HTP,325905,100,660,-660
06/15/2018 04:35,SCH - PJM_NEPTUNE,325305,330,660,-660
06/15/2018 04:35,SCH - PJM_VFT,325658,0,315,-315
06/15/2018 04:35,SPR/DUN-SOUTH,23320,2672.36,4600,-9999
06/15/2018 04:35,TOTAL EAST,23314,3592.25,6800,-9999
06/15/2018 04:35,UPNY CONED,23315,2025.14,5700,-9999
06/15/2018 04:35,WEST CENTRAL,23312,635.19,9999,-9999
06/15/2018 04:40,CENTRAL EAST - VC,23330,1884.67,1985,-9999
06/15/2018 04:40,DYSINGER EAST,23326,882.91,3150,-9999
06/15/2018 04:40,MOSES SOUTH,23319,1823.5,3150,-1600
06/15/2018 04:40,SCH - HQ - NY,23324,1454,1500,-1000
06/15/2018 04:40,SCH - HQ_CEDARS,325274,0,70,-40
06/15/2018 04:40,SCH - HQ_IMPORT_EXPORT,325376,1154,1310,-9999
06/15/2018 04:40,SCH - NE - NY,23318,-415.6,1400,-1600
06/15/2018 04:40,SCH - NPX_1385,325277,0,200,-200
06/15/2018 04:40,SCH - NPX_CSC,325154,100,330,-330
06/15/2018 04:40,SCH - OH - NY,23317,1280.49,1700,-1600
06/15/2018 04:40,SCH - PJ - NY,23316,-25.61,2050,-1300
06/15/2018 04:40,SCH - PJM_HTP,325905,100,660,-660
06/15/2018 04:40,SCH - PJM_NEPTUNE,325305,330,660,-660
06/15/2018 04:40,SCH - PJM_VFT,325658,0,315,-315
06/15/2018 04:40,SPR/DUN-SOUTH,23320,2677.46,4600,-9999
06/15/2018 04:40,TOTAL EAST,23314,3587.17,6800,-9999
06/15/2018 04:40,UPNY CONED,23315,2030.1,5700,-9999
06/15/2018 04:40,WEST CENTRAL,23312,650.35,9999,-9999
06/15/2018 04:45,CENTRAL EAST - VC,23330,1858.26,1985,-9999
06/15/2018 04:45,DYSINGER EAST,23326,819.7,3150,-9999
06/15/2018 04:45,MOSES SOUTH,23319,1850.42,3150,-1600
06/15/2018 04:45,SCH - HQ - NY,23324,1454,1500,-1000
06/15/2018 04:45,SCH - HQ_CEDARS,325274,0,70,-40
06/15/2018 04:45,SCH - HQ_IMPORT_EXPORT,325376,1154,1310,-9999
06/15/2018 04:45,SCH - NE - NY,23318,-415.55,1400,-1600
06/15/2018 04:45,SCH - NPX_1385,325277,0,200,-200
06/15/2018 04:45,SCH - NPX_CSC,325154,100,330,-330
06/15/2018 04:45,SCH - OH - NY,23317,1280.49,1700,-1600
06/15/2018 04:45,SCH - PJ - NY,23316,-15.08,2050,-1300
06/15/2018 04:45,SCH - PJM_HTP,325905,100,660,-660
06/15/2018 04:45,SCH - PJM_NEPTUNE,325305,330,660,-660
06/15/2018 04:45,SCH - PJM_VFT,325658,0,315,-315
06/15/2018 04:45,SPR/DUN-SOUTH,23320,2642.97,4600,-9999
06/15/2018 04:45,TOTAL EAST,23314,3605.93,6800,-9999
06/15/2018 04:45,UPNY CONED,23315,2006.66,5700,-9999
06/15/2018 04:45,WEST CENTRAL,23312,585.89,9999,-9999
06/15/2018 04:50,CENTRAL EAST - VC,23330,1878.83,1985,-9999
06/15/2018 04:50,DYSINGER EAST,23326,824.48,3150,-9999
06/15/2018 04:50,MOSES SOUTH,23319,1849.69,3150,-1600
06/15/2018 04:50,SCH - HQ - NY,23324,1454,1500,-1000
06/15/2018 04:50,SCH - HQ_CEDARS,325274,0,70,-40
06/15/2018 04:50,SCH - HQ_IMPORT_EXPORT,325376,1154,1310,-9999
06/15/2018 04:50,SCH - NE - NY,23318,-415.61,1400,-1600
06/15/2018 04:50,SCH - NPX_1385,325277,0,200,-200
06/15/2018 04:50,SCH - NPX_CSC,325154,100,330,-330
06/15/2018 04:50,SCH - OH - NY,23317,1280.45,1700,-1600
06/15/2018 04:50,SCH - PJ - NY,23316,-1.55,2050,-1300
06/15/2018 04:50,SCH - PJM_HTP,325905,100,660,-660
06/15/2018 04:50,SCH - PJM_NEPTUNE,325305,330,660,-660
06/15/2018 04:50,SCH - PJM_VFT,325658,0,315,-315
06/15/2018 04:50,SPR/DUN-SOUTH,23320,2652.24,4600,-9999
06/15/2018 04:50,TOTAL EAST,23314,3602.36,6800,-9999
06/15/2018 04:50,UPNY CONED,23315,2011.96,5700,-9999
06/15/2018 04:50,WEST CENTRAL,23312,586.72,9999,-9999
06/15/2018 04:55,CENTRAL EAST - VC,23330,1853.53,1985,-9999
06/15/2018 04:55,DYSINGER EAST,23326,805.81,3150,-9999
06/15/2018 04:55,MOSES SOUTH,23319,1851.59,3150,-1600
06/15/2018 04:55,SCH - HQ - NY,23324,1454,1500,-1000
06/15/2018 04:55,SCH - HQ_CEDARS,325274,0,70,-40
06/15/2018 04:55,SCH - HQ_IMPORT_EXPORT,325376,1154,1310,-9999
06/15/2018 04:55,SCH - NE - NY,23318,-415.48,1400,-1600
06/15/2018 04:55,SCH - NPX_1385,325277,0,200,-200
06/15/2018 04:55,SCH - NPX_CSC,325154,100,330,-330
06/15/2018 04:55,SCH - OH - NY,23317,1280.44,1700,-1600
06/15/2018 04:55,SCH - PJ - NY,23316,-2.08,2050,-1300
06/15/2018 04:55,SCH - PJM_HTP,325905,100,660,-660
06/15/2018 04:55,SCH - PJM_NEPTUNE,325305,330,660,-660
06/15/2018 04:55,SCH - PJM_VFT,325658,0,315,-315
06/15/2018 04:55,SPR/DUN-SOUTH,23320,2617.5,4600,-9999
06/15/2018 04:55,TOTAL EAST,23314,3583.23,6800,-9999
06/15/2018 04:55,UPNY CONED,23315,1980.06,5700,-9999
06/15/2018 04:55,WEST CENTRAL,23312,564.25,9999,-9999
06/15/2018 05:00,CENTRAL EAST - VC,23330,1808.32,1985,-9999
06/15/2018 05:00,DYSINGER EAST,23326,772.21,3150,-9999
06/15/2018 05:00,MOSES SOUTH,23319,1864.16,3150,-1600
06/15/2018 05:00,SCH - HQ - NY,23324,1477,1500,-1000
06/15/2018 05:00,SCH - HQ_CEDARS,325274,0,70,-40
06/15/2018 05:00,SCH - HQ_IMPORT_EXPORT,325376,1177,1310,-9999
06/15/2018 05:00,SCH - NE - NY,23318,-412.39,1400,-1600
06/15/2018 05:00,SCH - NPX_1385,325277,22,200,-200
06/15/2018 05:00,SCH - NPX_CSC,325154,100,330,-330
06/15/2018 05:00,SCH - OH - NY,23317,1288.43,1700,-1600
06/15/2018 05:00,SCH - PJ - NY,23316,-2.79,2050,-1300
06/15/2018 05:00,SCH - PJM_HTP,325905,100,660,-660
06/15/2018 05:00,SCH - PJM_NEPTUNE,325305,330,660,-660
06/15/2018 05:00,SCH - PJM_VFT,325658,0,315,-315
06/15/2018 05:00,SPR/DUN-SOUTH,23320,2636.13,4600,-9999
06/15/2018 05:00,TOTAL EAST,23314,3534.26,6800,-9999
06/15/2018 05:00,UPNY CONED,23315,1997.51,5700,-9999
06/15/2018 05:00,WEST CENTRAL,23312,525.97,9999,-9999
06/15/2018 05:05,CENTRAL EAST - VC,23330,1808.52,1985,-9999
06/15/2018 05:05,DYSINGER EAST,23326,775.02,3150,-9999
06/15/2018 05:05,MOSES SOUTH,23319,1878.03,3150,-1600
06/15/2018 05:05,SCH - HQ - NY,23324,1500,1500,-1000
06/15/2018 05:05,SCH - HQ_CEDARS,325274,0,70,-40
06/15/2018 05:05,SCH - HQ_IMPORT_EXPORT,325376,1200,1310,-9999
06/15/2018 05:05,SCH - NE - NY,23318,-410.47,1400,-1600
06/15/2018 05:05,SCH - NPX_1385,325277,44,200,-200
06/15/2018 05:05,SCH - NPX_CSC,325154,100,330,-330
06/15/2018 05:05,SCH - OH - NY,23317,1297.37,1700,-1600
06/15/2018 05:05,SCH - PJ - NY,23316,-6.35,2050,-1300
06/15/2018 05:05,SCH - PJM_HTP,325905,100,660,-660
06/15/2018 05:05,SCH - PJM_NEPTUNE,325305,330,660,-660
06/15/2018 05:05,SCH - PJM_VFT,325658,0,315,-315
06/15/2018 05:05,SPR/DUN-SOUTH,23320,2651.62,4600,-9999
06/15/2018 05:05,TOTAL EAST,23314,3550.72,6800,-9999
06/15/2018 05:05,UPNY CONED,23315,2001.97,5700,-9999
06/15/2018 05:05,WEST CENTRAL,23312,519.7,9999,-9999
06/15/2018 05:10,CENTRAL EAST - VC,23330,1818.69,1985,-9999
06/15/2018 05:10,DYSINGER EAST,23326,765.96,3150,-9999
06/15/2018 05:10,MOSES SOUTH,23319,1888.11,3150,-1600
06/15/2018 05:10,SCH - HQ - NY,23324,1500,1500,-1000
06/15/2018 05:10,SCH - HQ_CEDARS,325274,0,70,-40
06/15/2018 05:10,SCH - HQ_IMPORT_EXPORT,325376,1200,1310,-9999
06/15/2018 05:10,SCH - NE - NY,23318,-410.51,1400,-1600
06/15/2018 05:10,SCH - NPX_1385,325277,44,200,-200
06/15/2018 05:10,SCH - NPX_CSC,325154,100,330,-330
06/15/2018 05:10,SCH - OH - NY,23317,1297.33,1700,-1600
06/15/2018 05:10,SCH - PJ - NY,23316,-6.29,2050,-1300
06/15/2018 05:10,SCH - PJM_HTP,325905,100,660,-660
06/15/2018 05:10,SCH - PJM_NEPTUNE,325305,330,660,-660
06/15/2018 05:10,SCH - PJM_VFT,325658,0,315,-315
06/15/2018 05:10,SPR/DUN-SOUTH,23320,2657.04,4600,-9999
06/15/2018 05:10,TOTAL EAST,23314,3575.46,6800,-9999
06/15/2018 05:10,UPNY CONED,23315,2007.61,5700,-9999
06/15/2018 05:10,WEST CENTRAL,23312,506.73,9999,-9999
06/15/2018 05:15,CENTRAL EAST - VC,23330,1853.01,1985,-9999
06/15/2018 05:15,DYSINGER EAST,23326,806.67,3150,-9999
06/15/2018 05:15,MOSES SOUTH,23319,1918.32,3150,-1600
06/15/2018 05:15,SCH - HQ - NY,23324,1500,1500,-1000
06/15/2018 05:15,SCH - HQ_CEDARS,325274,0,70,-40
06/15/2018 05:15,SCH - HQ_IMPORT_EXPORT,325376,1200,1310,-9999
06/15/2018 05:15,SCH - NE - NY,23318,-434.11,1400,-1600
06/15/2018 05:15,SCH - NPX_1385,325277,44,200,-200
06/15/2018 05:15,SCH - NPX_CSC,325154,100,330,-330
06/15/2018 05:15,SCH - OH - NY,23317,1297.44,1700,-1600
06/15/2018 05:15,SCH - PJ - NY,23316,7.08,2050,-1300
06/15/2018 05:15,SCH - PJM_HTP,325905,100,660,-660
06/15/2018 05:15,SCH - PJM_NEPTUNE,325305,330,660,-660
06/15/2018 05:15,SCH - PJM_VFT,325658,0,315,-315
06/15/2018 05:15,SPR/DUN-SOUTH,23320,2642.6,4600,-9999
06/15/2018 05:15,TOTAL EAST,23314,3583.68,6800,-9999
06/15/2018 05:15,UPNY CONED,23315,1995.24,5700,-9999
06/15/2018 05:15,WEST CENTRAL,23312,545.96,9999,-9999
06/15/2018 05:20,CENTRAL EAST - VC,23330,1876.99,1985,-9999
06/15/2018 05:20,DYSINGER EAST,23326,817.27,3150,-9999
06/15/2018 05:20,MOSES SOUTH,23319,1937.6,3150,-1600
06/15/2018 05:20,SCH - HQ - NY,23324,1500,1500,-1000
06/15/2018 05:20,SCH - HQ_CEDARS,325274,0,70,-40
06/15/2018 05:20,SCH - HQ_IMPORT_EXPORT,325376,1200,1310,-9999
06/15/2018 05:20,SCH - NE - NY,23318,-459.29,1400,-1600
06/15/2018 05:20,SCH - NPX_1385,325277,44,200,-200
06/15/2018 05:20,SCH - NPX_CSC,325154,100,330,-330
06/15/2018 05:20,SCH - OH - NY,23317,1297.46,1700,-1600
06/15/2018 05:20,SCH - PJ - NY,23316,18.68,2050,-1300
06/15/2018 05:20,SCH - PJM_HTP,325905,100,660,-660
06/15/2018 05:20,SCH - PJM_NEPTUNE,325305,330,660,-660
06/15/2018 05:20,SCH - PJM_VFT,325658,0,315,-315
06/15/2018 05:20,SPR/DUN-SOUTH,23320,2629.68,4600,-9999
06/15/2018 05:20,TOTAL EAST,23314,3594.53,6800,-9999
06/15/2018 05:20,UPNY CONED,23315,1986.22,5700,-9999
06/15/2018 05:20,WEST CENTRAL,23312,552.43,9999,-9999
06/15/2018 05:25,CENTRAL EAST - VC,23330,1874.14,1985,-9999
06/15/2018 05:25,DYSINGER EAST,23326,824.7,3150,-9999
06/15/2018 05:25,MOSES SOUTH,23319,1943.23,3150,-1600
06/15/2018 05:25,SCH - HQ - NY,23324,1500,1500,-1000
06/15/2018 05:25,SCH - HQ_CEDARS,325274,0,70,-40
06/15/2018 05:25,SCH - HQ_IMPORT_EXPORT,325376,1200,1310,-9999
06/15/2018 05:25,SCH - NE - NY,23318,-459.32,1400,-1600
06/15/2018 05:25,SCH - NPX_1385,325277,44,200,-200
06/15/2018 05:25,SCH - NPX_CSC,325154,100,330,-330
06/15/2018 05:25,SCH - OH - NY,23317,1297.46,1700,-1600
06/15/2018 05:25,SCH - PJ - NY,23316,19.03,2050,-1300
06/15/2018 05:25,SCH - PJM_HTP,325905,100,660,-660
06/15/2018 05:25,SCH - PJM_NEPTUNE,325305,330,660,-660
06/15/2018 05:25,SCH - PJM_VFT,325658,0,315,-315
06/15/2018 05:25,SPR/DUN-SOUTH,23320,2619.4,4600,-9999
06/15/2018 05:25,TOTAL EAST,23314,3605.36,6800,-9999
06/15/2018 05:25,UPNY CONED,23315,1974.69,5700,-9999
06/15/2018 05:25,WEST CENTRAL,23312,557.72,9999,-9999
06/15/2018 05:30,CENTRAL EAST - VC,23330,1854.8,1985,-9999
06/15/2018 05:30,DYSINGER EAST,23326,806.47,3150,-9999
06/15/2018 05:30,MOSES SOUTH,23319,1925.76,3150,-1600
06/15/2018 05:30,SCH - HQ - NY,23324,1500,1500,-1000
06/15/2018 05:30,SCH - HQ_CEDARS,325274,0,70,-40
06/15/2018 05:30,SCH - HQ_IMPORT_EXPORT,325376,1200,1310,-9999
06/15/2018 05:30,SCH - NE - NY,23318,-470.3,1400,-1600
06/15/2018 05:30,SCH - NPX_1385,325277,44,200,-200
06/15/2018 05:30,SCH - NPX_CSC,325154,100,330,-330
06/15/2018 05:30,SCH - OH - NY,23317,1297.39,1700,-1600
06/15/2018 05:30,SCH - PJ - NY,23316,18.49,2050,-1300
06/15/2018 05:30,SCH - PJM_HTP,325905,100,660,-660
06/15/2018 05:30,SCH - PJM_NEPTUNE,325305,330,660,-660
06/15/2018 05:30,SCH - PJM_VFT,325658,0,315,-315
06/15/2018 05:30,SPR/DUN-SOUTH,23320,2634.01,4600,-9999
06/15/2018 05:30,TOTAL EAST,23314,3603.9,6800,-9999
06/15/2018 05:30,UPNY CONED,23315,1990.45,5700,-9999
06/15/2018 05:30,WEST CENTRAL,23312,541.7,9999,-9999
06/15/2018 05:35,CENTRAL EAST - VC,23330,1861.21,1985,-9999
06/15/2018 05:35,DYSINGER EAST,23326,828.64,3150,-9999
06/15/2018 05:35,MOSES SOUTH,23319,1933.16,3150,-1600
06/15/2018 05:35,SCH - HQ - NY,23324,1500,1500,-1000
06/15/2018 05:35,SCH - HQ_CEDARS,325274,0,70,-40
06/15/2018 05:35,SCH - HQ_IMPORT_EXPORT,325376,1200,1310,-9999
06/15/2018 05:35,SCH - NE - NY,23318,-481.32,1400,-1600
06/15/2018 05:35,SCH - NPX_1385,325277,44,200,-200
06/15/2018 05:35,SCH - NPX_CSC,325154,100,330,-330
06/15/2018 05:35,SCH - OH - NY,23317,1297.42,1700,-1600
06/15/2018 05:35,SCH - PJ - NY,23316,19.59,2050,-1300
06/15/2018 05:35,SCH - PJM_HTP,325905,100,660,-660
06/15/2018 05:35,SCH - PJM_NEPTUNE,325305,330,660,-660
06/15/2018 05:35,SCH - PJM_VFT,325658,0,315,-315
06/15/2018 05:35,SPR/DUN-SOUTH,23320,2636.72,4600,-9999
06/15/2018 05:35,TOTAL EAST,23314,3617.89,6800,-9999
06/15/2018 05:35,UPNY CONED,23315,1987.07,5700,-9999
06/15/2018 05:35,WEST CENTRAL,23312,562.62,9999,-9999
06/15/2018 05:40,CENTRAL EAST - VC,23330,1872.95,1985,-9999
06/15/2018 05:40,DYSINGER EAST,23326,878.48,3150,-9999
06/15/2018 05:40,MOSES SOUTH,23319,1915.97,3150,-1600
06/15/2018 05:40,SCH - HQ - NY,23324,1500,1500,-1000
06/15/2018 05:40,SCH - HQ_CEDARS,325274,0,70,-40
06/15/2018 05:40,SCH - HQ_IMPORT_EXPORT,325376,1200,1310,-9999
06/15/2018 05:40,SCH - NE - NY,23318,-481.34,1400,-1600
06/15/2018 05:40,SCH - NPX_1385,325277,44,200,-200
06/15/2018 05:40,SCH - NPX_CSC,325154,100,330,-330
06/15/2018 05:40,SCH - OH - NY,23317,1297.36,1700,-1600
06/15/2018 05:40,SCH - PJ - NY,23316,17.82,2050,-1300
06/15/2018 05:40,SCH - PJM_HTP,325905,100,660,-660
06/15/2018 05:40,SCH - PJM_NEPTUNE,325305,330,660,-660
06/15/2018 05:40,SCH - PJM_VFT,325658,0,315,-315
06/15/2018 05:40,SPR/DUN-SOUTH,23320,2659.05,4600,-9999
06/15/2018 05:40,TOTAL EAST,23314,3669.66,6800,-9999
06/15/2018 05:40,UPNY CONED,23315,2018.93,5700,-9999
06/15/2018 05:40,WEST CENTRAL,23312,609.77,9999,-9999
06/15/2018 05:45,CENTRAL EAST - VC,23330,1885.06,1985,-9999
06/15/2018 05:45,DYSINGER EAST,23326,954.35,3150,-9999
06/15/2018 05:45,MOSES SOUTH,23319,1900.08,3150,-1600
06/15/2018 05:45,SCH - HQ - NY,23324,1500,1500,-1000
06/15/2018 05:45,SCH - HQ_CEDARS,325274,0,70,-40
06/15/2018 05:45,SCH - HQ_IMPORT_EXPORT,325376,1200,1310,-9999
06/15/2018 05:45,SCH - NE - NY,23318,-490.39,1400,-1600
06/15/2018 05:45,SCH - NPX_1385,325277,44,200,-200
06/15/2018 05:45,SCH - NPX_CSC,325154,100,330,-330
06/15/2018 05:45,SCH - OH - NY,23317,1297.41,1700,-1600
06/15/2018 05:45,SCH - PJ - NY,23316,18.33,2050,-1300
06/15/2018 05:45,SCH - PJM_HTP,325905,100,660,-660
06/15/2018 05:45,SCH - PJM_NEPTUNE,325305,330,660,-660
06/15/2018 05:45,SCH - PJM_VFT,325658,0,315,-315
06/15/2018 05:45,SPR/DUN-SOUTH,23320,2687.75,4600,-9999
06/15/2018 05:45,TOTAL EAST,23314,3658.99,6800,-9999
06/15/2018 05:45,UPNY CONED,23315,2051.01,5700,-9999
06/15/2018 05:45,WEST CENTRAL,23312,684.53,9999,-9999
06/15/2018 05:50,CENTRAL EAST - VC,23330,1883.88,1985,-9999
06/15/2018 05:50,DYSINGER EAST,23326,947.03,3150,-9999
06/15/2018 05:50,MOSES SOUTH,23319,1890.06,3150,-1600
06/15/2018 05:50,SCH - HQ - NY,23324,1500,1500,-1000
06/15/2018 05:50,SCH - HQ_CEDARS,325274,0,70,-40
06/15/2018 05:50,SCH - HQ_IMPORT_EXPORT,325376,1200,1310,-9999
06/15/2018 05:50,SCH - NE - NY,23318,-500.43,1400,-1600
06/15/2018 05:50,SCH - NPX_1385,325277,44,200,-200
06/15/2018 05:50,SCH - NPX_CSC,325154,100,330,-330
06/15/2018 05:50,SCH - OH - NY,23317,1297.32,1700,-1600
06/15/2018 05:50,SCH - PJ - NY,23316,18.34,2050,-1300
06/15/2018 05:50,SCH - PJM_HTP,325905,100,660,-660
06/15/2018 05:50,SCH - PJM_NEPTUNE,325305,330,660,-660
06/15/2018 05:50,SCH - PJM_VFT,325658,0,315,-315
06/15/2018 05:50,SPR/DUN-SOUTH,23320,2717.41,4600,-9999
06/15/2018 05:50,TOTAL EAST,23314,3677.18,6800,-9999
06/15/2018 05:50,UPNY CONED,23315,2096.47,5700,-9999
06/15/2018 05:50,WEST CENTRAL,23312,673.33,9999,-9999
06/15/2018 05:55,CENTRAL EAST - VC,23330,1885.05,1985,-9999
06/15/2018 05:55,DYSINGER EAST,23326,982.22,3150,-9999
06/15/2018 05:55,MOSES SOUTH,23319,1907.55,3150,-1600
06/15/2018 05:55,SCH - HQ - NY,23324,1500,1500,-1000
06/15/2018 05:55,SCH - HQ_CEDARS,325274,0,70,-40
06/15/2018 05:55,SCH - HQ_IMPORT_EXPORT,325376,1200,1310,-9999
06/15/2018 05:55,SCH - NE - NY,23318,-500.44,1400,-1600
06/15/2018 05:55,SCH - NPX_1385,325277,44,200,-200
06/15/2018 05:55,SCH - NPX_CSC,325154,100,330,-330
06/15/2018 05:55,SCH - OH - NY,23317,1297.42,1700,-1600
06/15/2018 05:55,SCH - PJ - NY,23316,19.22,2050,-1300
06/15/2018 05:55,SCH - PJM_HTP,325905,100,660,-660
06/15/2018 05:55,SCH - PJM_NEPTUNE,325305,330,660,-660
06/15/2018 05:55,SCH - PJM_VFT,325658,0,315,-315
06/15/2018 05:55,SPR/DUN-SOUTH,23320,2741.91,4600,-9999
06/15/2018 05:55,TOTAL EAST,23314,3656.25,6800,-9999
06/15/2018 05:55,UPNY CONED,23315,2138.58,5700,-9999
06/15/2018 05:55,WEST CENTRAL,23312,706.96,9999,-9999
06/15/2018 06:00,CENTRAL EAST - VC,23330,1849.19,1985,-9999
06/15/2018 06:00,DYSINGER EAST,23326,905.93,3150,-9999
06/15/2018 06:00,MOSES SOUTH,23319,1917.03,3150,-1600
06/15/2018 06:00,SCH - HQ - NY,23324,1500,1500,-1000
06/15/2018 06:00,SCH - HQ_CEDARS,325274,0,70,-40
06/15/2018 06:00,SCH - HQ_IMPORT_EXPORT,325376,1200,1310,-9999
06/15/2018 06:00,SCH - NE - NY,23318,-452.3,1400,-1600
06/15/2018 06:00,SCH - NPX_1385,325277,22,200,-200
06/15/2018 06:00,SCH - NPX_CSC,325154,157,330,-330
06/15/2018 06:00,SCH - OH - NY,23317,1180.98,1700,-1600
06/15/2018 06:00,SCH - PJ - NY,23316,66.07,2050,-1300
06/15/2018 06:00,SCH - PJM_HTP,325905,100,660,-660
06/15/2018 06:00,SCH - PJM_NEPTUNE,325305,412,660,-660
06/15/2018 06:00,SCH - PJM_VFT,325658,0,315,-315
06/15/2018 06:00,SPR/DUN-SOUTH,23320,2834.63,4600,-9999
06/15/2018 06:00,TOTAL EAST,23314,3632.51,6800,-9999
06/15/2018 06:00,UPNY CONED,23315,2149.1,5700,-9999
06/15/2018 06:00,WEST CENTRAL,23312,621.73,9999,-9999
06/15/2018 06:05,CENTRAL EAST - VC,23330,1769.35,1985,-9999
06/15/2018 06:05,DYSINGER EAST,23326,774.73,3150,-9999
06/15/2018 06:05,MOSES SOUTH,23319,1909.07,3150,-1600
06/15/2018 06:05,SCH - HQ - NY,23324,1500,1500,-1000
06/15/2018 06:05,SCH - HQ_CEDARS,325274,0,70,-40
06/15/2018 06:05,SCH - HQ_IMPORT_EXPORT,325376,1200,1310,-9999
06/15/2018 06:05,SCH - NE - NY,23318,-405.17,1400,-1600
06/15/2018 06:05,SCH - NPX_1385,325277,0,200,-200
06/15/2018 06:05,SCH - NPX_CSC,325154,215,330,-330
06/15/2018 06:05,SCH - OH - NY,23317,1065.56,1700,-1600
06/15/2018 06:05,SCH - PJ - NY,23316,118.35,2050,-1300
06/15/2018 06:05,SCH - PJM_HTP,325905,100,660,-660
06/15/2018 06:05,SCH - PJM_NEPTUNE,325305,495,660,-660
06/15/2018 06:05,SCH - PJM_VFT,325658,0,315,-315
06/15/2018 06:05,SPR/DUN-SOUTH,23320,2783.53,4600,-9999
06/15/2018 06:05,TOTAL EAST,23314,3395.52,6800,-9999
06/15/2018 06:05,UPNY CONED,23315,2022.79,5700,-9999
06/15/2018 06:05,WEST CENTRAL,23312,479.18,9999,-9999
06/15/2018 06:10,CENTRAL EAST - VC,23330,1792.05,1985,-9999
06/15/2018 06:10,DYSINGER EAST,23326,854.4,3150,-9999
06/15/2018 06:10,MOSES SOUTH,23319,1937.85,3150,-1600
06/15/2018 06:10,SCH - HQ - NY,23324,1500,1500,-1000
06/15/2018 06:10,SCH - HQ_CEDARS,325274,0,70,-40
06/15/2018 06:10,SCH - HQ_IMPORT_EXPORT,325376,1200,1310,-9999
06/15/2018 06:10,SCH - NE - NY,23318,-405.14,1400,-1600
06/15/2018 06:10,SCH - NPX_1385,325277,0,200,-200
06/15/2018 06:10,SCH - NPX_CSC,325154,215,330,-330
06/15/2018 06:10,SCH - OH - NY,23317,1065.61,1700,-1600
06/15/2018 06:10,SCH - PJ - NY,23316,115.78,2050,-1300
06/15/2018 06:10,SCH - PJM_HTP,325905,100,660,-660
06/15/2018 06:10,SCH - PJM_NEPTUNE,325305,495,660,-660
06/15/2018 06:10,SCH - PJM_VFT,325658,0,315,-315
06/15/2018 06:10,SPR/DUN-SOUTH,23320,2825.57,4600,-9999
06/15/2018 06:10,TOTAL EAST,23314,3432.87,6800,-9999
06/15/2018 06:10,UPNY CONED,23315,2091.79,5700,-9999
06/15/2018 06:10,WEST CENTRAL,23312,542.9,9999,-9999
06/15/2018 06:15,CENTRAL EAST - VC,23330,1752.95,2060,-9999
06/15/2018 06:15,DYSINGER EAST,23326,859.53,3150,-9999
06/15/2018 06:15,MOSES SOUTH,23319,1929.4,3150,-1600
06/15/2018 06:15,SCH - HQ - NY,23324,1500,1500,-1000
06/15/2018 06:15,SCH - HQ_CEDARS,325274,0,70,-40
06/15/2018 06:15,SCH - HQ_IMPORT_EXPORT,325376,1200,1310,-9999
06/15/2018 06:15,SCH - NE - NY,23318,-371.2,1400,-1600
06/15/2018 06:15,SCH - NPX_1385,325277,0,200,-200
06/15/2018 06:15,SCH - NPX_CSC,325154,215,330,-330
06/15/2018 06:15,SCH - OH - NY,23317,1065.61,1700,-1600
06/15/2018 06:15,SCH - PJ - NY,23316,118.52,2050,-1300
06/15/2018 06:15,SCH - PJM_HTP,325905,100,660,-660
06/15/2018 06:15,SCH - PJM_NEPTUNE,325305,495,660,-660
06/15/2018 06:15,SCH - PJM_VFT,325658,0,315,-315
06/15/2018 06:15,SPR/DUN-SOUTH,23320,2804.95,4600,-9999
06/15/2018 06:15,TOTAL EAST,23314,3443.91,6800,-9999
06/15/2018 06:15,UPNY CONED,23315,2096.91,5700,-9999
06/15/2018 06:15,WEST CENTRAL,23312,537.75,9999,-9999
06/15/2018 06:20,CENTRAL EAST - VC,23330,1793.77,2060,-9999
06/15/2018 06:20,DYSINGER EAST,23326,951.63,3150,-9999
06/15/2018 06:20,MOSES SOUTH,23319,1916.23,3150,-1600
06/15/2018 06:20,SCH - HQ - NY,23324,1500,1500,-1000
06/15/2018 06:20,SCH - HQ_CEDARS,325274,0,70,-40
06/15/2018 06:20,SCH - HQ_IMPORT_EXPORT,325376,1200,1310,-9999
06/15/2018 06:20,SCH - NE - NY,23318,-338.13,1400,-1600
06/15/2018 06:20,SCH - NPX_1385,325277,0,200,-200
06/15/2018 06:20,SCH - NPX_CSC,325154,215,330,-330
06/15/2018 06:20,SCH - OH - NY,23317,1065.56,1700,-1600
06/15/2018 06:20,SCH - PJ - NY,23316,118.2,2050,-1300
06/15/2018 06:20,SCH - PJM_HTP,325905,100,660,-660
06/15/2018 06:20,SCH - PJM_NEPTUNE,325305,495,660,-660
06/15/2018 06:20,SCH - PJM_VFT,325658,0,315,-315
06/15/2018 06:20,SPR/DUN-SOUTH,23320,2849.35,4600,-9999
06/15/2018 06:20,TOTAL EAST,23314,3513.33,6800,-9999
06/15/2018 06:20,UPNY CONED,23315,2173.46,5700,-9999
06/15/2018 06:20,WEST CENTRAL,23312,619.61,9999,-9999
06/15/2018 06:25,CENTRAL EAST - VC,23330,1757.98,2060,-9999
06/15/2018 06:25,DYSINGER EAST,23326,914.76,3150,-9999
06/15/2018 06:25,MOSES SOUTH,23319,1909.61,3150,-1600
06/15/2018 06:25,SCH - HQ - NY,23324,1500,1500,-1000
06/15/2018 06:25,SCH - HQ_CEDARS,325274,0,70,-40
06/15/2018 06:25,SCH - HQ_IMPORT_EXPORT,325376,1200,1310,-9999
06/15/2018 06:25,SCH - NE - NY,23318,-338.1,1400,-1600
06/15/2018 06:25,SCH - NPX_1385,325277,0,200,-200
06/15/2018 06:25,SCH - NPX_CSC,325154,215,330,-330
06/15/2018 06:25,SCH - OH - NY,23317,1065.48,1700,-1600
06/15/2018 06:25,SCH - PJ - NY,23316,116.66,2050,-1300
06/15/2018 06:25,SCH - PJM_HTP,325905,100,660,-660
06/15/2018 06:25,SCH - PJM_NEPTUNE,325305,495,660,-660
06/15/2018 06:25,SCH - PJM_VFT,325658,0,315,-315
06/15/2018 06:25,SPR/DUN-SOUTH,23320,2854.97,4600,-9999
06/15/2018 06:25,TOTAL EAST,23314,3486.94,6800,-9999
06/15/2018 06:25,UPNY CONED,23315,2191.4,5700,-9999
06/15/2018 06:25,WEST CENTRAL,23312,575.26,9999,-9999
06/15/2018 06:30,CENTRAL EAST - VC,23330,1748.08,2060,-9999
06/15/2018 06:30,DYSINGER EAST,23326,904.85,3150,-9999
06/15/2018 06:30,MOSES SOUTH,23319,1917.11,3150,-1600
06/15/2018 06:30,SCH - HQ - NY,23324,1500,1500,-1000
06/15/2018 06:30,SCH - HQ_CEDARS,325274,0,70,-40
06/15/2018 06:30,SCH - HQ_IMPORT_EXPORT,325376,1200,1310,-9999
06/15/2018 06:30,SCH - NE - NY,23318,-371.16,1400,-1600
06/15/2018 06:30,SCH - NPX_1385,325277,0,200,-200
06/15/2018 06:30,SCH - NPX_CSC,325154,215,330,-330
06/15/2018 06:30,SCH - OH - NY,23317,1065.48,1700,-1600
06/15/2018 06:30,SCH - PJ - NY,23316,128.03,2050,-1300
06/15/2018 06:30,SCH - PJM_HTP,325905,100,660,-660
06/15/2018 06:30,SCH - PJM_NEPTUNE,325305,495,660,-660
06/15/2018 06:30,SCH - PJM_VFT,325658,0,315,-315
06/15/2018 06:30,SPR/DUN-SOUTH,23320,2871.85,4600,-9999
06/15/2018 06:30,TOTAL EAST,23314,3474.67,6800,-9999
06/15/2018 06:30,UPNY CONED,23315,2212.16,5700,-9999
06/15/2018 06:30,WEST CENTRAL,23312,558.49,9999,-9999
06/15/2018 06:35,CENTRAL EAST - VC,23330,1694.46,2060,-9999
06/15/2018 06:35,DYSINGER EAST,23326,874.99,3150,-9999
06/15/2018 06:35,MOSES SOUTH,23319,1924.55,3150,-1600
06/15/2018 06:35,SCH - HQ - NY,23324,1500,1500,-1000
06/15/2018 06:35,SCH - HQ_CEDARS,325274,0,70,-40
06/15/2018 06:35,SCH - HQ_IMPORT_EXPORT,325376,1200,1310,-9999
06/15/2018 06:35,SCH - NE - NY,23318,-404.18,1400,-1600
06/15/2018 06:35,SCH - NPX_1385,325277,0,200,-200
06/15/2018 06:35,SCH - NPX_CSC,325154,215,330,-330
06/15/2018 06:35,SCH - OH - NY,23317,1065.52,1700,-1600
06/15/2018 06:35,SCH - PJ - NY,23316,133.76,2050,-1300
06/15/2018 06:35,SCH - PJM_HTP,325905,100,660,-660
06/15/2018 06:35,SCH - PJM_NEPTUNE,325305,495,660,-660
06/15/2018 06:35,SCH - PJM_VFT,325658,0,315,-315
06/15/2018 06:35,SPR/DUN-SOUTH,23320,2781.39,4600,-9999
06/15/2018 06:35,TOTAL EAST,23314,3428.99,6800,-9999
06/15/2018 06:35,UPNY CONED,23315,2123.01,5700,-9999
06/15/2018 06:35,WEST CENTRAL,23312,520.87,9999,-9999
06/15/2018 06:40,CENTRAL EAST - VC,23330,1691.48,2060,-9999
06/15/2018 06:40,DYSINGER EAST,23326,852.84,3150,-9999
06/15/2018 06:40,MOSES SOUTH,23319,1907.59,3150,-1600
06/15/2018 06:40,SCH - HQ - NY,23324,1500,1500,-1000
06/15/2018 06:40,SCH - HQ_CEDARS,325274,0,70,-40
06/15/2018 06:40,SCH - HQ_IMPORT_EXPORT,325376,1200,1310,-9999
06/15/2018 06:40,SCH - NE - NY,23318,-404.21,1400,-1600
06/15/2018 06:40,SCH - NPX_1385,325277,0,200,-200
06/15/2018 06:40,SCH - NPX_CSC,325154,215,330,-330
06/15/2018 06:40,SCH - OH - NY,23317,1065.44,1700,-1600
06/15/2018 06:40,SCH - PJ - NY,23316,137.81,2050,-1300
06/15/2018 06:40,SCH - PJM_HTP,325905,100,660,-660
06/15/2018 06:40,SCH - PJM_NEPTUNE,325305,495,660,-660
06/15/2018 06:40,SCH - PJM_VFT,325658,0,315,-315
06/15/2018 06:40,SPR/DUN-SOUTH,23320,2747.34,4600,-9999
06/15/2018 06:40,TOTAL EAST,23314,3432.49,6800,-9999
06/15/2018 06:40,UPNY CONED,23315,2113.23,5700,-9999
06/15/2018 06:40,WEST CENTRAL,23312,488.96,9999,-9999
06/15/2018 06:45,CENTRAL EAST - VC,23330,1725.23,2060,-9999
06/15/2018 06:45,DYSINGER EAST,23326,921.5,3150,-9999
06/15/2018 06:45,MOSES SOUTH,23319,1902.33,3150,-1600
06/15/2018 06:45,SCH - HQ - NY,23324,1500,1500,-1000
06/15/2018 06:45,SCH - HQ_CEDARS,325274,0,70,-40
06/15/2018 06:45,SCH - HQ_IMPORT_EXPORT,325376,1200,1310,-9999
06/15/2018 06:45,SCH - NE - NY,23318,-374.11,1400,-1600
06/15/2018 06:45,SCH - NPX_1385,325277,0,200,-200
06/15/2018 06:45,SCH - NPX_CSC,325154,215,330,-330
06/15/2018 06:45,SCH - OH - NY,23317,1065.53,1700,-1600
06/15/2018 06:45,SCH - PJ - NY,23316,145.09,2050,-1300
06/15/2018 06:45,SCH - PJM_HTP,325905,100,660,-660
06/15/2018 06:45,SCH - PJM_NEPTUNE,325305,495,660,-660
06/15/2018 06:45,SCH - PJM_VFT,325658,0,315,-315
06/15/2018 06:45,SPR/DUN-SOUTH,23320,2735.7,4600,-9999
06/15/2018 06:45,TOTAL EAST,23314,3409.46,6800,-9999
06/15/2018 06:45,UPNY CONED,23315,2127.14,5700,-9999
06/15/2018 06:45,WEST CENTRAL,23312,549.97,9999,-9999
06/15/2018 06:50,CENTRAL EAST - VC,23330,1735.29,2060,-9999
06/15/2018 06:50,DYSINGER EAST,23326,998.02,3150,-9999
06/15/2018 06:50,MOSES SOUTH,23319,1892.91,3150,-1600
06/15/2018 06:50,SCH - HQ - NY,23324,1500,1500,-1000
06/15/2018 06:50,SCH - HQ_CEDARS,325274,0,70,-40
06/15/2018 06:50,SCH - HQ_IMPORT_EXPORT,325376,1200,1310,-9999
06/15/2018 06:50,SCH - NE - NY,23318,-345.07,1400,-1600
06/15/2018 06:50,SCH - NPX_1385,325277,0,200,-200
06/15/2018 06:50,SCH - NPX_CSC,325154,215,330,-330
06/15/2018 06:50,SCH - OH - NY,23317,1065.56,1700,-1600
06/15/2018 06:50,SCH - PJ - NY,23316,151.22,2050,-1300
06/15/2018 06:50,SCH - PJM_HTP,325905,100,660,-660
06/15/2018 06:50,SCH - PJM_NEPTUNE,325305,495,660,-660
06/15/2018 06:50,SCH - PJM_VFT,325658,0,315,-315
06/15/2018 06:50,SPR/DUN-SOUTH,23320,2728.4,4600,-9999
06/15/2018 06:50,TOTAL EAST,23314,3444.79,6800,-9999
06/15/2018 06:50,UPNY CONED,23315,2165.13,5700,-9999
06/15/2018 06:50,WEST CENTRAL,23312,614.42,9999,-9999
06/15/2018 06:55,CENTRAL EAST - VC,23330,1744.05,2060,-9999
06/15/2018 06:55,DYSINGER EAST,23326,1050.48,3150,-9999
06/15/2018 06:55,MOSES SOUTH,23319,1889.98,3150,-1600
06/15/2018 06:55,SCH - HQ - NY,23324,1500,1500,-1000
06/15/2018 06:55,SCH - HQ_CEDARS,325274,0,70,-40
06/15/2018 06:55,SCH - HQ_IMPORT_EXPORT,325376,1200,1310,-9999
06/15/2018 06:55,SCH - NE - NY,23318,-345.02,1400,-1600
06/15/2018 06:55,SCH - NPX_1385,325277,0,200,-200
06/15/2018 06:55,SCH - NPX_CSC,325154,215,330,-330
06/15/2018 06:55,SCH - OH - NY,23317,1065.49,1700,-1600
06/15/2018 06:55,SCH - PJ - NY,23316,151.71,2050,-1300
06/15/2018 06:55,SCH - PJM_HTP,325905,100,660,-660
06/15/2018 06:55,SCH - PJM_NEPTUNE,325305,495,660,-660
06/15/2018 06:55,SCH - PJM_VFT,325658,0,315,-315
06/15/2018 06:55,SPR/DUN-SOUTH,23320,2790.34,4600,-9999
06/15/2018 06:55,TOTAL EAST,23314,3515.36,6800,-9999
06/15/2018 06:55,UPNY CONED,23315,2237.92,5700,-9999
06/15/2018 06:55,WEST CENTRAL,23312,656.99,9999,-9999
06/15/2018 07:00,CENTRAL EAST - VC,23330,1777.25,2060,-9999
06/15/2018 07:00,DYSINGER EAST,23326,1085.5,3150,-9999
06/15/2018 07:00,MOSES SOUTH,23319,1878.24,3150,-1600
06/15/2018 07:00,SCH - HQ - NY,23324,1500,1500,-1000
06/15/2018 07:00,SCH - HQ_CEDARS,325274,0,70,-40
06/15/2018 07:00,SCH - HQ_IMPORT_EXPORT,325376,1200,1310,-9999
06/15/2018 07:00,SCH - NE - NY,23318,-365.08,1400,-1600
06/15/2018 07:00,SCH - NPX_1385,325277,0,200,-200
06/15/2018 07:00,SCH - NPX_CSC,325154,272,330,-330
06/15/2018 07:00,SCH - OH - NY,23317,889.2,1700,-1600
06/15/2018 07:00,SCH - PJ - NY,23316,397.56,2050,-1300
06/15/2018 07:00,SCH - PJM_HTP,325905,100,660,-660
06/15/2018 07:00,SCH - PJM_NEPTUNE,325305,569,660,-660
06/15/2018 07:00,SCH - PJM_VFT,325658,0,315,-315
06/15/2018 07:00,SPR/DUN-SOUTH,23320,2954.41,4600,-9999
06/15/2018 07:00,TOTAL EAST,23314,3676.56,6800,-9999
06/15/2018 07:00,UPNY CONED,23315,2311.02,5700,-9999
06/15/2018 07:00,WEST CENTRAL,23312,682.31,9999,-9999
06/15/2018 07:05,CENTRAL EAST - VC,23330,1814.75,2060,-9999
06/15/2018 07:05,DYSINGER EAST,23326,1064.62,3150,-9999
06/15/2018 07:05,MOSES SOUTH,23319,1880.82,3150,-1600
06/15/2018 07:05,SCH - HQ - NY,23324,1500,1500,-1000
06/15/2018 07:05,SCH - HQ_CEDARS,325274,0,70,-40
06/15/2018 07:05,SCH - HQ_IMPORT_EXPORT,325376,1200,1310,-9999
06/15/2018 07:05,SCH - NE - NY,23318,-385.15,1400,-1600
06/15/2018 07:05,SCH - NPX_1385,325277,0,200,-200
06/15/2018 07:05,SCH - NPX_CSC,325154,330,330,-330
06/15/2018 07:05,SCH - OH - NY,23317,712.66,1700,-1600
06/15/2018 07:05,SCH - PJ - NY,23316,643.57,2050,-1300
06/15/2018 07:05,SCH - PJM_HTP,325905,100,660,-660
06/15/2018 07:05,SCH - PJM_NEPTUNE,325305,643,660,-660
06/15/2018 07:05,SCH - PJM_VFT,325658,0,315,-315
06/15/2018 07:05,SPR/DUN-SOUTH,23320,3065.63,4600,-9999
06/15/2018 07:05,TOTAL EAST,23314,3769.77,6800,-9999
06/15/2018 07:05,UPNY CONED,23315,2344.8,5700,-9999
06/15/2018 07:05,WEST CENTRAL,23312,648.75,9999,-9999
06/15/2018 07:10,CENTRAL EAST - VC,23330,1870.94,2060,-9999
06/15/2018 07:10,DYSINGER EAST,23326,1174.93,3150,-9999
06/15/2018 07:10,MOSES SOUTH,23319,1880.99,3150,-1600
06/15/2018 07:10,SCH - HQ - NY,23324,1500,1500,-1000
06/15/2018 07:10,SCH - HQ_CEDARS,325274,0,70,-40
06/15/2018 07:10,SCH - HQ_IMPORT_EXPORT,325376,1200,1310,-9999
06/15/2018 07:10,SCH - NE - NY,23318,-385.1,1400,-1600
06/15/2018 07:10,SCH - NPX_1385,325277,0,200,-200
06/15/2018 07:10,SCH - NPX_CSC,325154,330,330,-330
06/15/2018 07:10,SCH - OH - NY,23317,712.64,1700,-1600
06/15/2018 07:10,SCH - PJ - NY,23316,645.13,2050,-1300
06/15/2018 07:10,SCH - PJM_HTP,325905,100,660,-660
06/15/2018 07:10,SCH - PJM_NEPTUNE,325305,643,660,-660
06/15/2018 07:10,SCH - PJM_VFT,325658,0,315,-315
06/15/2018 07:10,SPR/DUN-SOUTH,23320,3101.08,4600,-9999
06/15/2018 07:10,TOTAL EAST,23314,3842.02,6800,-9999
06/15/2018 07:10,UPNY CONED,23315,2432.43,5700,-9999
06/15/2018 07:10,WEST CENTRAL,23312,747.77,9999,-9999
06/15/2018 07:15,CENTRAL EAST - VC,23330,1867.54,2100,-9999
06/15/2018 07:15,DYSINGER EAST,23326,1164.06,3150,-9999
06/15/2018 07:15,MOSES SOUTH,23319,1930.81,3150,-1600
06/15/2018 07:15,SCH - HQ - NY,23324,1500,1500,-1000
06/15/2018 07:15,SCH - HQ_CEDARS,325274,0,70,-40
06/15/2018 07:15,SCH - HQ_IMPORT_EXPORT,325376,1200,1310,-9999
06/15/2018 07:15,SCH - NE - NY,23318,-383.76,1400,-1600
06/15/2018 07:15,SCH - NPX_1385,325277,0,200,-200
06/15/2018 07:15,SCH - NPX_CSC,325154,330,330,-330
06/15/2018 07:15,SCH - OH - NY,23317,712.77,1700,-1600
06/15/2018 07:15,SCH - PJ - NY,23316,642.61,2050,-1300
06/15/2018 07:15,SCH - PJM_HTP,325905,100,660,-660
06/15/2018 07:15,SCH - PJM_NEPTUNE,325305,643,660,-660
06/15/2018 07:15,SCH - PJM_VFT,325658,0,315,-315
06/15/2018 07:15,SPR/DUN-SOUTH,23320,3097.57,4600,-9999
06/15/2018 07:15,TOTAL EAST,23314,3901.11,6800,-9999
06/15/2018 07:15,UPNY CONED,23315,2428,5700,-9999
06/15/2018 07:15,WEST CENTRAL,23312,728.92,9999,-9999
06/15/2018 07:20,CENTRAL EAST - VC,23330,1888.94,2100,-9999
06/15/2018 07:20,DYSINGER EAST,23326,1188.67,3150,-9999
06/15/2018 07:20,MOSES SOUTH,23319,1949.52,3150,-1600
06/15/2018 07:20,SCH - HQ - NY,23324,1500,1500,-1000
06/15/2018 07:20,SCH - HQ_CEDARS,325274,0,70,-40
06/15/2018 07:20,SCH - HQ_IMPORT_EXPORT,325376,1200,1310,-9999
06/15/2018 07:20,SCH - NE - NY,23318,-383.76,1400,-1600
06/15/2018 07:20,SCH - NPX_1385,325277,0,200,-200
06/15/2018 07:20,SCH - NPX_CSC,325154,330,330,-330
06/15/2018 07:20,SCH - OH - NY,23317,712.7,1700,-1600
06/15/2018 07:20,SCH - PJ - NY,23316,642.75,2050,-1300
06/15/2018 07:20,SCH - PJM_HTP,325905,100,660,-660
06/15/2018 07:20,SCH - PJM_NEPTUNE,325305,643,660,-660
06/15/2018 07:20,SCH - PJM_VFT,325658,0,315,-315
06/15/2018 07:20,SPR/DUN-SOUTH,23320,3123.08,4600,-9999
06/15/2018 07:20,TOTAL EAST,23314,3959.77,6800,-9999
06/15/2018 07:20,UPNY CONED,23315,2468.83,5700,-9999
06/15/2018 07:20,WEST CENTRAL,23312,747.91,9999,-9999
06/15/2018 07:25,CENTRAL EAST - VC,23330,1862.61,2100,-9999
06/15/2018 07:25,DYSINGER EAST,23326,1161.57,3150,-9999
06/15/2018 07:25,MOSES SOUTH,23319,1984.31,3150,-1600
06/15/2018 07:25,SCH - HQ - NY,23324,1500,1500,-1000
06/15/2018 07:25,SCH - HQ_CEDARS,325274,0,70,-40
06/15/2018 07:25,SCH - HQ_IMPORT_EXPORT,325376,1200,1310,-9999
06/15/2018 07:25,SCH - NE - NY,23318,-383.78,1400,-1600
06/15/2018 07:25,SCH - NPX_1385,325277,0,200,-200
06/15/2018 07:25,SCH - NPX_CSC,325154,330,330,-330
06/15/2018 07:25,SCH - OH - NY,23317,712.7,1700,-1600
06/15/2018 07:25,SCH - PJ - NY,23316,644.03,2050,-1300
06/15/2018 07:25,SCH - PJM_HTP,325905,100,660,-660
06/15/2018 07:25,SCH - PJM_NEPTUNE,325305,643,660,-660
06/15/2018 07:25,SCH - PJM_VFT,325658,0,315,-315
06/15/2018 07:25,SPR/DUN-SOUTH,23320,3077.76,4600,-9999
06/15/2018 07:25,TOTAL EAST,23314,3958.18,6800,-9999
06/15/2018 07:25,UPNY CONED,23315,2416.24,5700,-9999
06/15/2018 07:25,WEST CENTRAL,23312,715.32,9999,-9999
06/15/2018 07:30,CENTRAL EAST - VC,23330,1870.7,2100,-9999
06/15/2018 07:30,DYSINGER EAST,23326,1169.75,3150,-9999
06/15/2018 07:30,MOSES SOUTH,23319,1996.38,3150,-1600
06/15/2018 07:30,SCH - HQ - NY,23324,1500,1500,-1000
06/15/2018 07:30,SCH - HQ_CEDARS,325274,0,70,-40
06/15/2018 07:30,SCH - HQ_IMPORT_EXPORT,325376,1200,1310,-9999
06/15/2018 07:30,SCH - NE - NY,23318,-394.76,1400,-1600
06/15/2018 07:30,SCH - NPX_1385,325277,0,200,-200
06/15/2018 07:30,SCH - NPX_CSC,325154,330,330,-330
06/15/2018 07:30,SCH - OH - NY,23317,708.19,1700,-1600
06/15/2018 07:30,SCH - PJ - NY,23316,667.29,2050,-1300
06/15/2018 07:30,SCH - PJM_HTP,325905,100,660,-660
06/15/2018 07:30,SCH - PJM_NEPTUNE,325305,643,660,-660
06/15/2018 07:30,SCH - PJM_VFT,325658,0,315,-315
06/15/2018 07:30,SPR/DUN-SOUTH,23320,3060.12,4600,-9999
06/15/2018 07:30,TOTAL EAST,23314,3960.11,6800,-9999
06/15/2018 07:30,UPNY CONED,23315,2404.85,5700,-9999
06/15/2018 07:30,WEST CENTRAL,23312,717.35,9999,-9999
06/15/2018 07:35,CENTRAL EAST - VC,23330,1866.95,2130,-9999
06/15/2018 07:35,DYSINGER EAST,23326,1153.16,3150,-9999
06/15/2018 07:35,MOSES SOUTH,23319,1974.14,3150,-1600
06/15/2018 07:35,SCH - HQ - NY,23324,1500,1500,-1000
06/15/2018 07:35,SCH - HQ_CEDARS,325274,0,70,-40
06/15/2018 07:35,SCH - HQ_IMPORT_EXPORT,325376,1200,1310,-9999
06/15/2018 07:35,SCH - NE - NY,23318,-406.78,1400,-1600
06/15/2018 07:35,SCH - NPX_1385,325277,0,200,-200
06/15/2018 07:35,SCH - NPX_CSC,325154,330,330,-330
06/15/2018 07:35,SCH - OH - NY,23317,712.65,1700,-1600
06/15/2018 07:35,SCH - PJ - NY,23316,677.24,2050,-1300
06/15/2018 07:35,SCH - PJM_HTP,325905,100,660,-660
06/15/2018 07:35,SCH - PJM_NEPTUNE,325305,643,660,-660
06/15/2018 07:35,SCH - PJM_VFT,325658,0,315,-315
06/15/2018 07:35,SPR/DUN-SOUTH,23320,3076.07,4600,-9999
06/15/2018 07:35,TOTAL EAST,23314,3945.59,6800,-9999
06/15/2018 07:35,UPNY CONED,23315,2380.78,5700,-9999
06/15/2018 07:35,WEST CENTRAL,23312,692.99,9999,-9999
06/15/2018 07:40,CENTRAL EAST - VC,23330,1867.25,2190,-9999
06/15/2018 07:40,DYSINGER EAST,23326,1116.84,3150,-9999
06/15/2018 07:40,MOSES SOUTH,23319,1966.52,3150,-1600
06/15/2018 07:40,SCH - HQ - NY,23324,1500,1500,-1000
06/15/2018 07:40,SCH - HQ_CEDARS,325274,0,70,-40
06/15/2018 07:40,SCH - HQ_IMPORT_EXPORT,325376,1200,1310,-9999
06/15/2018 07:40,SCH - NE - NY,23318,-406.78,1400,-1600
06/15/2018 07:40,SCH - NPX_1385,325277,0,200,-200
06/15/2018 07:40,SCH - NPX_CSC,325154,330,330,-330
06/15/2018 07:40,SCH - OH - NY,23317,712.57,1700,-1600
06/15/2018 07:40,SCH - PJ - NY,23316,677.23,2050,-1300
06/15/2018 07:40,SCH - PJM_HTP,325905,100,660,-660
06/15/2018 07:40,SCH - PJM_NEPTUNE,325305,643,660,-660
06/15/2018 07:40,SCH - PJM_VFT,325658,0,315,-315
06/15/2018 07:40,SPR/DUN-SOUTH,23320,3051.98,4600,-9999
06/15/2018 07:40,TOTAL EAST,23314,3946.33,6800,-9999
06/15/2018 07:40,UPNY CONED,23315,2382.25,5700,-9999
06/15/2018 07:40,WEST CENTRAL,23312,649.73,9999,-9999
06/15/2018 07:45,CENTRAL EAST - VC,23330,1849.03,2190,-9999
06/15/2018 07:45,DYSINGER EAST,23326,1123.8,3150,-9999
06/15/2018 07:45,MOSES SOUTH,23319,1978.48,3150,-1600
06/15/2018 07:45,SCH - HQ - NY,23324,1500,1500,-1000
06/15/2018 07:45,SCH - HQ_CEDARS,325274,0,70,-40
06/15/2018 07:45,SCH - HQ_IMPORT_EXPORT,325376,1200,1310,-9999
06/15/2018 07:45,SCH - NE - NY,23318,-402.8,1400,-1600
06/15/2018 07:45,SCH - NPX_1385,325277,0,200,-200
06/15/2018 07:45,SCH - NPX_CSC,325154,330,330,-330
06/15/2018 07:45,SCH - OH - NY,23317,712.62,1700,-1600
06/15/2018 07:45,SCH - PJ - NY,23316,677.93,2050,-1300
06/15/2018 07:45,SCH - PJM_HTP,325905,100,660,-660
06/15/2018 07:45,SCH - PJM_NEPTUNE,325305,643,660,-660
06/15/2018 07:45,SCH - PJM_VFT,325658,0,315,-315
06/15/2018 07:45,SPR/DUN-SOUTH,23320,3020.64,4600,-9999
06/15/2018 07:45,TOTAL EAST,23314,3928.5,6800,-9999
06/15/2018 07:45,UPNY CONED,23315,2354.06,5700,-9999
06/15/2018 07:45,WEST CENTRAL,23312,647.4,9999,-9999
06/15/2018 07:50,CENTRAL EAST - VC,23330,1869.36,2190,-9999
06/15/2018 07:50,DYSINGER EAST,23326,1151.76,3150,-9999
06/15/2018 07:50,MOSES SOUTH,23319,1964.81,3150,-1600
06/15/2018 07:50,SCH - HQ - NY,23324,1500,1500,-1000
06/15/2018 07:50,SCH - HQ_CEDARS,325274,0,70,-40
06/15/2018 07:50,SCH - HQ_IMPORT_EXPORT,325376,1200,1310,-9999
06/15/2018 07:50,SCH - NE - NY,23318,-398.78,1400,-1600
06/15/2018 07:50,SCH - NPX_1385,325277,0,200,-200
06/15/2018 07:50,SCH - NPX_CSC,325154,330,330,-330
06/15/2018 07:50,SCH - OH - NY,23317,712.56,1700,-1600
06/15/2018 07:50,SCH - PJ - NY,23316,679.12,2050,-1300
06/15/2018 07:50,SCH - PJM_HTP,325905,100,660,-660
06/15/2018 07:50,SCH - PJM_NEPTUNE,325305,643,660,-660
06/15/2018 07:50,SCH - PJM_VFT,325658,0,315,-315
06/15/2018 07:50,SPR/DUN-SOUTH,23320,3031.37,4600,-9999
06/15/2018 07:50,TOTAL EAST,23314,3961.42,6800,-9999
06/15/2018 07:50,UPNY CONED,23315,2384.75,5700,-9999
06/15/2018 07:50,WEST CENTRAL,23312,665.79,9999,-9999
06/15/2018 07:55,CENTRAL EAST - VC,23330,1847.63,2190,-9999
06/15/2018 07:55,DYSINGER EAST,23326,1158.74,3150,-9999
06/15/2018 07:55,MOSES SOUTH,23319,1961.47,3150,-1600
06/15/2018 07:55,SCH - HQ - NY,23324,1500,1500,-1000
06/15/2018 07:55,SCH - HQ_CEDARS,325274,0,70,-40
06/15/2018 07:55,SCH - HQ_IMPORT_EXPORT,325376,1200,1310,-9999
06/15/2018 07:55,SCH - NE - NY,23318,-398.79,1400,-1600
06/15/2018 07:55,SCH - NPX_1385,325277,0,200,-200
06/15/2018 07:55,SCH - NPX_CSC,325154,330,330,-330
06/15/2018 07:55,SCH - OH - NY,23317,712.58,1700,-1600
06/15/2018 07:55,SCH - PJ - NY,23316,676.68,2050,-1300
06/15/2018 07:55,SCH - PJM_HTP,325905,100,660,-660
06/15/2018 07:55,SCH - PJM_NEPTUNE,325305,643,660,-660
06/15/2018 07:55,SCH - PJM_VFT,325658,0,315,-315
06/15/2018 07:55,SPR/DUN-SOUTH,23320,2989.02,4600,-9999
06/15/2018 07:55,TOTAL EAST,23314,3960.13,6800,-9999
06/15/2018 07:55,UPNY CONED,23315,2351.77,5700,-9999
06/15/2018 07:55,WEST CENTRAL,23312,666.53,9999,-9999
06/15/2018 08:00,CENTRAL EAST - VC,23330,1841.28,2190,-9999
06/15/2018 08:00,DYSINGER EAST,23326,1080.17,3150,-9999
06/15/2018 08:00,MOSES SOUTH,23319,1953.72,3150,-1600
06/15/2018 08:00,SCH - HQ - NY,23324,1500,1500,-1000
06/15/2018 08:00,SCH - HQ_CEDARS,325274,0,70,-40
06/15/2018 08:00,SCH - HQ_IMPORT_EXPORT,325376,1200,1310,-9999
06/15/2018 08:00,SCH - NE - NY,23318,-382.76,1400,-1600
06/15/2018 08:00,SCH - NPX_1385,325277,12,200,-200
06/15/2018 08:00,SCH - NPX_CSC,325154,330,330,-330
06/15/2018 08:00,SCH - OH - NY,23317,635.76,1700,-1600
06/15/2018 08:00,SCH - PJ - NY,23316,789.52,2050,-1300
06/15/2018 08:00,SCH - PJM_HTP,325905,100,660,-660
06/15/2018 08:00,SCH - PJM_NEPTUNE,325305,651,660,-660
06/15/2018 08:00,SCH - PJM_VFT,325658,0,315,-315
06/15/2018 08:00,SPR/DUN-SOUTH,23320,3003.74,4600,-9999
06/15/2018 08:00,TOTAL EAST,23314,3941.77,6800,-9999
06/15/2018 08:00,UPNY CONED,23315,2357.64,5700,-9999
06/15/2018 08:00,WEST CENTRAL,23312,582.31,9999,-9999
06/15/2018 08:05,CENTRAL EAST - VC,23330,1851.88,2190,-9999
06/15/2018 08:05,DYSINGER EAST,23326,1082.9,3150,-9999
06/15/2018 08:05,MOSES SOUTH,23319,1955.23,3150,-1600
06/15/2018 08:05,SCH - HQ - NY,23324,1500,1500,-1000
06/15/2018 08:05,SCH - HQ_CEDARS,325274,0,70,-40
06/15/2018 08:05,SCH - HQ_IMPORT_EXPORT,325376,1200,1310,-9999
06/15/2018 08:05,SCH - NE - NY,23318,-367.76,1400,-1600
06/15/2018 08:05,SCH - NPX_1385,325277,25,200,-200
06/15/2018 08:05,SCH - NPX_CSC,325154,330,330,-330
06/15/2018 08:05,SCH - OH - NY,23317,558.73,1700,-1600
06/15/2018 08:05,SCH - PJ - NY,23316,906.11,2050,-1300
06/15/2018 08:05,SCH - PJM_HTP,325905,100,660,-660
06/15/2018 08:05,SCH - PJM_NEPTUNE,325305,660,660,-660
06/15/2018 08:05,SCH - PJM_VFT,325658,0,315,-315
06/15/2018 08:05,SPR/DUN-SOUTH,23320,3049.46,4600,-9999
06/15/2018 08:05,TOTAL EAST,23314,3996.49,6800,-9999
06/15/2018 08:05,UPNY CONED,23315,2421.91,5700,-9999
06/15/2018 08:05,WEST CENTRAL,23312,576.96,9999,-9999
06/15/2018 08:10,CENTRAL EAST - VC,23330,1850.68,2190,-9999
06/15/2018 08:10,DYSINGER EAST,23326,1103.74,3150,-9999
06/15/2018 08:10,MOSES SOUTH,23319,1931.71,3150,-1600
06/15/2018 08:10,SCH - HQ - NY,23324,1500,1500,-1000
06/15/2018 08:10,SCH - HQ_CEDARS,325274,0,70,-40
06/15/2018 08:10,SCH - HQ_IMPORT_EXPORT,325376,1200,1310,-9999
06/15/2018 08:10,SCH - NE - NY,23318,-367.75,1400,-1600
06/15/2018 08:10,SCH - NPX_1385,325277,25,200,-200
06/15/2018 08:10,SCH - NPX_CSC,325154,330,330,-330
06/15/2018 08:10,SCH - OH - NY,23317,559.19,1700,-1600
06/15/2018 08:10,SCH - PJ - NY,23316,904.89,2050,-1300
06/15/2018 08:10,SCH - PJM_HTP,325905,100,660,-660
06/15/2018 08:10,SCH - PJM_NEPTUNE,325305,660,660,-660
06/15/2018 08:10,SCH - PJM_VFT,325658,0,315,-315
06/15/2018 08:10,SPR/DUN-SOUTH,23320,3029.85,4600,-9999
06/15/2018 08:10,TOTAL EAST,23314,3982.51,6800,-9999
06/15/2018 08:10,UPNY CONED,23315,2411.63,5700,-9999
06/15/2018 08:10,WEST CENTRAL,23312,594.52,9999,-9999
06/15/2018 08:15,CENTRAL EAST - VC,23330,1839.89,2250,-9999
06/15/2018 08:15,DYSINGER EAST,23326,1091.22,3150,-9999
06/15/2018 08:15,MOSES SOUTH,23319,1876.64,3150,-1600
06/15/2018 08:15,SCH - HQ - NY,23324,1500,1500,-1000
06/15/2018 08:15,SCH - HQ_CEDARS,325274,0,70,-40
06/15/2018 08:15,SCH - HQ_IMPORT_EXPORT,325376,1200,1310,-9999
06/15/2018 08:15,SCH - NE - NY,23318,-396.46,1400,-1600
06/15/2018 08:15,SCH - NPX_1385,325277,25,200,-200
06/15/2018 08:15,SCH - NPX_CSC,325154,330,330,-330
06/15/2018 08:15,SCH - OH - NY,23317,555.98,1700,-1600
06/15/2018 08:15,SCH - PJ - NY,23316,924.67,2050,-1300
06/15/2018 08:15,SCH - PJM_HTP,325905,100,660,-660
06/15/2018 08:15,SCH - PJM_NEPTUNE,325305,660,660,-660
06/15/2018 08:15,SCH - PJM_VFT,325658,0,315,-315
06/15/2018 08:15,SPR/DUN-SOUTH,23320,2997.84,4600,-9999
06/15/2018 08:15,TOTAL EAST,23314,4026.19,6800,-9999
06/15/2018 08:15,UPNY CONED,23315,2386.7,5700,-9999
06/15/2018 08:15,WEST CENTRAL,23312,580.76,9999,-9999
06/15/2018 08:20,CENTRAL EAST - VC,23330,1881.93,2250,-9999
06/15/2018 08:20,DYSINGER EAST,23326,1149.03,3150,-9999
06/15/2018 08:20,MOSES SOUTH,23319,1876.28,3150,-1600
06/15/2018 08:20,SCH - HQ - NY,23324,1500,1500,-1000
06/15/2018 08:20,SCH - HQ_CEDARS,325274,0,70,-40
06/15/2018 08:20,SCH - HQ_IMPORT_EXPORT,325376,1200,1310,-9999
06/15/2018 08:20,SCH - NE - NY,23318,-426.5,1400,-1600
06/15/2018 08:20,SCH - NPX_1385,325277,25,200,-200
06/15/2018 08:20,SCH - NPX_CSC,325154,330,330,-330
06/15/2018 08:20,SCH - OH - NY,23317,554.23,1700,-1600
06/15/2018 08:20,SCH - PJ - NY,23316,945.95,2050,-1300
06/15/2018 08:20,SCH - PJM_HTP,325905,100,660,-660
06/15/2018 08:20,SCH - PJM_NEPTUNE,325305,660,660,-660
06/15/2018 08:20,SCH - PJM_VFT,325658,0,315,-315
06/15/2018 08:20,SPR/DUN-SOUTH,23320,3011.98,4600,-9999
06/15/2018 08:20,TOTAL EAST,23314,4097.98,6800,-9999
06/15/2018 08:20,UPNY CONED,23315,2425.88,5700,-9999
06/15/2018 08:20,WEST CENTRAL,23312,633.62,9999,-9999
06/15/2018 08:25,CENTRAL EAST - VC,23330,1916.77,2250,-9999
06/15/2018 08:25,DYSINGER EAST,23326,1155.96,3150,-9999
06/15/2018 08:25,MOSES SOUTH,23319,1870.68,3150,-1600
06/15/2018 08:25,SCH - HQ - NY,23324,1500,1500,-1000
06/15/2018 08:25,SCH - HQ_CEDARS,325274,0,70,-40
06/15/2018 08:25,SCH - HQ_IMPORT_EXPORT,325376,1200,1310,-9999
06/15/2018 08:25,SCH - NE - NY,23318,-426.45,1400,-1600
06/15/2018 08:25,SCH - NPX_1385,325277,25,200,-200
06/15/2018 08:25,SCH - NPX_CSC,325154,330,330,-330
06/15/2018 08:25,SCH - OH - NY,23317,558.76,1700,-1600
06/15/2018 08:25,SCH - PJ - NY,23316,941.68,2050,-1300
06/15/2018 08:25,SCH - PJM_HTP,325905,100,660,-660
06/15/2018 08:25,SCH - PJM_NEPTUNE,325305,660,660,-660
06/15/2018 08:25,SCH - PJM_VFT,325658,0,315,-315
06/15/2018 08:25,SPR/DUN-SOUTH,23320,3018.94,4600,-9999
06/15/2018 08:25,TOTAL EAST,23314,4143.2,6800,-9999
06/15/2018 08:25,UPNY CONED,23315,2450.73,5700,-9999
06/15/2018 08:25,WEST CENTRAL,23312,642.39,9999,-9999
06/15/2018 08:30,CENTRAL EAST - VC,23330,1858.95,2250,-9999
06/15/2018 08:30,DYSINGER EAST,23326,1135.78,3150,-9999
06/15/2018 08:30,MOSES SOUTH,23319,1866.82,3150,-1600
06/15/2018 08:30,SCH - HQ - NY,23324,1500,1500,-1000
06/15/2018 08:30,SCH - HQ_CEDARS,325274,0,70,-40
06/15/2018 08:30,SCH - HQ_IMPORT_EXPORT,325376,1200,1310,-9999
06/15/2018 08:30,SCH - NE - NY,23318,-439.48,1400,-1600
06/15/2018 08:30,SCH - NPX_1385,325277,25,200,-200
06/15/2018 08:30,SCH - NPX_CSC,325154,330,330,-330
06/15/2018 08:30,SCH - OH - NY,23317,554.13,1700,-1600
06/15/2018 08:30,SCH - PJ - NY,23316,948.26,2050,-1300
06/15/2018 08:30,SCH - PJM_HTP,325905,100,660,-660
06/15/2018 08:30,SCH - PJM_NEPTUNE,325305,660,660,-660
06/15/2018 08:30,SCH - PJM_VFT,325658,0,315,-315
06/15/2018 08:30,SPR/DUN-SOUTH,23320,2989.15,4600,-9999
06/15/2018 08:30,TOTAL EAST,23314,4138.08,6800,-9999
06/15/2018 08:30,UPNY CONED,23315,2415.67,5700,-9999
06/15/2018 08:30,WEST CENTRAL,23312,618.39,9999,-9999
06/15/2018 08:35,CENTRAL EAST - VC,23330,1864.04,2250,-9999
06/15/2018 08:35,DYSINGER EAST,23326,1136.2,3150,-9999
06/15/2018 08:35,MOSES SOUTH,23319,1860.62,3150,-1600
06/15/2018 08:35,SCH - HQ - NY,23324,1500,1500,-1000
06/15/2018 08:35,SCH - HQ_CEDARS,325274,0,70,-40
06/15/2018 08:35,SCH - HQ_IMPORT_EXPORT,325376,1200,1310,-9999
06/15/2018 08:35,SCH - NE - NY,23318,-453.51,1400,-1600
06/15/2018 08:35,SCH - NPX_1385,325277,25,200,-200
06/15/2018 08:35,SCH - NPX_CSC,325154,330,330,-330
06/15/2018 08:35,SCH - OH - NY,23317,558.83,1700,-1600
06/15/2018 08:35,SCH - PJ - NY,23316,940.89,2050,-1300
06/15/2018 08:35,SCH - PJM_HTP,325905,100,660,-660
06/15/2018 08:35,SCH - PJM_NEPTUNE,325305,660,660,-660
06/15/2018 08:35,SCH - PJM_VFT,325658,0,315,-315
06/15/2018 08:35,SPR/DUN-SOUTH,23320,2934.18,4600,-9999
06/15/2018 08:35,TOTAL EAST,23314,4121.89,6800,-9999
06/15/2018 08:35,UPNY CONED,23315,2378.66,5700,-9999
06/15/2018 08:35,WEST CENTRAL,23312,614.81,9999,-9999
06/15/2018 08:40,CENTRAL EAST - VC,23330,1915.29,2250,-9999
06/15/2018 08:40,DYSINGER EAST,23326,1114.71,3150,-9999
06/15/2018 08:40,MOSES SOUTH,23319,1877.03,3150,-1600
06/15/2018 08:40,SCH - HQ - NY,23324,1500,1500,-1000
06/15/2018 08:40,SCH - HQ_CEDARS,325274,0,70,-40
06/15/2018 08:40,SCH - HQ_IMPORT_EXPORT,325376,1200,1310,-9999
06/15/2018 08:40,SCH - NE - NY,23318,-453.5,1400,-1600
06/15/2018 08:40,SCH - NPX_1385,325277,25,200,-200
06/15/2018 08:40,SCH - NPX_CSC,325154,330,330,-330
06/15/2018 08:40,SCH - OH - NY,23317,558.82,1700,-1600
06/15/2018 08:40,SCH - PJ - NY,23316,940.62,2050,-1300
06/15/2018 08:40,SCH - PJM_HTP,325905,100,660,-660
06/15/2018 08:40,SCH - PJM_NEPTUNE,325305,660,660,-660
06/15/2018 08:40,SCH - PJM_VFT,325658,0,315,-315
06/15/2018 08:40,SPR/DUN-SOUTH,23320,2935.19,4600,-9999
06/15/2018 08:40,TOTAL EAST,23314,4139.15,6800,-9999
06/15/2018 08:40,UPNY CONED,23315,2388.32,5700,-9999
06/15/2018 08:40,WEST CENTRAL,23312,588.68,9999,-9999
06/15/2018 08:45,CENTRAL EAST - VC,23330,1852.04,2250,-9999
06/15/2018 08:45,DYSINGER EAST,23326,1082.94,3150,-9999
06/15/2018 08:45,MOSES SOUTH,23319,1888.27,3150,-1600
06/15/2018 08:45,SCH - HQ - NY,23324,1500,1500,-1000
06/15/2018 08:45,SCH - HQ_CEDARS,325274,0,70,-40
06/15/2018 08:45,SCH - HQ_IMPORT_EXPORT,325376,1200,1310,-9999
06/15/2018 08:45,SCH - NE - NY,23318,-428.48,1400,-1600
06/15/2018 08:45,SCH - NPX_1385,325277,25,200,-200
06/15/2018 08:45,SCH - NPX_CSC,325154,330,330,-330
06/15/2018 08:45,SCH - OH - NY,23317,558.78,1700,-1600
06/15/2018 08:45,SCH - PJ - NY,23316,943.68,2050,-1300
06/15/2018 08:45,SCH - PJM_HTP,325905,100,660,-660
06/15/2018 08:45,SCH - PJM_NEPTUNE,325305,660,660,-660
06/15/2018 08:45,SCH - PJM_VFT,325658,0,315,-315
06/15/2018 08:45,SPR/DUN-SOUTH,23320,2957.29,4600,-9999
06/15/2018 08:45,TOTAL EAST,23314,4157.55,6800,-9999
06/15/2018 08:45,UPNY CONED,23315,2417.76,5700,-9999
06/15/2018 08:45,WEST CENTRAL,23312,556.32,9999,-9999
06/15/2018 08:50,CENTRAL EAST - VC,23330,1863.1,2250,-9999
06/15/2018 08:50,DYSINGER EAST,23326,1087.24,3150,-9999
06/15/2018 08:50,MOSES SOUTH,23319,1881.21,3150,-1600
06/15/2018 08:50,SCH - HQ - NY,23324,1500,1500,-1000
06/15/2018 08:50,SCH - HQ_CEDARS,325274,0,70,-40
06/15/2018 08:50,SCH - HQ_IMPORT_EXPORT,325376,1200,1310,-9999
06/15/2018 08:50,SCH - NE - NY,23318,-404.49,1400,-1600
06/15/2018 08:50,SCH - NPX_1385,325277,25,200,-200
06/15/2018 08:50,SCH - NPX_CSC,325154,330,330,-330
06/15/2018 08:50,SCH - OH - NY,23317,558.73,1700,-1600
06/15/2018 08:50,SCH - PJ - NY,23316,938.18,2050,-1300
06/15/2018 08:50,SCH - PJM_HTP,325905,100,660,-660
06/15/2018 08:50,SCH - PJM_NEPTUNE,325305,660,660,-660
06/15/2018 08:50,SCH - PJM_VFT,325658,0,315,-315
06/15/2018 08:50,SPR/DUN-SOUTH,23320,3001.05,4600,-9999
06/15/2018 08:50,TOTAL EAST,23314,4162.44,6800,-9999
06/15/2018 08:50,UPNY CONED,23315,2445.42,5700,-9999
06/15/2018 08:50,WEST CENTRAL,23312,556.57,9999,-9999
06/15/2018 08:55,CENTRAL EAST - VC,23330,1896.58,2250,-9999
06/15/2018 08:55,DYSINGER EAST,23326,1123,3150,-9999
06/15/2018 08:55,MOSES SOUTH,23319,1952.37,3150,-1600
06/15/2018 08:55,SCH - HQ - NY,23324,1500,1500,-1000
06/15/2018 08:55,SCH - HQ_CEDARS,325274,0,70,-40
06/15/2018 08:55,SCH - HQ_IMPORT_EXPORT,325376,1200,1310,-9999
06/15/2018 08:55,SCH - NE - NY,23318,-404.49,1400,-1600
06/15/2018 08:55,SCH - NPX_1385,325277,25,200,-200
06/15/2018 08:55,SCH - NPX_CSC,325154,330,330,-330
06/15/2018 08:55,SCH - OH - NY,23317,558.8,1700,-1600
06/15/2018 08:55,SCH - PJ - NY,23316,943.83,2050,-1300
06/15/2018 08:55,SCH - PJM_HTP,325905,100,660,-660
06/15/2018 08:55,SCH - PJM_NEPTUNE,325305,660,660,-660
06/15/2018 08:55,SCH - PJM_VFT,325658,0,315,-315
06/15/2018 08:55,SPR/DUN-SOUTH,23320,3040.93,4600,-9999
06/15/2018 08:55,TOTAL EAST,23314,4223.58,6800,-9999
06/15/2018 08:55,UPNY CONED,23315,2504.62,5700,-9999
06/15/2018 08:55,WEST CENTRAL,23312,590.8,9999,-9999
06/15/2018 09:00,CENTRAL EAST - VC,23330,1925.89,2250,-9999
06/15/2018 09:00,DYSINGER EAST,23326,1016.08,3150,-9999
06/15/2018 09:00,MOSES SOUTH,23319,2052.81,3150,-1600
06/15/2018 09:00,SCH - HQ - NY,23324,1500,1500,-1000
06/15/2018 09:00,SCH - HQ_CEDARS,325274,20,70,-40
06/15/2018 09:00,SCH - HQ_IMPORT_EXPORT,325376,1200,1310,-9999
06/15/2018 09:00,SCH - NE - NY,23318,-504.56,1400,-1600
06/15/2018 09:00,SCH - NPX_1385,325277,50,200,-200
06/15/2018 09:00,SCH - NPX_CSC,325154,330,330,-330
06/15/2018 09:00,SCH - OH - NY,23317,541.05,1700,-1600
06/15/2018 09:00,SCH - PJ - NY,23316,845.02,2050,-1300
06/15/2018 09:00,SCH - PJM_HTP,325905,100,660,-660
06/15/2018 09:00,SCH - PJM_NEPTUNE,325305,660,660,-660
06/15/2018 09:00,SCH - PJM_VFT,325658,59,315,-315
06/15/2018 09:00,SPR/DUN-SOUTH,23320,2902.21,4600,-9999
06/15/2018 09:00,TOTAL EAST,23314,4177.98,6800,-9999
06/15/2018 09:00,UPNY CONED,23315,2337.44,5700,-9999
06/15/2018 09:00,WEST CENTRAL,23312,484.17,9999,-9999
06/15/2018 09:05,CENTRAL EAST - VC,23330,1887.21,2250,-9999
06/15/2018 09:05,DYSINGER EAST,23326,945.01,3150,-9999
06/15/2018 09:05,MOSES SOUTH,23319,2083.58,3150,-1600
06/15/2018 09:05,SCH - HQ - NY,23324,1500,1500,-1000
06/15/2018 09:05,SCH - HQ_CEDARS,325274,40,70,-40
06/15/2018 09:05,SCH - HQ_IMPORT_EXPORT,325376,1200,1310,-9999
06/15/2018 09:05,SCH - NE - NY,23318,-604.63,1400,-1600
06/15/2018 09:05,SCH - NPX_1385,325277,75,200,-200
06/15/2018 09:05,SCH - NPX_CSC,325154,330,330,-330
06/15/2018 09:05,SCH - OH - NY,23317,533.21,1700,-1600
06/15/2018 09:05,SCH - PJ - NY,23316,740.43,2050,-1300
06/15/2018 09:05,SCH - PJM_HTP,325905,100,660,-660
06/15/2018 09:05,SCH - PJM_NEPTUNE,325305,660,660,-660
06/15/2018 09:05,SCH - PJM_VFT,325658,119,315,-315
06/15/2018 09:05,SPR/DUN-SOUTH,23320,2755.58,4600,-9999
06/15/2018 09:05,TOTAL EAST,23314,4109.69,6800,-9999
06/15/2018 09:05,UPNY CONED,23315,2144.97,5700,-9999
06/15/2018 09:05,WEST CENTRAL,23312,408.12,9999,-9999
06/15/2018 09:10,CENTRAL EAST - VC,23330,1935.94,2250,-9999
06/15/2018 09:10,DYSINGER EAST,23326,981.27,3150,-9999
06/15/2018 09:10,MOSES SOUTH,23319,2073.09,3150,-1600
06/15/2018 09:10,SCH - HQ - NY,23324,1500,1500,-1000
06/15/2018 09:10,SCH - HQ_CEDARS,325274,40,70,-40
06/15/2018 09:10,SCH - HQ_IMPORT_EXPORT,325376,1200,1310,-9999
06/15/2018 09:10,SCH - NE - NY,23318,-604.56,1400,-1600
06/15/2018 09:10,SCH - NPX_1385,325277,75,200,-200
06/15/2018 09:10,SCH - NPX_CSC,325154,330,330,-330
06/15/2018 09:10,SCH - OH - NY,23317,532.77,1700,-1600
06/15/2018 09:10,SCH - PJ - NY,23316,738.34,2050,-1300
06/15/2018 09:10,SCH - PJM_HTP,325905,100,660,-660
06/15/2018 09:10,SCH - PJM_NEPTUNE,325305,660,660,-660
06/15/2018 09:10,SCH - PJM_VFT,325658,119,315,-315
06/15/2018 09:10,SPR/DUN-SOUTH,23320,2822.94,4600,-9999
06/15/2018 09:10,TOTAL EAST,23314,4149.03,6800,-9999
06/15/2018 09:10,UPNY CONED,23315,2207.58,5700,-9999
06/15/2018 09:10,WEST CENTRAL,23312,437.29,9999,-9999
06/15/2018 09:15,CENTRAL EAST - VC,23330,2032.64,2250,-9999
06/15/2018 09:15,DYSINGER EAST,23326,1085.82,3150,-9999
06/15/2018 09:15,MOSES SOUTH,23319,2074.9,3150,-1600
06/15/2018 09:15,SCH - HQ - NY,23324,1500,1500,-1000
06/15/2018 09:15,SCH - HQ_CEDARS,325274,40,70,-40
06/15/2018 09:15,SCH - HQ_IMPORT_EXPORT,325376,1200,1310,-9999
06/15/2018 09:15,SCH - NE - NY,23318,-562.4,1400,-1600
06/15/2018 09:15,SCH - NPX_1385,325277,75,200,-200
06/15/2018 09:15,SCH - NPX_CSC,325154,330,330,-330
06/15/2018 09:15,SCH - OH - NY,23317,534.99,1700,-1600
06/15/2018 09:15,SCH - PJ - NY,23316,730.65,2050,-1300
06/15/2018 09:15,SCH - PJM_HTP,325905,100,660,-660
06/15/2018 09:15,SCH - PJM_NEPTUNE,325305,660,660,-660
06/15/2018 09:15,SCH - PJM_VFT,325658,119,315,-315
06/15/2018 09:15,SPR/DUN-SOUTH,23320,2951.11,4600,-9999
06/15/2018 09:15,TOTAL EAST,23314,4143.4,6800,-9999
06/15/2018 09:15,UPNY CONED,23315,2341.4,5700,-9999
06/15/2018 09:15,WEST CENTRAL,23312,533.96,9999,-9999
06/15/2018 09:20,CENTRAL EAST - VC,23330,1980.85,2250,-9999
06/15/2018 09:20,DYSINGER EAST,23326,1040.23,3150,-9999
06/15/2018 09:20,MOSES SOUTH,23319,2055.01,3150,-1600
06/15/2018 09:20,SCH - HQ - NY,23324,1500,1500,-1000
06/15/2018 09:20,SCH - HQ_CEDARS,325274,40,70,-40
06/15/2018 09:20,SCH - HQ_IMPORT_EXPORT,325376,1200,1310,-9999
06/15/2018 09:20,SCH - NE - NY,23318,-522.26,1400,-1600
06/15/2018 09:20,SCH - NPX_1385,325277,75,200,-200
06/15/2018 09:20,SCH - NPX_CSC,325154,330,330,-330
06/15/2018 09:20,SCH - OH - NY,23317,531.24,1700,-1600
06/15/2018 09:20,SCH - PJ - NY,23316,736.83,2050,-1300
06/15/2018 09:20,SCH - PJM_HTP,325905,100,660,-660
06/15/2018 09:20,SCH - PJM_NEPTUNE,325305,660,660,-660
06/15/2018 09:20,SCH - PJM_VFT,325658,119,315,-315
06/15/2018 09:20,SPR/DUN-SOUTH,23320,2934.92,4600,-9999
06/15/2018 09:20,TOTAL EAST,23314,4111.6,6800,-9999
06/15/2018 09:20,UPNY CONED,23315,2329.14,5700,-9999
06/15/2018 09:20,WEST CENTRAL,23312,485.8,9999,-9999
06/15/2018 09:25,CENTRAL EAST - VC,23330,2021.82,2250,-9999
06/15/2018 09:25,DYSINGER EAST,23326,1072.59,3150,-9999
06/15/2018 09:25,MOSES SOUTH,23319,2051.48,3150,-1600
06/15/2018 09:25,SCH - HQ - NY,23324,1500,1500,-1000
06/15/2018 09:25,SCH - HQ_CEDARS,325274,40,70,-40
06/15/2018 09:25,SCH - HQ_IMPORT_EXPORT,325376,1200,1310,-9999
06/15/2018 09:25,SCH - NE - NY,23318,-525.15,1400,-1600
06/15/2018 09:25,SCH - NPX_1385,325277,75,200,-200
06/15/2018 09:25,SCH - NPX_CSC,325154,330,330,-330
06/15/2018 09:25,SCH - OH - NY,23317,531.02,1700,-1600
06/15/2018 09:25,SCH - PJ - NY,23316,736.63,2050,-1300
06/15/2018 09:25,SCH - PJM_HTP,325905,100,660,-660
06/15/2018 09:25,SCH - PJM_NEPTUNE,325305,660,660,-660
06/15/2018 09:25,SCH - PJM_VFT,325658,119,315,-315
06/15/2018 09:25,SPR/DUN-SOUTH,23320,2957.16,4600,-9999
06/15/2018 09:25,TOTAL EAST,23314,4095.69,6800,-9999
06/15/2018 09:25,UPNY CONED,23315,2338.33,5700,-9999
06/15/2018 09:25,WEST CENTRAL,23312,516.93,9999,-9999
06/15/2018 09:30,CENTRAL EAST - VC,23330,1996.5,2250,-9999
06/15/2018 09:30,DYSINGER EAST,23326,1062.13,3150,-9999
06/15/2018 09:30,MOSES SOUTH,23319,2045.44,3150,-1600
06/15/2018 09:30,SCH - HQ - NY,23324,1500,1500,-1000
06/15/2018 09:30,SCH - HQ_CEDARS,325274,40,70,-40
06/15/2018 09:30,SCH - HQ_IMPORT_EXPORT,325376,1200,1310,-9999
06/15/2018 09:30,SCH - NE - NY,23318,-578.54,1400,-1600
06/15/2018 09:30,SCH - NPX_1385,325277,75,200,-200
06/15/2018 09:30,SCH - NPX_CSC,325154,330,330,-330
06/15/2018 09:30,SCH - OH - NY,23317,532.75,1700,-1600
06/15/2018 09:30,SCH - PJ - NY,23316,736.81,2050,-1300
06/15/2018 09:30,SCH - PJM_HTP,325905,100,660,-660
06/15/2018 09:30,SCH - PJM_NEPTUNE,325305,660,660,-660
06/15/2018 09:30,SCH - PJM_VFT,325658,119,315,-315
06/15/2018 09:30,SPR/DUN-SOUTH,23320,2907.76,4600,-9999
06/15/2018 09:30,TOTAL EAST,23314,4118.09,6800,-9999
06/15/2018 09:30,UPNY CONED,23315,2285.94,5700,-9999
06/15/2018 09:30,WEST CENTRAL,23312,505.32,9999,-9999
06/15/2018 09:35,CENTRAL EAST - VC,23330,2007.28,2250,-9999
06/15/2018 09:35,DYSINGER EAST,23326,1112.14,3150,-9999
06/15/2018 09:35,MOSES SOUTH,23319,2030.24,3150,-1600
06/15/2018 09:35,SCH - HQ - NY,23324,1500,1500,-1000
06/15/2018 09:35,SCH - HQ_CEDARS,325274,40,70,-40
06/15/2018 09:35,SCH - HQ_IMPORT_EXPORT,325376,1200,1310,-9999
06/15/2018 09:35,SCH - NE - NY,23318,-634.85,1400,-1600
06/15/2018 09:35,SCH - NPX_1385,325277,75,200,-200
06/15/2018 09:35,SCH - NPX_CSC,325154,330,330,-330
06/15/2018 09:35,SCH - OH - NY,23317,532.75,1700,-1600
06/15/2018 09:35,SCH - PJ - NY,23316,735.54,2050,-1300
06/15/2018 09:35,SCH - PJM_HTP,325905,100,660,-660
06/15/2018 09:35,SCH - PJM_NEPTUNE,325305,660,660,-660
06/15/2018 09:35,SCH - PJM_VFT,325658,119,315,-315
06/15/2018 09:35,SPR/DUN-SOUTH,23320,2908.31,4600,-9999
06/15/2018 09:35,TOTAL EAST,23314,4170.25,6800,-9999
06/15/2018 09:35,UPNY CONED,23315,2281.3,5700,-9999
06/15/2018 09:35,WEST CENTRAL,23312,551.52,9999,-9999
06/15/2018 09:40,CENTRAL EAST - VC,23330,1987.48,2250,-9999
06/15/2018 09:40,DYSINGER EAST,23326,1094.42,3150,-9999
06/15/2018 09:40,MOSES SOUTH,23319,2029.85,3150,-1600
06/15/2018 09:40,SCH - HQ - NY,23324,1500,1500,-1000
06/15/2018 09:40,SCH - HQ_CEDARS,325274,40,70,-40
06/15/2018 09:40,SCH - HQ_IMPORT_EXPORT,325376,1200,1310,-9999
06/15/2018 09:40,SCH - NE - NY,23318,-633.66,1400,-1600
06/15/2018 09:40,SCH - NPX_1385,325277,75,200,-200
06/15/2018 09:40,SCH - NPX_CSC,325154,330,330,-330
06/15/2018 09:40,SCH - OH - NY,23317,532.05,1700,-1600
06/15/2018 09:40,SCH - PJ - NY,23316,737.48,2050,-1300
06/15/2018 09:40,SCH - PJM_HTP,325905,100,660,-660
06/15/2018 09:40,SCH - PJM_NEPTUNE,325305,660,660,-660
06/15/2018 09:40,SCH - PJM_VFT,325658,119,315,-315
06/15/2018 09:40,SPR/DUN-SOUTH,23320,2910.93,4600,-9999
06/15/2018 09:40,TOTAL EAST,23314,4154.35,6800,-9999
06/15/2018 09:40,UPNY CONED,23315,2263.44,5700,-9999
06/15/2018 09:40,WEST CENTRAL,23312,529.97,9999,-9999
06/15/2018 09:45,CENTRAL EAST - VC,23330,1971.75,2250,-9999
06/15/2018 09:45,DYSINGER EAST,23326,1045.4,3150,-9999
06/15/2018 09:45,MOSES SOUTH,23319,2034.05,3150,-1600
06/15/2018 09:45,SCH - HQ - NY,23324,1500,1500,-1000
06/15/2018 09:45,SCH - HQ_CEDARS,325274,40,70,-40
06/15/2018 09:45,SCH - HQ_IMPORT_EXPORT,325376,1200,1310,-9999
06/15/2018 09:45,SCH - NE - NY,23318,-532.74,1400,-1600
06/15/2018 09:45,SCH - NPX_1385,325277,75,200,-200
06/15/2018 09:45,SCH - NPX_CSC,325154,330,330,-330
06/15/2018 09:45,SCH - OH - NY,23317,533.79,1700,-1600
06/15/2018 09:45,SCH - PJ - NY,23316,733.07,2050,-1300
06/15/2018 09:45,SCH - PJM_HTP,325905,100,660,-660
06/15/2018 09:45,SCH - PJM_NEPTUNE,325305,660,660,-660
06/15/2018 09:45,SCH - PJM_VFT,325658,119,315,-315
06/15/2018 09:45,SPR/DUN-SOUTH,23320,2930.7,4600,-9999
06/15/2018 09:45,TOTAL EAST,23314,4139.24,6800,-9999
06/15/2018 09:45,UPNY CONED,23315,2301.22,5700,-9999
06/15/2018 09:45,WEST CENTRAL,23312,479.56,9999,-9999
06/15/2018 09:50,CENTRAL EAST - VC,23330,1939.58,2250,-9999
06/15/2018 09:50,DYSINGER EAST,23326,1004.74,3150,-9999
06/15/2018 09:50,MOSES SOUTH,23319,2024.75,3150,-1600
06/15/2018 09:50,SCH - HQ - NY,23324,1500,1500,-1000
06/15/2018 09:50,SCH - HQ_CEDARS,325274,40,70,-40
06/15/2018 09:50,SCH - HQ_IMPORT_EXPORT,325376,1200,1310,-9999
06/15/2018 09:50,SCH - NE - NY,23318,-437.43,1400,-1600
06/15/2018 09:50,SCH - NPX_1385,325277,75,200,-200
06/15/2018 09:50,SCH - NPX_CSC,325154,330,330,-330
06/15/2018 09:50,SCH - OH - NY,23317,533.77,1700,-1600
06/15/2018 09:50,SCH - PJ - NY,23316,735.71,2050,-1300
06/15/2018 09:50,SCH - PJM_HTP,325905,100,660,-660
06/15/2018 09:50,SCH - PJM_NEPTUNE,325305,660,660,-660
06/15/2018 09:50,SCH - PJM_VFT,325658,119,315,-315
06/15/2018 09:50,SPR/DUN-SOUTH,23320,2938.63,4600,-9999
06/15/2018 09:50,TOTAL EAST,23314,4066.23,6800,-9999
06/15/2018 09:50,UPNY CONED,23315,2325.65,5700,-9999
06/15/2018 09:50,WEST CENTRAL,23312,436.54,9999,-9999
06/15/2018 09:55,CENTRAL EAST - VC,23330,1934.31,2250,-9999
06/15/2018 09:55,DYSINGER EAST,23326,1028.94,3150,-9999
06/15/2018 09:55,MOSES SOUTH,23319,2030.62,3150,-1600
06/15/2018 09:55,SCH - HQ - NY,23324,1500,1500,-1000
06/15/2018 09:55,SCH - HQ_CEDARS,325274,40,70,-40
06/15/2018 09:55,SCH - HQ_IMPORT_EXPORT,325376,1200,1310,-9999
06/15/2018 09:55,SCH - NE - NY,23318,-437.46,1400,-1600
06/15/2018 09:55,SCH - NPX_1385,325277,75,200,-200
06/15/2018 09:55,SCH - NPX_CSC,325154,330,330,-330
06/15/2018 09:55,SCH - OH - NY,23317,533.82,1700,-1600
06/15/2018 09:55,SCH - PJ - NY,23316,737.6,2050,-1300
06/15/2018 09:55,SCH - PJM_HTP,325905,100,660,-660
06/15/2018 09:55,SCH - PJM_NEPTUNE,325305,660,660,-660
06/15/2018 09:55,SCH - PJM_VFT,325658,119,315,-315
06/15/2018 09:55,SPR/DUN-SOUTH,23320,2944.78,4600,-9999
06/15/2018 09:55,TOTAL EAST,23314,4093.26,6800,-9999
06/15/2018 09:55,UPNY CONED,23315,2328.3,5700,-9999
06/15/2018 09:55,WEST CENTRAL,23312,453.3,9999,-9999
06/15/2018 10:00,CENTRAL EAST - VC,23330,1944.96,2250,-9999
06/15/2018 10:00,DYSINGER EAST,23326,1082.71,3150,-9999
06/15/2018 10:00,MOSES SOUTH,23319,2000.8,3150,-1600
06/15/2018 10:00,SCH - HQ - NY,23324,1500,1500,-1000
06/15/2018 10:00,SCH - HQ_CEDARS,325274,19,70,-40
06/15/2018 10:00,SCH - HQ_IMPORT_EXPORT,325376,1200,1310,-9999
06/15/2018 10:00,SCH - NE - NY,23318,-410.39,1400,-1600
06/15/2018 10:00,SCH - NPX_1385,325277,102,200,-200
06/15/2018 10:00,SCH - NPX_CSC,325154,330,330,-330
06/15/2018 10:00,SCH - OH - NY,23317,673.65,1700,-1600
06/15/2018 10:00,SCH - PJ - NY,23316,768.33,2050,-1300
06/15/2018 10:00,SCH - PJM_HTP,325905,100,660,-660
06/15/2018 10:00,SCH - PJM_NEPTUNE,325305,660,660,-660
06/15/2018 10:00,SCH - PJM_VFT,325658,217,315,-315
06/15/2018 10:00,SPR/DUN-SOUTH,23320,3021.78,4600,-9999
06/15/2018 10:00,TOTAL EAST,23314,4140.78,6800,-9999
06/15/2018 10:00,UPNY CONED,23315,2397.11,5700,-9999
06/15/2018 10:00,WEST CENTRAL,23312,501.67,9999,-9999
06/15/2018 10:05,CENTRAL EAST - VC,23330,1951.34,2250,-9999
06/15/2018 10:05,DYSINGER EAST,23326,1086.88,3150,-9999
06/15/2018 10:05,MOSES SOUTH,23319,1981.01,3150,-1600
06/15/2018 10:05,SCH - HQ - NY,23324,1500,1500,-1000
06/15/2018 10:05,SCH - HQ_CEDARS,325274,0,70,-40
06/15/2018 10:05,SCH - HQ_IMPORT_EXPORT,325376,1200,1310,-9999
06/15/2018 10:05,SCH - NE - NY,23318,-384.45,1400,-1600
06/15/2018 10:05,SCH - NPX_1385,325277,129,200,-200
06/15/2018 10:05,SCH - NPX_CSC,325154,330,330,-330
06/15/2018 10:05,SCH - OH - NY,23317,813.23,1700,-1600
06/15/2018 10:05,SCH - PJ - NY,23316,798.77,2050,-1300
06/15/2018 10:05,SCH - PJM_HTP,325905,100,660,-660
06/15/2018 10:05,SCH - PJM_NEPTUNE,325305,660,660,-660
06/15/2018 10:05,SCH - PJM_VFT,325658,315,315,-315
06/15/2018 10:05,SPR/DUN-SOUTH,23320,3069.6,4600,-9999
06/15/2018 10:05,TOTAL EAST,23314,4180.92,6800,-9999
06/15/2018 10:05,UPNY CONED,23315,2462.18,5700,-9999
06/15/2018 10:05,WEST CENTRAL,23312,502,9999,-9999
06/15/2018 10:10,CENTRAL EAST - VC,23330,1934.03,2250,-9999
06/15/2018 10:10,DYSINGER EAST,23326,1077.4,3150,-9999
06/15/2018 10:10,MOSES SOUTH,23319,1966.04,3150,-1600
06/15/2018 10:10,SCH - HQ - NY,23324,1500,1500,-1000
06/15/2018 10:10,SCH - HQ_CEDARS,325274,0,70,-40
06/15/2018 10:10,SCH - HQ_IMPORT_EXPORT,325376,1200,1310,-9999
06/15/2018 10:10,SCH - NE - NY,23318,-384.47,1400,-1600
06/15/2018 10:10,SCH - NPX_1385,325277,129,200,-200
06/15/2018 10:10,SCH - NPX_CSC,325154,330,330,-330
06/15/2018 10:10,SCH - OH - NY,23317,813.16,1700,-1600
06/15/2018 10:10,SCH - PJ - NY,23316,797.23,2050,-1300
06/15/2018 10:10,SCH - PJM_HTP,325905,100,660,-660
06/15/2018 10:10,SCH - PJM_NEPTUNE,325305,660,660,-660
06/15/2018 10:10,SCH - PJM_VFT,325658,315,315,-315
06/15/2018 10:10,SPR/DUN-SOUTH,23320,3080.74,4600,-9999
06/15/2018 10:10,TOTAL EAST,23314,4163.02,6800,-9999
06/15/2018 10:10,UPNY CONED,23315,2484.62,5700,-9999
06/15/2018 10:10,WEST CENTRAL,23312,490.63,9999,-9999
06/15/2018 10:15,CENTRAL EAST - VC,23330,1941.71,2250,-9999
06/15/2018 10:15,DYSINGER EAST,23326,1043.94,3150,-9999
06/15/2018 10:15,MOSES SOUTH,23319,2061.37,3150,-1600
06/15/2018 10:15,SCH - HQ - NY,23324,1500,1500,-1000
06/15/2018 10:15,SCH - HQ_CEDARS,325274,0,70,-40
06/15/2018 10:15,SCH - HQ_IMPORT_EXPORT,325376,1200,1310,-9999
06/15/2018 10:15,SCH - NE - NY,23318,-330.42,1400,-1600
06/15/2018 10:15,SCH - NPX_1385,325277,129,200,-200
06/15/2018 10:15,SCH - NPX_CSC,325154,330,330,-330
06/15/2018 10:15,SCH - OH - NY,23317,813.29,1700,-1600
06/15/2018 10:15,SCH - PJ - NY,23316,797.29,2050,-1300
06/15/2018 10:15,SCH - PJM_HTP,325905,100,660,-660
06/15/2018 10:15,SCH - PJM_NEPTUNE,325305,660,660,-660
06/15/2018 10:15,SCH - PJM_VFT,325658,315,315,-315
06/15/2018 10:15,SPR/DUN-SOUTH,23320,3134.27,4600,-9999
06/15/2018 10:15,TOTAL EAST,23314,4137.13,6800,-9999
06/15/2018 10:15,UPNY CONED,23315,2538.66,5700,-9999
06/15/2018 10:15,WEST CENTRAL,23312,455.27,9999,-9999
06/15/2018 10:20,CENTRAL EAST - VC,23330,1937.68,2250,-9999
06/15/2018 10:20,DYSINGER EAST,23326,1061.73,3150,-9999
06/15/2018 10:20,MOSES SOUTH,23319,2083.56,3150,-1600
06/15/2018 10:20,SCH - HQ - NY,23324,1500,1500,-1000
06/15/2018 10:20,SCH - HQ_CEDARS,325274,0,70,-40
06/15/2018 10:20,SCH - HQ_IMPORT_EXPORT,325376,1200,1310,-9999
06/15/2018 10:20,SCH - NE - NY,23318,-277.39,1400,-1600
06/15/2018 10:20,SCH - NPX_1385,325277,129,200,-200
06/15/2018 10:20,SCH - NPX_CSC,325154,330,330,-330
06/15/2018 10:20,SCH - OH - NY,23317,813.35,1700,-1600
06/15/2018 10:20,SCH - PJ - NY,23316,798.38,2050,-1300
06/15/2018 10:20,SCH - PJM_HTP,325905,100,660,-660
06/15/2018 10:20,SCH - PJM_NEPTUNE,325305,660,660,-660
06/15/2018 10:20,SCH - PJM_VFT,325658,315,315,-315
06/15/2018 10:20,SPR/DUN-SOUTH,23320,3183.88,4600,-9999
06/15/2018 10:20,TOTAL EAST,23314,4126.94,6800,-9999
06/15/2018 10:20,UPNY CONED,23315,2588.83,5700,-9999
06/15/2018 10:20,WEST CENTRAL,23312,469.76,9999,-9999
06/15/2018 10:25,CENTRAL EAST - VC,23330,1920.46,2250,-9999
06/15/2018 10:25,DYSINGER EAST,23326,1019.58,3150,-9999
06/15/2018 10:25,MOSES SOUTH,23319,2091.35,3150,-1600
06/15/2018 10:25,SCH - HQ - NY,23324,1500,1500,-1000
06/15/2018 10:25,SCH - HQ_CEDARS,325274,0,70,-40
06/15/2018 10:25,SCH - HQ_IMPORT_EXPORT,325376,1200,1310,-9999
06/15/2018 10:25,SCH - NE - NY,23318,-277.39,1400,-1600
06/15/2018 10:25,SCH - NPX_1385,325277,129,200,-200
06/15/2018 10:25,SCH - NPX_CSC,325154,330,330,-330
06/15/2018 10:25,SCH - OH - NY,23317,813.29,1700,-1600
06/15/2018 10:25,SCH - PJ - NY,23316,798,2050,-1300
06/15/2018 10:25,SCH - PJM_HTP,325905,100,660,-660
06/15/2018 10:25,SCH - PJM_NEPTUNE,325305,660,660,-660
06/15/2018 10:25,SCH - PJM_VFT,325658,315,315,-315
06/15/2018 10:25,SPR/DUN-SOUTH,23320,3209.08,4600,-9999
06/15/2018 10:25,TOTAL EAST,23314,4133.78,6800,-9999
06/15/2018 10:25,UPNY CONED,23315,2595.95,5700,-9999
06/15/2018 10:25,WEST CENTRAL,23312,424.97,9999,-9999
06/15/2018 10:30,CENTRAL EAST - VC,23330,1905.19,2250,-9999
06/15/2018 10:30,DYSINGER EAST,23326,1096.13,3150,-9999
06/15/2018 10:30,MOSES SOUTH,23319,2003.82,3150,-1600
06/15/2018 10:30,SCH - HQ - NY,23324,1500,1500,-1000
06/15/2018 10:30,SCH - HQ_CEDARS,325274,0,70,-40
06/15/2018 10:30,SCH - HQ_IMPORT_EXPORT,325376,1200,1310,-9999
06/15/2018 10:30,SCH - NE - NY,23318,-250.35,1400,-1600
06/15/2018 10:30,SCH - NPX_1385,325277,129,200,-200
06/15/2018 10:30,SCH - NPX_CSC,325154,330,330,-330
06/15/2018 10:30,SCH - OH - NY,23317,813.39,1700,-1600
06/15/2018 10:30,SCH - PJ - NY,23316,798.57,2050,-1300
06/15/2018 10:30,SCH - PJM_HTP,325905,100,660,-660
06/15/2018 10:30,SCH - PJM_NEPTUNE,325305,660,660,-660
06/15/2018 10:30,SCH - PJM_VFT,325658,315,315,-315
06/15/2018 10:30,SPR/DUN-SOUTH,23320,3298.81,4600,-9999
06/15/2018 10:30,TOTAL EAST,23314,4151.54,6800,-9999
06/15/2018 10:30,UPNY CONED,23315,2656.13,5700,-9999
06/15/2018 10:30,WEST CENTRAL,23312,506.78,9999,-9999
06/15/2018 10:35,CENTRAL EAST - VC,23330,1888.17,2250,-9999
06/15/2018 10:35,DYSINGER EAST,23326,1053.82,3150,-9999
06/15/2018 10:35,MOSES SOUTH,23319,1992.33,3150,-1600
06/15/2018 10:35,SCH - HQ - NY,23324,1500,1500,-1000
06/15/2018 10:35,SCH - HQ_CEDARS,325274,0,70,-40
06/15/2018 10:35,SCH - HQ_IMPORT_EXPORT,325376,1200,1310,-9999
06/15/2018 10:35,SCH - NE - NY,23318,-224.39,1400,-1600
06/15/2018 10:35,SCH - NPX_1385,325277,129,200,-200
06/15/2018 10:35,SCH - NPX_CSC,325154,330,330,-330
06/15/2018 10:35,SCH - OH - NY,23317,813.19,1700,-1600
06/15/2018 10:35,SCH - PJ - NY,23316,796.91,2050,-1300
06/15/2018 10:35,SCH - PJM_HTP,325905,100,660,-660
06/15/2018 10:35,SCH - PJM_NEPTUNE,325305,660,660,-660
06/15/2018 10:35,SCH - PJM_VFT,325658,315,315,-315
06/15/2018 10:35,SPR/DUN-SOUTH,23320,3322.25,4600,-9999
06/15/2018 10:35,TOTAL EAST,23314,4153.06,6800,-9999
06/15/2018 10:35,UPNY CONED,23315,2670.25,5700,-9999
06/15/2018 10:35,WEST CENTRAL,23312,460.94,9999,-9999
06/15/2018 10:40,CENTRAL EAST - VC,23330,1896.46,2310,-9999
06/15/2018 10:40,DYSINGER EAST,23326,1080.52,3150,-9999
06/15/2018 10:40,MOSES SOUTH,23319,1998.62,3150,-1600
06/15/2018 10:40,SCH - HQ - NY,23324,1500,1500,-1000
06/15/2018 10:40,SCH - HQ_CEDARS,325274,0,70,-40
06/15/2018 10:40,SCH - HQ_IMPORT_EXPORT,325376,1200,1310,-9999
06/15/2018 10:40,SCH - NE - NY,23318,-224.35,1400,-1600
06/15/2018 10:40,SCH - NPX_1385,325277,129,200,-200
06/15/2018 10:40,SCH - NPX_CSC,325154,330,330,-330
06/15/2018 10:40,SCH - OH - NY,23317,813.36,1700,-1600
06/15/2018 10:40,SCH - PJ - NY,23316,797.41,2050,-1300
06/15/2018 10:40,SCH - PJM_HTP,325905,100,660,-660
06/15/2018 10:40,SCH - PJM_NEPTUNE,325305,660,660,-660
06/15/2018 10:40,SCH - PJM_VFT,325658,315,315,-315
06/15/2018 10:40,SPR/DUN-SOUTH,23320,3298.69,4600,-9999
06/15/2018 10:40,TOTAL EAST,23314,4128.93,6800,-9999
06/15/2018 10:40,UPNY CONED,23315,2659.66,5700,-9999
06/15/2018 10:40,WEST CENTRAL,23312,488.36,9999,-9999
06/15/2018 10:45,CENTRAL EAST - VC,23330,1903.15,2310,-9999
06/15/2018 10:45,DYSINGER EAST,23326,1056.47,3150,-9999
06/15/2018 10:45,MOSES SOUTH,23319,1982.58,3150,-1600
06/15/2018 10:45,SCH - HQ - NY,23324,1500,1500,-1000
06/15/2018 10:45,SCH - HQ_CEDARS,325274,0,70,-40
06/15/2018 10:45,SCH - HQ_IMPORT_EXPORT,325376,1200,1310,-9999
06/15/2018 10:45,SCH - NE - NY,23318,-236.43,1400,-1600
06/15/2018 10:45,SCH - NPX_1385,325277,129,200,-200
06/15/2018 10:45,SCH - NPX_CSC,325154,330,330,-330
06/15/2018 10:45,SCH - OH - NY,23317,813.27,1700,-1600
06/15/2018 10:45,SCH - PJ - NY,23316,792.58,2050,-1300
06/15/2018 10:45,SCH - PJM_HTP,325905,100,660,-660
06/15/2018 10:45,SCH - PJM_NEPTUNE,325305,660,660,-660
06/15/2018 10:45,SCH - PJM_VFT,325658,315,315,-315
06/15/2018 10:45,SPR/DUN-SOUTH,23320,3274.62,4600,-9999
06/15/2018 10:45,TOTAL EAST,23314,4118.31,6800,-9999
06/15/2018 10:45,UPNY CONED,23315,2644.04,5700,-9999
06/15/2018 10:45,WEST CENTRAL,23312,461.64,9999,-9999
06/15/2018 10:50,CENTRAL EAST - VC,23330,1870.85,2310,-9999
06/15/2018 10:50,DYSINGER EAST,23326,1034.29,3150,-9999
06/15/2018 10:50,MOSES SOUTH,23319,1984.13,3150,-1600
06/15/2018 10:50,SCH - HQ - NY,23324,1500,1500,-1000
06/15/2018 10:50,SCH - HQ_CEDARS,325274,0,70,-40
06/15/2018 10:50,SCH - HQ_IMPORT_EXPORT,325376,1200,1310,-9999
06/15/2018 10:50,SCH - NE - NY,23318,-258.42,1400,-1600
06/15/2018 10:50,SCH - NPX_1385,325277,129,200,-200
06/15/2018 10:50,SCH - NPX_CSC,325154,330,330,-330
06/15/2018 10:50,SCH - OH - NY,23317,813.22,1700,-1600
06/15/2018 10:50,SCH - PJ - NY,23316,798.6,2050,-1300
06/15/2018 10:50,SCH - PJM_HTP,325905,100,660,-660
06/15/2018 10:50,SCH - PJM_NEPTUNE,325305,660,660,-660
06/15/2018 10:50,SCH - PJM_VFT,325658,315,315,-315
06/15/2018 10:50,SPR/DUN-SOUTH,23320,3251.69,4600,-9999
06/15/2018 10:50,TOTAL EAST,23314,4126.01,6800,-9999
06/15/2018 10:50,UPNY CONED,23315,2613.46,5700,-9999
06/15/2018 10:50,WEST CENTRAL,23312,436.53,9999,-9999
06/15/2018 10:55,CENTRAL EAST - VC,23330,1883.94,2310,-9999
06/15/2018 10:55,DYSINGER EAST,23326,1083.15,3150,-9999
06/15/2018 10:55,MOSES SOUTH,23319,1988.29,3150,-1600
06/15/2018 10:55,SCH - HQ - NY,23324,1500,1500,-1000
06/15/2018 10:55,SCH - HQ_CEDARS,325274,0,70,-40
06/15/2018 10:55,SCH - HQ_IMPORT_EXPORT,325376,1200,1310,-9999
06/15/2018 10:55,SCH - NE - NY,23318,-258.36,1400,-1600
06/15/2018 10:55,SCH - NPX_1385,325277,129,200,-200
06/15/2018 10:55,SCH - NPX_CSC,325154,330,330,-330
06/15/2018 10:55,SCH - OH - NY,23317,813.41,1700,-1600
06/15/2018 10:55,SCH - PJ - NY,23316,795.29,2050,-1300
06/15/2018 10:55,SCH - PJM_HTP,325905,100,660,-660
06/15/2018 10:55,SCH - PJM_NEPTUNE,325305,660,660,-660
06/15/2018 10:55,SCH - PJM_VFT,325658,315,315,-315
06/15/2018 10:55,SPR/DUN-SOUTH,23320,3267.53,4600,-9999
06/15/2018 10:55,TOTAL EAST,23314,4110.47,6800,-9999
06/15/2018 10:55,UPNY CONED,23315,2604.43,5700,-9999
06/15/2018 10:55,WEST CENTRAL,23312,480.81,9999,-9999
06/15/2018 11:00,CENTRAL EAST - VC,23330,1898.55,2310,-9999
06/15/2018 11:00,DYSINGER EAST,23326,1083.54,3150,-9999
06/15/2018 11:00,MOSES SOUTH,23319,2026.57,3150,-1600
06/15/2018 11:00,SCH - HQ - NY,23324,1500,1500,-1000
06/15/2018 11:00,SCH - HQ_CEDARS,325274,35,70,-40
06/15/2018 11:00,SCH - HQ_IMPORT_EXPORT,325376,1200,1310,-9999
06/15/2018 11:00,SCH - NE - NY,23318,-212.27,1400,-1600
06/15/2018 11:00,SCH - NPX_1385,325277,142,200,-200
06/15/2018 11:00,SCH - NPX_CSC,325154,330,330,-330
06/15/2018 11:00,SCH - OH - NY,23317,846.24,1700,-1600
06/15/2018 11:00,SCH - PJ - NY,23316,853.52,2050,-1300
06/15/2018 11:00,SCH - PJM_HTP,325905,100,660,-660
06/15/2018 11:00,SCH - PJM_NEPTUNE,325305,660,660,-660
06/15/2018 11:00,SCH - PJM_VFT,325658,315,315,-315
06/15/2018 11:00,SPR/DUN-SOUTH,23320,3426.1,4600,-9999
06/15/2018 11:00,TOTAL EAST,23314,4208.25,6800,-9999
06/15/2018 11:00,UPNY CONED,23315,2745.18,5700,-9999
06/15/2018 11:00,WEST CENTRAL,23312,480.38,9999,-9999
06/15/2018 11:05,CENTRAL EAST - VC,23330,1905.03,2310,-9999
06/15/2018 11:05,DYSINGER EAST,23326,1042.51,3150,-9999
06/15/2018 11:05,MOSES SOUTH,23319,2069.98,3150,-1600
06/15/2018 11:05,SCH - HQ - NY,23324,1500,1500,-1000
06/15/2018 11:05,SCH - HQ_CEDARS,325274,70,70,-40
06/15/2018 11:05,SCH - HQ_IMPORT_EXPORT,325376,1200,1310,-9999
06/15/2018 11:05,SCH - NE - NY,23318,-170.95,1400,-1600
06/15/2018 11:05,SCH - NPX_1385,325277,155,200,-200
06/15/2018 11:05,SCH - NPX_CSC,325154,330,330,-330
06/15/2018 11:05,SCH - OH - NY,23317,880.13,1700,-1600
06/15/2018 11:05,SCH - PJ - NY,23316,912.8,2050,-1300
06/15/2018 11:05,SCH - PJM_HTP,325905,100,660,-660
06/15/2018 11:05,SCH - PJM_NEPTUNE,325305,660,660,-660
06/15/2018 11:05,SCH - PJM_VFT,325658,315,315,-315
06/15/2018 11:05,SPR/DUN-SOUTH,23320,3461.58,4600,-9999
06/15/2018 11:05,TOTAL EAST,23314,4215.72,6800,-9999
06/15/2018 11:05,UPNY CONED,23315,2781.37,5700,-9999
06/15/2018 11:05,WEST CENTRAL,23312,441.03,9999,-9999
06/15/2018 11:10,CENTRAL EAST - VC,23330,1919.7,2310,-9999
06/15/2018 11:10,DYSINGER EAST,23326,1066.99,3150,-9999
06/15/2018 11:10,MOSES SOUTH,23319,2085.31,3150,-1600
06/15/2018 11:10,SCH - HQ - NY,23324,1500,1500,-1000
06/15/2018 11:10,SCH - HQ_CEDARS,325274,70,70,-40
06/15/2018 11:10,SCH - HQ_IMPORT_EXPORT,325376,1200,1310,-9999
06/15/2018 11:10,SCH - NE - NY,23318,-171.13,1400,-1600
06/15/2018 11:10,SCH - NPX_1385,325277,155,200,-200
06/15/2018 11:10,SCH - NPX_CSC,325154,330,330,-330
06/15/2018 11:10,SCH - OH - NY,23317,880.2,1700,-1600
06/15/2018 11:10,SCH - PJ - NY,23316,914.06,2050,-1300
06/15/2018 11:10,SCH - PJM_HTP,325905,100,660,-660
06/15/2018 11:10,SCH - PJM_NEPTUNE,325305,660,660,-660
06/15/2018 11:10,SCH - PJM_VFT,325658,315,315,-315
06/15/2018 11:10,SPR/DUN-SOUTH,23320,3454.79,4600,-9999
06/15/2018 11:10,TOTAL EAST,23314,4210.14,6800,-9999
06/15/2018 11:10,UPNY CONED,23315,2775.35,5700,-9999
06/15/2018 11:10,WEST CENTRAL,23312,463.25,9999,-9999
06/15/2018 11:15,CENTRAL EAST - VC,23330,1890.61,2385,-9999
06/15/2018 11:15,DYSINGER EAST,23326,1033.21,3150,-9999
06/15/2018 11:15,MOSES SOUTH,23319,2038.11,3150,-1600
06/15/2018 11:15,SCH - HQ - NY,23324,1500,1500,-1000
06/15/2018 11:15,SCH - HQ_CEDARS,325274,70,70,-40
06/15/2018 11:15,SCH - HQ_IMPORT_EXPORT,325376,1200,1310,-9999
06/15/2018 11:15,SCH - NE - NY,23318,-175.48,1400,-1600
06/15/2018 11:15,SCH - NPX_1385,325277,155,200,-200
06/15/2018 11:15,SCH - NPX_CSC,325154,330,330,-330
06/15/2018 11:15,SCH - OH - NY,23317,880.16,1700,-1600
06/15/2018 11:15,SCH - PJ - NY,23316,917.02,2050,-1300
06/15/2018 11:15,SCH - PJM_HTP,325905,100,660,-660
06/15/2018 11:15,SCH - PJM_NEPTUNE,325305,660,660,-660
06/15/2018 11:15,SCH - PJM_VFT,325658,315,315,-315
06/15/2018 11:15,SPR/DUN-SOUTH,23320,3436.32,4600,-9999
06/15/2018 11:15,TOTAL EAST,23314,4226.51,6800,-9999
06/15/2018 11:15,UPNY CONED,23315,2745.65,5700,-9999
06/15/2018 11:15,WEST CENTRAL,23312,426.51,9999,-9999
06/15/2018 11:20,CENTRAL EAST - VC,23330,1910.51,2385,-9999
06/15/2018 11:20,DYSINGER EAST,23326,1052.48,3150,-9999
06/15/2018 11:20,MOSES SOUTH,23319,2027.96,3150,-1600
06/15/2018 11:20,SCH - HQ - NY,23324,1500,1500,-1000
06/15/2018 11:20,SCH - HQ_CEDARS,325274,70,70,-40
06/15/2018 11:20,SCH - HQ_IMPORT_EXPORT,325376,1200,1310,-9999
06/15/2018 11:20,SCH - NE - NY,23318,-175.48,1400,-1600
06/15/2018 11:20,SCH - NPX_1385,325277,155,200,-200
06/15/2018 11:20,SCH - NPX_CSC,325154,330,330,-330
06/15/2018 11:20,SCH - OH - NY,23317,880.18,1700,-1600
06/15/2018 11:20,SCH - PJ - NY,23316,918.19,2050,-1300
06/15/2018 11:20,SCH - PJM_HTP,325905,100,660,-660
06/15/2018 11:20,SCH - PJM_NEPTUNE,325305,660,660,-660
06/15/2018 11:20,SCH - PJM_VFT,325658,315,315,-315
06/15/2018 11:20,SPR/DUN-SOUTH,23320,3453.78,4600,-9999
06/15/2018 11:20,TOTAL EAST,23314,4225.79,6800,-9999
06/15/2018 11:20,UPNY CONED,23315,2778.06,5700,-9999
06/15/2018 11:20,WEST CENTRAL,23312,443.61,9999,-9999
06/15/2018 11:25,CENTRAL EAST - VC,23330,1889.26,2385,-9999
06/15/2018 11:25,DYSINGER EAST,23326,1039.28,3150,-9999
06/15/2018 11:25,MOSES SOUTH,23319,2025.8,3150,-1600
06/15/2018 11:25,SCH - HQ - NY,23324,1500,1500,-1000
06/15/2018 11:25,SCH - HQ_CEDARS,325274,70,70,-40
06/15/2018 11:25,SCH - HQ_IMPORT_EXPORT,325376,1200,1310,-9999
06/15/2018 11:25,SCH - NE - NY,23318,-175.48,1400,-1600
06/15/2018 11:25,SCH - NPX_1385,325277,155,200,-200
06/15/2018 11:25,SCH - NPX_CSC,325154,330,330,-330
06/15/2018 11:25,SCH - OH - NY,23317,880.18,1700,-1600
06/15/2018 11:25,SCH - PJ - NY,23316,918.18,2050,-1300
06/15/2018 11:25,SCH - PJM_HTP,325905,100,660,-660
06/15/2018 11:25,SCH - PJM_NEPTUNE,325305,660,660,-660
06/15/2018 11:25,SCH - PJM_VFT,325658,315,315,-315
06/15/2018 11:25,SPR/DUN-SOUTH,23320,3454.3,4600,-9999
06/15/2018 11:25,TOTAL EAST,23314,4192.49,6800,-9999
06/15/2018 11:25,UPNY CONED,23315,2735.94,5700,-9999
06/15/2018 11:25,WEST CENTRAL,23312,428.44,9999,-9999
06/15/2018 11:30,CENTRAL EAST - VC,23330,1891.5,2385,-9999
06/15/2018 11:30,DYSINGER EAST,23326,1021.02,3150,-9999
06/15/2018 11:30,MOSES SOUTH,23319,1998.41,3150,-1600
06/15/2018 11:30,SCH - HQ - NY,23324,1500,1500,-1000
06/15/2018 11:30,SCH - HQ_CEDARS,325274,70,70,-40
06/15/2018 11:30,SCH - HQ_IMPORT_EXPORT,325376,1200,1310,-9999
06/15/2018 11:30,SCH - NE - NY,23318,-195.52,1400,-1600
06/15/2018 11:30,SCH - NPX_1385,325277,155,200,-200
06/15/2018 11:30,SCH - NPX_CSC,325154,330,330,-330
06/15/2018 11:30,SCH - OH - NY,23317,880.17,1700,-1600
06/15/2018 11:30,SCH - PJ - NY,23316,918,2050,-1300
06/15/2018 11:30,SCH - PJM_HTP,325905,100,660,-660
06/15/2018 11:30,SCH - PJM_NEPTUNE,325305,660,660,-660
06/15/2018 11:30,SCH - PJM_VFT,325658,315,315,-315
06/15/2018 11:30,SPR/DUN-SOUTH,23320,3455.25,4600,-9999
06/15/2018 11:30,TOTAL EAST,23314,4185.23,6800,-9999
06/15/2018 11:30,UPNY CONED,23315,2698.13,5700,-9999
06/15/2018 11:30,WEST CENTRAL,23312,412.43,9999,-9999
06/15/2018 11:35,CENTRAL EAST - VC,23330,1906.35,2385,-9999
06/15/2018 11:35,DYSINGER EAST,23326,1035.54,3150,-9999
06/15/2018 11:35,MOSES SOUTH,23319,2002.65,3150,-1600
06/15/2018 11:35,SCH - HQ - NY,23324,1500,1500,-1000
06/15/2018 11:35,SCH - HQ_CEDARS,325274,70,70,-40
06/15/2018 11:35,SCH - HQ_IMPORT_EXPORT,325376,1200,1310,-9999
06/15/2018 11:35,SCH - NE - NY,23318,-215.54,1400,-1600
06/15/2018 11:35,SCH - NPX_1385,325277,155,200,-200
06/15/2018 11:35,SCH - NPX_CSC,325154,330,330,-330
06/15/2018 11:35,SCH - OH - NY,23317,880.22,1700,-1600
06/15/2018 11:35,SCH - PJ - NY,23316,916.76,2050,-1300
06/15/2018 11:35,SCH - PJM_HTP,325905,100,660,-660
06/15/2018 11:35,SCH - PJM_NEPTUNE,325305,660,660,-660
06/15/2018 11:35,SCH - PJM_VFT,325658,315,315,-315
06/15/2018 11:35,SPR/DUN-SOUTH,23320,3449.36,4600,-9999
06/15/2018 11:35,TOTAL EAST,23314,4214.51,6800,-9999
06/15/2018 11:35,UPNY CONED,23315,2698.99,5700,-9999
06/15/2018 11:35,WEST CENTRAL,23312,428.82,9999,-9999
06/15/2018 11:40,CENTRAL EAST - VC,23330,1891.95,2385,-9999
06/15/2018 11:40,DYSINGER EAST,23326,1029.34,3150,-9999
06/15/2018 11:40,MOSES SOUTH,23319,2000.77,3150,-1600
06/15/2018 11:40,SCH - HQ - NY,23324,1500,1500,-1000
06/15/2018 11:40,SCH - HQ_CEDARS,325274,70,70,-40
06/15/2018 11:40,SCH - HQ_IMPORT_EXPORT,325376,1200,1310,-9999
06/15/2018 11:40,SCH - NE - NY,23318,-215.55,1400,-1600
06/15/2018 11:40,SCH - NPX_1385,325277,155,200,-200
06/15/2018 11:40,SCH - NPX_CSC,325154,330,330,-330
06/15/2018 11:40,SCH - OH - NY,23317,880.26,1700,-1600
06/15/2018 11:40,SCH - PJ - NY,23316,917.55,2050,-1300
06/15/2018 11:40,SCH - PJM_HTP,325905,100,660,-660
06/15/2018 11:40,SCH - PJM_NEPTUNE,325305,660,660,-660
06/15/2018 11:40,SCH - PJM_VFT,325658,315,315,-315
06/15/2018 11:40,SPR/DUN-SOUTH,23320,3449.76,4600,-9999
06/15/2018 11:40,TOTAL EAST,23314,4203.94,6800,-9999
06/15/2018 11:40,UPNY CONED,23315,2686.67,5700,-9999
06/15/2018 11:40,WEST CENTRAL,23312,419.54,9999,-9999
06/15/2018 11:45,CENTRAL EAST - VC,23330,1906.7,2385,-9999
06/15/2018 11:45,DYSINGER EAST,23326,1048.37,3150,-9999
06/15/2018 11:45,MOSES SOUTH,23319,2005.35,3150,-1600
06/15/2018 11:45,SCH - HQ - NY,23324,1500,1500,-1000
06/15/2018 11:45,SCH - HQ_CEDARS,325274,70,70,-40
06/15/2018 11:45,SCH - HQ_IMPORT_EXPORT,325376,1200,1310,-9999
06/15/2018 11:45,SCH - NE - NY,23318,-221.55,1400,-1600
06/15/2018 11:45,SCH - NPX_1385,325277,155,200,-200
06/15/2018 11:45,SCH - NPX_CSC,325154,330,330,-330
06/15/2018 11:45,SCH - OH - NY,23317,880.26,1700,-1600
06/15/2018 11:45,SCH - PJ - NY,23316,892.67,2050,-1300
06/15/2018 11:45,SCH - PJM_HTP,325905,100,660,-660
06/15/2018 11:45,SCH - PJM_NEPTUNE,325305,660,660,-660
06/15/2018 11:45,SCH - PJM_VFT,325658,315,315,-315
06/15/2018 11:45,SPR/DUN-SOUTH,23320,3455.91,4600,-9999
06/15/2018 11:45,TOTAL EAST,23314,4181.19,6800,-9999
06/15/2018 11:45,UPNY CONED,23315,2678.75,5700,-9999
06/15/2018 11:45,WEST CENTRAL,23312,439.45,9999,-9999
06/15/2018 11:50,CENTRAL EAST - VC,23330,1865.47,2385,-9999
06/15/2018 11:50,DYSINGER EAST,23326,988.58,3150,-9999
06/15/2018 11:50,MOSES SOUTH,23319,2006.03,3150,-1600
06/15/2018 11:50,SCH - HQ - NY,23324,1500,1500,-1000
06/15/2018 11:50,SCH - HQ_CEDARS,325274,70,70,-40
06/15/2018 11:50,SCH - HQ_IMPORT_EXPORT,325376,1200,1310,-9999
06/15/2018 11:50,SCH - NE - NY,23318,-227.64,1400,-1600
06/15/2018 11:50,SCH - NPX_1385,325277,155,200,-200
06/15/2018 11:50,SCH - NPX_CSC,325154,330,330,-330
06/15/2018 11:50,SCH - OH - NY,23317,880.07,1700,-1600
06/15/2018 11:50,SCH - PJ - NY,23316,870.29,2050,-1300
06/15/2018 11:50,SCH - PJM_HTP,325905,100,660,-660
06/15/2018 11:50,SCH - PJM_NEPTUNE,325305,660,660,-660
06/15/2018 11:50,SCH - PJM_VFT,325658,315,315,-315
06/15/2018 11:50,SPR/DUN-SOUTH,23320,3430.05,4600,-9999
06/15/2018 11:50,TOTAL EAST,23314,4156.92,6800,-9999
06/15/2018 11:50,UPNY CONED,23315,2667.36,5700,-9999
06/15/2018 11:50,WEST CENTRAL,23312,374.01,9999,-9999
06/15/2018 11:55,CENTRAL EAST - VC,23330,1891.91,2385,-9999
06/15/2018 11:55,DYSINGER EAST,23326,1041.35,3150,-9999
06/15/2018 11:55,MOSES SOUTH,23319,2004.56,3150,-1600
06/15/2018 11:55,SCH - HQ - NY,23324,1500,1500,-1000
06/15/2018 11:55,SCH - HQ_CEDARS,325274,70,70,-40
06/15/2018 11:55,SCH - HQ_IMPORT_EXPORT,325376,1200,1310,-9999
06/15/2018 11:55,SCH - NE - NY,23318,-227.55,1400,-1600
06/15/2018 11:55,SCH - NPX_1385,325277,155,200,-200
06/15/2018 11:55,SCH - NPX_CSC,325154,330,330,-330
06/15/2018 11:55,SCH - OH - NY,23317,880.23,1700,-1600
06/15/2018 11:55,SCH - PJ - NY,23316,866.32,2050,-1300
06/15/2018 11:55,SCH - PJM_HTP,325905,100,660,-660
06/15/2018 11:55,SCH - PJM_NEPTUNE,325305,660,660,-660
06/15/2018 11:55,SCH - PJM_VFT,325658,315,315,-315
06/15/2018 11:55,SPR/DUN-SOUTH,23320,3457.26,4600,-9999
06/15/2018 11:55,TOTAL EAST,23314,4140.15,6800,-9999
06/15/2018 11:55,UPNY CONED,23315,2698.93,5700,-9999
06/15/2018 11:55,WEST CENTRAL,23312,426.37,9999,-9999
06/15/2018 12:00,CENTRAL EAST - VC,23330,1838.33,2385,-9999
06/15/2018 12:00,DYSINGER EAST,23326,998.74,3150,-9999
06/15/2018 12:00,MOSES SOUTH,23319,1961.85,3150,-1600
06/15/2018 12:00,SCH - HQ - NY,23324,1500,1500,-1000
06/15/2018 12:00,SCH - HQ_CEDARS,325274,35,70,-40
06/15/2018 12:00,SCH - HQ_IMPORT_EXPORT,325376,1200,1310,-9999
06/15/2018 12:00,SCH - NE - NY,23318,-150.48,1400,-1600
06/15/2018 12:00,SCH - NPX_1385,325277,148,200,-200
06/15/2018 12:00,SCH - NPX_CSC,325154,330,330,-330
06/15/2018 12:00,SCH - OH - NY,23317,870.19,1700,-1600
06/15/2018 12:00,SCH - PJ - NY,23316,841.62,2050,-1300
06/15/2018 12:00,SCH - PJM_HTP,325905,100,660,-660
06/15/2018 12:00,SCH - PJM_NEPTUNE,325305,660,660,-660
06/15/2018 12:00,SCH - PJM_VFT,325658,282,315,-315
06/15/2018 12:00,SPR/DUN-SOUTH,23320,3452.24,4600,-9999
06/15/2018 12:00,TOTAL EAST,23314,4077.7,6800,-9999
06/15/2018 12:00,UPNY CONED,23315,2705.17,5700,-9999
06/15/2018 12:00,WEST CENTRAL,23312,383.02,9999,-9999
06/15/2018 12:05,CENTRAL EAST - VC,23330,1819.68,2385,-9999
06/15/2018 12:05,DYSINGER EAST,23326,1034.55,3150,-9999
06/15/2018 12:05,MOSES SOUTH,23319,1928.94,3150,-1600
06/15/2018 12:05,SCH - HQ - NY,23324,1500,1500,-1000
06/15/2018 12:05,SCH - HQ_CEDARS,325274,0,70,-40
06/15/2018 12:05,SCH - HQ_IMPORT_EXPORT,325376,1200,1310,-9999
06/15/2018 12:05,SCH - NE - NY,23318,-73.41,1400,-1600
06/15/2018 12:05,SCH - NPX_1385,325277,142,200,-200
06/15/2018 12:05,SCH - NPX_CSC,325154,330,330,-330
06/15/2018 12:05,SCH - OH - NY,23317,861.28,1700,-1600
06/15/2018 12:05,SCH - PJ - NY,23316,816,2050,-1300
06/15/2018 12:05,SCH - PJM_HTP,325905,100,660,-660
06/15/2018 12:05,SCH - PJM_NEPTUNE,325305,660,660,-660
06/15/2018 12:05,SCH - PJM_VFT,325658,250,315,-315
06/15/2018 12:05,SPR/DUN-SOUTH,23320,3502.44,4600,-9999
06/15/2018 12:05,TOTAL EAST,23314,4042.48,6800,-9999
06/15/2018 12:05,UPNY CONED,23315,2752.3,5700,-9999
06/15/2018 12:05,WEST CENTRAL,23312,420.48,9999,-9999
06/15/2018 12:10,CENTRAL EAST - VC,23330,1800.66,2385,-9999
06/15/2018 12:10,DYSINGER EAST,23326,1082.15,3150,-9999
06/15/2018 12:10,MOSES SOUTH,23319,1904.96,3150,-1600
06/15/2018 12:10,SCH - HQ - NY,23324,1500,1500,-1000
06/15/2018 12:10,SCH - HQ_CEDARS,325274,0,70,-40
06/15/2018 12:10,SCH - HQ_IMPORT_EXPORT,325376,1200,1310,-9999
06/15/2018 12:10,SCH - NE - NY,23318,-73.41,1400,-1600
06/15/2018 12:10,SCH - NPX_1385,325277,142,200,-200
06/15/2018 12:10,SCH - NPX_CSC,325154,330,330,-330
06/15/2018 12:10,SCH - OH - NY,23317,861.34,1700,-1600
06/15/2018 12:10,SCH - PJ - NY,23316,814.66,2050,-1300
06/15/2018 12:10,SCH - PJM_HTP,325905,100,660,-660
06/15/2018 12:10,SCH - PJM_NEPTUNE,325305,660,660,-660
06/15/2018 12:10,SCH - PJM_VFT,325658,250,315,-315
06/15/2018 12:10,SPR/DUN-SOUTH,23320,3480.05,4600,-9999
06/15/2018 12:10,TOTAL EAST,23314,4039.85,6800,-9999
06/15/2018 12:10,UPNY CONED,23315,2732.87,5700,-9999
06/15/2018 12:10,WEST CENTRAL,23312,463.41,9999,-9999
06/15/2018 12:15,CENTRAL EAST - VC,23330,1773.65,2385,-9999
06/15/2018 12:15,DYSINGER EAST,23326,1107.28,3150,-9999
06/15/2018 12:15,MOSES SOUTH,23319,1817.17,3150,-1600
06/15/2018 12:15,SCH - HQ - NY,23324,1500,1500,-1000
06/15/2018 12:15,SCH - HQ_CEDARS,325274,0,70,-40
06/15/2018 12:15,SCH - HQ_IMPORT_EXPORT,325376,1200,1310,-9999
06/15/2018 12:15,SCH - NE - NY,23318,-73.49,1400,-1600
06/15/2018 12:15,SCH - NPX_1385,325277,142,200,-200
06/15/2018 12:15,SCH - NPX_CSC,325154,330,330,-330
06/15/2018 12:15,SCH - OH - NY,23317,861.15,1700,-1600
06/15/2018 12:15,SCH - PJ - NY,23316,846.08,2050,-1300
06/15/2018 12:15,SCH - PJM_HTP,325905,100,660,-660
06/15/2018 12:15,SCH - PJM_NEPTUNE,325305,660,660,-660
06/15/2018 12:15,SCH - PJM_VFT,325658,250,315,-315
06/15/2018 12:15,SPR/DUN-SOUTH,23320,3438.79,4600,-9999
06/15/2018 12:15,TOTAL EAST,23314,4025.22,6800,-9999
06/15/2018 12:15,UPNY CONED,23315,2702.95,5700,-9999
06/15/2018 12:15,WEST CENTRAL,23312,486.29,9999,-9999
06/15/2018 12:20,CENTRAL EAST - VC,23330,1816.05,2385,-9999
06/15/2018 12:20,DYSINGER EAST,23326,1126.92,3150,-9999
06/15/2018 12:20,MOSES SOUTH,23319,1837.56,3150,-1600
06/15/2018 12:20,SCH - HQ - NY,23324,1500,1500,-1000
06/15/2018 12:20,SCH - HQ_CEDARS,325274,0,70,-40
06/15/2018 12:20,SCH - HQ_IMPORT_EXPORT,325376,1200,1310,-9999
06/15/2018 12:20,SCH - NE - NY,23318,-73.49,1400,-1600
06/15/2018 12:20,SCH - NPX_1385,325277,142,200,-200
06/15/2018 12:20,SCH - NPX_CSC,325154,330,330,-330
06/15/2018 12:20,SCH - OH - NY,23317,861.3,1700,-1600
06/15/2018 12:20,SCH - PJ - NY,23316,877.13,2050,-1300
06/15/2018 12:20,SCH - PJM_HTP,325905,100,660,-660
06/15/2018 12:20,SCH - PJM_NEPTUNE,325305,660,660,-660
06/15/2018 12:20,SCH - PJM_VFT,325658,250,315,-315
06/15/2018 12:20,SPR/DUN-SOUTH,23320,3454.75,4600,-9999
06/15/2018 12:20,TOTAL EAST,23314,4048.44,6800,-9999
06/15/2018 12:20,UPNY CONED,23315,2743.36,5700,-9999
06/15/2018 12:20,WEST CENTRAL,23312,504.85,9999,-9999
06/15/2018 12:25,CENTRAL EAST - VC,23330,1816.47,2385,-9999
06/15/2018 12:25,DYSINGER EAST,23326,1103.49,3150,-9999
06/15/2018 12:25,MOSES SOUTH,23319,1840.11,3150,-1600
06/15/2018 12:25,SCH - HQ - NY,23324,1500,1500,-1000
06/15/2018 12:25,SCH - HQ_CEDARS,325274,0,70,-40
06/15/2018 12:25,SCH - HQ_IMPORT_EXPORT,325376,1200,1310,-9999
06/15/2018 12:25,SCH - NE - NY,23318,-73.49,1400,-1600
06/15/2018 12:25,SCH - NPX_1385,325277,142,200,-200
06/15/2018 12:25,SCH - NPX_CSC,325154,330,330,-330
06/15/2018 12:25,SCH - OH - NY,23317,861.23,1700,-1600
06/15/2018 12:25,SCH - PJ - NY,23316,878.82,2050,-1300
06/15/2018 12:25,SCH - PJM_HTP,325905,100,660,-660
06/15/2018 12:25,SCH - PJM_NEPTUNE,325305,660,660,-660
06/15/2018 12:25,SCH - PJM_VFT,325658,250,315,-315
06/15/2018 12:25,SPR/DUN-SOUTH,23320,3474.12,4600,-9999
06/15/2018 12:25,TOTAL EAST,23314,4066.41,6800,-9999
06/15/2018 12:25,UPNY CONED,23315,2755.32,5700,-9999
06/15/2018 12:25,WEST CENTRAL,23312,482.75,9999,-9999
06/15/2018 12:30,CENTRAL EAST - VC,23330,1805.64,2385,-9999
06/15/2018 12:30,DYSINGER EAST,23326,1077.14,3150,-9999
06/15/2018 12:30,MOSES SOUTH,23319,1843.06,3150,-1600
06/15/2018 12:30,SCH - HQ - NY,23324,1500,1500,-1000
06/15/2018 12:30,SCH - HQ_CEDARS,325274,0,70,-40
06/15/2018 12:30,SCH - HQ_IMPORT_EXPORT,325376,1200,1310,-9999
06/15/2018 12:30,SCH - NE - NY,23318,-138.56,1400,-1600
06/15/2018 12:30,SCH - NPX_1385,325277,142,200,-200
06/15/2018 12:30,SCH - NPX_CSC,325154,330,330,-330
06/15/2018 12:30,SCH - OH - NY,23317,861.2,1700,-1600
06/15/2018 12:30,SCH - PJ - NY,23316,878.98,2050,-1300
06/15/2018 12:30,SCH - PJM_HTP,325905,100,660,-660
06/15/2018 12:30,SCH - PJM_NEPTUNE,325305,660,660,-660
06/15/2018 12:30,SCH - PJM_VFT,325658,270,315,-315
06/15/2018 12:30,SPR/DUN-SOUTH,23320,3426.69,4600,-9999
06/15/2018 12:30,TOTAL EAST,23314,4071.1,6800,-9999
06/15/2018 12:30,UPNY CONED,23315,2701.92,5700,-9999
06/15/2018 12:30,WEST CENTRAL,23312,457.59,9999,-9999
06/15/2018 12:35,CENTRAL EAST - VC,23330,1808.73,2385,-9999
06/15/2018 12:35,DYSINGER EAST,23326,1098.85,3150,-9999
06/15/2018 12:35,MOSES SOUTH,23319,1828.56,3150,-1600
06/15/2018 12:35,SCH - HQ - NY,23324,1500,1500,-1000
06/15/2018 12:35,SCH - HQ_CEDARS,325274,0,70,-40
06/15/2018 12:35,SCH - HQ_IMPORT_EXPORT,325376,1200,1310,-9999
06/15/2018 12:35,SCH - NE - NY,23318,-204.63,1400,-1600
06/15/2018 12:35,SCH - NPX_1385,325277,142,200,-200
06/15/2018 12:35,SCH - NPX_CSC,325154,330,330,-330
06/15/2018 12:35,SCH - OH - NY,23317,861.16,1700,-1600
06/15/2018 12:35,SCH - PJ - NY,23316,879.06,2050,-1300
06/15/2018 12:35,SCH - PJM_HTP,325905,100,660,-660
06/15/2018 12:35,SCH - PJM_NEPTUNE,325305,660,660,-660
06/15/2018 12:35,SCH - PJM_VFT,325658,291,315,-315
06/15/2018 12:35,SPR/DUN-SOUTH,23320,3388.14,4600,-9999
06/15/2018 12:35,TOTAL EAST,23314,4124.31,6800,-9999
06/15/2018 12:35,UPNY CONED,23315,2668.33,5700,-9999
06/15/2018 12:35,WEST CENTRAL,23312,473.9,9999,-9999
06/15/2018 12:40,CENTRAL EAST - VC,23330,1844.39,2385,-9999
06/15/2018 12:40,DYSINGER EAST,23326,1128.02,3150,-9999
06/15/2018 12:40,MOSES SOUTH,23319,1830.29,3150,-1600
06/15/2018 12:40,SCH - HQ - NY,23324,1500,1500,-1000
06/15/2018 12:40,SCH - HQ_CEDARS,325274,0,70,-40
06/15/2018 12:40,SCH - HQ_IMPORT_EXPORT,325376,1200,1310,-9999
06/15/2018 12:40,SCH - NE - NY,23318,-204.73,1400,-1600
06/15/2018 12:40,SCH - NPX_1385,325277,142,200,-200
06/15/2018 12:40,SCH - NPX_CSC,325154,330,330,-330
06/15/2018 12:40,SCH - OH - NY,23317,861.04,1700,-1600
06/15/2018 12:40,SCH - PJ - NY,23316,879.39,2050,-1300
06/15/2018 12:40,SCH - PJM_HTP,325905,100,660,-660
06/15/2018 12:40,SCH - PJM_NEPTUNE,325305,660,660,-660
06/15/2018 12:40,SCH - PJM_VFT,325658,291,315,-315
06/15/2018 12:40,SPR/DUN-SOUTH,23320,3421.54,4600,-9999
06/15/2018 12:40,TOTAL EAST,23314,4141.66,6800,-9999
06/15/2018 12:40,UPNY CONED,23315,2707.89,5700,-9999
06/15/2018 12:40,WEST CENTRAL,23312,496.74,9999,-9999
06/15/2018 12:45,CENTRAL EAST - VC,23330,1876.04,2385,-9999
06/15/2018 12:45,DYSINGER EAST,23326,1159.63,3150,-9999
06/15/2018 12:45,MOSES SOUTH,23319,1834.05,3150,-1600
06/15/2018 12:45,SCH - HQ - NY,23324,1500,1500,-1000
06/15/2018 12:45,SCH - HQ_CEDARS,325274,0,70,-40
06/15/2018 12:45,SCH - HQ_IMPORT_EXPORT,325376,1200,1310,-9999
06/15/2018 12:45,SCH - NE - NY,23318,-208.62,1400,-1600
06/15/2018 12:45,SCH - NPX_1385,325277,142,200,-200
06/15/2018 12:45,SCH - NPX_CSC,325154,330,330,-330
06/15/2018 12:45,SCH - OH - NY,23317,861.14,1700,-1600
06/15/2018 12:45,SCH - PJ - NY,23316,878.91,2050,-1300
06/15/2018 12:45,SCH - PJM_HTP,325905,100,660,-660
06/15/2018 12:45,SCH - PJM_NEPTUNE,325305,660,660,-660
06/15/2018 12:45,SCH - PJM_VFT,325658,283,315,-315
06/15/2018 12:45,SPR/DUN-SOUTH,23320,3432.36,4600,-9999
06/15/2018 12:45,TOTAL EAST,23314,4142.06,6800,-9999
06/15/2018 12:45,UPNY CONED,23315,2723.74,5700,-9999
06/15/2018 12:45,WEST CENTRAL,23312,530.05,9999,-9999
06/15/2018 12:50,CENTRAL EAST - VC,23330,1855.66,2385,-9999
06/15/2018 12:50,DYSINGER EAST,23326,1128.71,3150,-9999
06/15/2018 12:50,MOSES SOUTH,23319,1821.65,3150,-1600
06/15/2018 12:50,SCH - HQ - NY,23324,1500,1500,-1000
06/15/2018 12:50,SCH - HQ_CEDARS,325274,0,70,-40
06/15/2018 12:50,SCH - HQ_IMPORT_EXPORT,325376,1200,1310,-9999
06/15/2018 12:50,SCH - NE - NY,23318,-212.74,1400,-1600
06/15/2018 12:50,SCH - NPX_1385,325277,142,200,-200
06/15/2018 12:50,SCH - NPX_CSC,325154,330,330,-330
06/15/2018 12:50,SCH - OH - NY,23317,860.99,1700,-1600
06/15/2018 12:50,SCH - PJ - NY,23316,880.79,2050,-1300
06/15/2018 12:50,SCH - PJM_HTP,325905,100,660,-660
06/15/2018 12:50,SCH - PJM_NEPTUNE,325305,660,660,-660
06/15/2018 12:50,SCH - PJM_VFT,325658,275,315,-315
06/15/2018 12:50,SPR/DUN-SOUTH,23320,3434.63,4600,-9999
06/15/2018 12:50,TOTAL EAST,23314,4122.33,6800,-9999
06/15/2018 12:50,UPNY CONED,23315,2686.28,5700,-9999
06/15/2018 12:50,WEST CENTRAL,23312,498.49,9999,-9999
06/15/2018 12:55,CENTRAL EAST - VC,23330,1811.2,2385,-9999
06/15/2018 12:55,DYSINGER EAST,23326,1051.31,3150,-9999
06/15/2018 12:55,MOSES SOUTH,23319,1814.3,3150,-1600
06/15/2018 12:55,SCH - HQ - NY,23324,1500,1500,-1000
06/15/2018 12:55,SCH - HQ_CEDARS,325274,0,70,-40
06/15/2018 12:55,SCH - HQ_IMPORT_EXPORT,325376,1200,1310,-9999
06/15/2018 12:55,SCH - NE - NY,23318,-212.74,1400,-1600
06/15/2018 12:55,SCH - NPX_1385,325277,142,200,-200
06/15/2018 12:55,SCH - NPX_CSC,325154,330,330,-330
06/15/2018 12:55,SCH - OH - NY,23317,860.9,1700,-1600
06/15/2018 12:55,SCH - PJ - NY,23316,882.57,2050,-1300
06/15/2018 12:55,SCH - PJM_HTP,325905,100,660,-660
06/15/2018 12:55,SCH - PJM_NEPTUNE,325305,660,660,-660
06/15/2018 12:55,SCH - PJM_VFT,325658,275,315,-315
06/15/2018 12:55,SPR/DUN-SOUTH,23320,3419.1,4600,-9999
06/15/2018 12:55,TOTAL EAST,23314,4090.68,6800,-9999
06/15/2018 12:55,UPNY CONED,23315,2653.63,5700,-9999
06/15/2018 12:55,WEST CENTRAL,23312,419.9,9999,-9999
06/15/2018 13:00,CENTRAL EAST - VC,23330,1810.94,2385,-9999
06/15/2018 13:00,DYSINGER EAST,23326,1065.93,3150,-9999
06/15/2018 13:00,MOSES SOUTH,23319,1847.29,3150,-1600
06/15/2018 13:00,SCH - HQ - NY,23324,1500,1500,-1000
06/15/2018 13:00,SCH - HQ_CEDARS,325274,35,70,-40
06/15/2018 13:00,SCH - HQ_IMPORT_EXPORT,325376,1200,1310,-9999
06/15/2018 13:00,SCH - NE - NY,23318,-208.74,1400,-1600
06/15/2018 13:00,SCH - NPX_1385,325277,142,200,-200
06/15/2018 13:00,SCH - NPX_CSC,325154,330,330,-330
06/15/2018 13:00,SCH - OH - NY,23317,891.75,1700,-1600
06/15/2018 13:00,SCH - PJ - NY,23316,800.99,2050,-1300
06/15/2018 13:00,SCH - PJM_HTP,325905,175,660,-660
06/15/2018 13:00,SCH - PJM_NEPTUNE,325305,660,660,-660
06/15/2018 13:00,SCH - PJM_VFT,325658,295,315,-315
06/15/2018 13:00,SPR/DUN-SOUTH,23320,3400.25,4600,-9999
06/15/2018 13:00,TOTAL EAST,23314,4135.79,6800,-9999
06/15/2018 13:00,UPNY CONED,23315,2711.55,5700,-9999
06/15/2018 13:00,WEST CENTRAL,23312,439.23,9999,-9999
06/15/2018 13:05,CENTRAL EAST - VC,23330,1826.66,2385,-9999
06/15/2018 13:05,DYSINGER EAST,23326,1061.32,3150,-9999
06/15/2018 13:05,MOSES SOUTH,23319,1879.17,3150,-1600
06/15/2018 13:05,SCH - HQ - NY,23324,1500,1500,-1000
06/15/2018 13:05,SCH - HQ_CEDARS,325274,70,70,-40
06/15/2018 13:05,SCH - HQ_IMPORT_EXPORT,325376,1200,1310,-9999
06/15/2018 13:05,SCH - NE - NY,23318,-204.74,1400,-1600
06/15/2018 13:05,SCH - NPX_1385,325277,143,200,-200
06/15/2018 13:05,SCH - NPX_CSC,325154,330,330,-330
06/15/2018 13:05,SCH - OH - NY,23317,922.63,1700,-1600
06/15/2018 13:05,SCH - PJ - NY,23316,722.43,2050,-1300
06/15/2018 13:05,SCH - PJM_HTP,325905,250,660,-660
06/15/2018 13:05,SCH - PJM_NEPTUNE,325305,660,660,-660
06/15/2018 13:05,SCH - PJM_VFT,325658,315,315,-315
06/15/2018 13:05,SPR/DUN-SOUTH,23320,3333.04,4600,-9999
06/15/2018 13:05,TOTAL EAST,23314,4067.89,6800,-9999
06/15/2018 13:05,UPNY CONED,23315,2676.07,5700,-9999
06/15/2018 13:05,WEST CENTRAL,23312,430.7,9999,-9999
06/15/2018 13:10,CENTRAL EAST - VC,23330,1815.94,2385,-9999
06/15/2018 13:10,DYSINGER EAST,23326,1002.44,3150,-9999
06/15/2018 13:10,MOSES SOUTH,23319,1919.57,3150,-1600
06/15/2018 13:10,SCH - HQ - NY,23324,1500,1500,-1000
06/15/2018 13:10,SCH - HQ_CEDARS,325274,70,70,-40
06/15/2018 13:10,SCH - HQ_IMPORT_EXPORT,325376,1200,1310,-9999
06/15/2018 13:10,SCH - NE - NY,23318,-204.74,1400,-1600
06/15/2018 13:10,SCH - NPX_1385,325277,143,200,-200
06/15/2018 13:10,SCH - NPX_CSC,325154,330,330,-330
06/15/2018 13:10,SCH - OH - NY,23317,922.73,1700,-1600
06/15/2018 13:10,SCH - PJ - NY,23316,723.4,2050,-1300
06/15/2018 13:10,SCH - PJM_HTP,325905,250,660,-660
06/15/2018 13:10,SCH - PJM_NEPTUNE,325305,660,660,-660
06/15/2018 13:10,SCH - PJM_VFT,325658,315,315,-315
06/15/2018 13:10,SPR/DUN-SOUTH,23320,3331.21,4600,-9999
06/15/2018 13:10,TOTAL EAST,23314,4089.66,6800,-9999
06/15/2018 13:10,UPNY CONED,23315,2702.14,5700,-9999
06/15/2018 13:10,WEST CENTRAL,23312,369.33,9999,-9999
06/15/2018 13:15,CENTRAL EAST - VC,23330,1833.75,2385,-9999
06/15/2018 13:15,DYSINGER EAST,23326,916.94,3150,-9999
06/15/2018 13:15,MOSES SOUTH,23319,1995.86,3150,-1600
06/15/2018 13:15,SCH - HQ - NY,23324,1500,1500,-1000
06/15/2018 13:15,SCH - HQ_CEDARS,325274,70,70,-40
06/15/2018 13:15,SCH - HQ_IMPORT_EXPORT,325376,1200,1310,-9999
06/15/2018 13:15,SCH - NE - NY,23318,-184.69,1400,-1600
06/15/2018 13:15,SCH - NPX_1385,325277,143,200,-200
06/15/2018 13:15,SCH - NPX_CSC,325154,330,330,-330
06/15/2018 13:15,SCH - OH - NY,23317,922.84,1700,-1600
06/15/2018 13:15,SCH - PJ - NY,23316,694.58,2050,-1300
06/15/2018 13:15,SCH - PJM_HTP,325905,250,660,-660
06/15/2018 13:15,SCH - PJM_NEPTUNE,325305,660,660,-660
06/15/2018 13:15,SCH - PJM_VFT,325658,295,315,-315
06/15/2018 13:15,SPR/DUN-SOUTH,23320,3286.91,4600,-9999
06/15/2018 13:15,TOTAL EAST,23314,4002,6800,-9999
06/15/2018 13:15,UPNY CONED,23315,2675.16,5700,-9999
06/15/2018 13:15,WEST CENTRAL,23312,283.46,9999,-9999
06/15/2018 13:20,CENTRAL EAST - VC,23330,1860.48,2385,-9999
06/15/2018 13:20,DYSINGER EAST,23326,937.99,3150,-9999
06/15/2018 13:20,MOSES SOUTH,23319,1995.11,3150,-1600
06/15/2018 13:20,SCH - HQ - NY,23324,1500,1500,-1000
06/15/2018 13:20,SCH - HQ_CEDARS,325274,70,70,-40
06/15/2018 13:20,SCH - HQ_IMPORT_EXPORT,325376,1200,1310,-9999
06/15/2018 13:20,SCH - NE - NY,23318,-165.68,1400,-1600
06/15/2018 13:20,SCH - NPX_1385,325277,143,200,-200
06/15/2018 13:20,SCH - NPX_CSC,325154,330,330,-330
06/15/2018 13:20,SCH - OH - NY,23317,922.78,1700,-1600
06/15/2018 13:20,SCH - PJ - NY,23316,667.54,2050,-1300
06/15/2018 13:20,SCH - PJM_HTP,325905,250,660,-660
06/15/2018 13:20,SCH - PJM_NEPTUNE,325305,660,660,-660
06/15/2018 13:20,SCH - PJM_VFT,325658,275,315,-315
06/15/2018 13:20,SPR/DUN-SOUTH,23320,3301.05,4600,-9999
06/15/2018 13:20,TOTAL EAST,23314,4011.95,6800,-9999
06/15/2018 13:20,UPNY CONED,23315,2719.53,5700,-9999
06/15/2018 13:20,WEST CENTRAL,23312,302.49,9999,-9999
06/15/2018 13:25,CENTRAL EAST - VC,23330,1851.27,2385,-9999
06/15/2018 13:25,DYSINGER EAST,23326,964.36,3150,-9999
06/15/2018 13:25,MOSES SOUTH,23319,2022.18,3150,-1600
06/15/2018 13:25,SCH - HQ - NY,23324,1500,1500,-1000
06/15/2018 13:25,SCH - HQ_CEDARS,325274,70,70,-40
06/15/2018 13:25,SCH - HQ_IMPORT_EXPORT,325376,1200,1310,-9999
06/15/2018 13:25,SCH - NE - NY,23318,-165.66,1400,-1600
06/15/2018 13:25,SCH - NPX_1385,325277,143,200,-200
06/15/2018 13:25,SCH - NPX_CSC,325154,330,330,-330
06/15/2018 13:25,SCH - OH - NY,23317,922.88,1700,-1600
06/15/2018 13:25,SCH - PJ - NY,23316,668.92,2050,-1300
06/15/2018 13:25,SCH - PJM_HTP,325905,250,660,-660
06/15/2018 13:25,SCH - PJM_NEPTUNE,325305,660,660,-660
06/15/2018 13:25,SCH - PJM_VFT,325658,275,315,-315
06/15/2018 13:25,SPR/DUN-SOUTH,23320,3290.89,4600,-9999
06/15/2018 13:25,TOTAL EAST,23314,4013.44,6800,-9999
06/15/2018 13:25,UPNY CONED,23315,2706.03,5700,-9999
06/15/2018 13:25,WEST CENTRAL,23312,325.71,9999,-9999
06/15/2018 13:30,CENTRAL EAST - VC,23330,1834.48,2385,-9999
06/15/2018 13:30,DYSINGER EAST,23326,918.72,3150,-9999
06/15/2018 13:30,MOSES SOUTH,23319,2032.06,3150,-1600
06/15/2018 13:30,SCH - HQ - NY,23324,1500,1500,-1000
06/15/2018 13:30,SCH - HQ_CEDARS,325274,70,70,-40
06/15/2018 13:30,SCH - HQ_IMPORT_EXPORT,325376,1200,1310,-9999
06/15/2018 13:30,SCH - NE - NY,23318,-104.57,1400,-1600
06/15/2018 13:30,SCH - NPX_1385,325277,143,200,-200
06/15/2018 13:30,SCH - NPX_CSC,325154,330,330,-330
06/15/2018 13:30,SCH - OH - NY,23317,922.82,1700,-1600
06/15/2018 13:30,SCH - PJ - NY,23316,619.67,2050,-1300
06/15/2018 13:30,SCH - PJM_HTP,325905,250,660,-660
06/15/2018 13:30,SCH - PJM_NEPTUNE,325305,660,660,-660
06/15/2018 13:30,SCH - PJM_VFT,325658,275,315,-315
06/15/2018 13:30,SPR/DUN-SOUTH,23320,3287.78,4600,-9999
06/15/2018 13:30,TOTAL EAST,23314,3939.2,6800,-9999
06/15/2018 13:30,UPNY CONED,23315,2698.43,5700,-9999
06/15/2018 13:30,WEST CENTRAL,23312,277.16,9999,-9999
06/15/2018 13:35,CENTRAL EAST - VC,23330,1805.74,2385,-9999
06/15/2018 13:35,DYSINGER EAST,23326,906.95,3150,-9999
06/15/2018 13:35,MOSES SOUTH,23319,2031.29,3150,-1600
06/15/2018 13:35,SCH - HQ - NY,23324,1500,1500,-1000
06/15/2018 13:35,SCH - HQ_CEDARS,325274,70,70,-40
06/15/2018 13:35,SCH - HQ_IMPORT_EXPORT,325376,1200,1310,-9999
06/15/2018 13:35,SCH - NE - NY,23318,-44.52,1400,-1600
06/15/2018 13:35,SCH - NPX_1385,325277,143,200,-200
06/15/2018 13:35,SCH - NPX_CSC,325154,330,330,-330
06/15/2018 13:35,SCH - OH - NY,23317,922.86,1700,-1600
06/15/2018 13:35,SCH - PJ - NY,23316,575.45,2050,-1300
06/15/2018 13:35,SCH - PJM_HTP,325905,250,660,-660
06/15/2018 13:35,SCH - PJM_NEPTUNE,325305,660,660,-660
06/15/2018 13:35,SCH - PJM_VFT,325658,275,315,-315
06/15/2018 13:35,SPR/DUN-SOUTH,23320,3303.26,4600,-9999
06/15/2018 13:35,TOTAL EAST,23314,3896.72,6800,-9999
06/15/2018 13:35,UPNY CONED,23315,2717.65,5700,-9999
06/15/2018 13:35,WEST CENTRAL,23312,266.27,9999,-9999
06/15/2018 13:40,CENTRAL EAST - VC,23330,1801.88,2385,-9999
06/15/2018 13:40,DYSINGER EAST,23326,898.06,3150,-9999
06/15/2018 13:40,MOSES SOUTH,23319,2027.63,3150,-1600
06/15/2018 13:40,SCH - HQ - NY,23324,1500,1500,-1000
06/15/2018 13:40,SCH - HQ_CEDARS,325274,70,70,-40
06/15/2018 13:40,SCH - HQ_IMPORT_EXPORT,325376,1200,1310,-9999
06/15/2018 13:40,SCH - NE - NY,23318,-44.51,1400,-1600
06/15/2018 13:40,SCH - NPX_1385,325277,143,200,-200
06/15/2018 13:40,SCH - NPX_CSC,325154,330,330,-330
06/15/2018 13:40,SCH - OH - NY,23317,922.8,1700,-1600
06/15/2018 13:40,SCH - PJ - NY,23316,574.39,2050,-1300
06/15/2018 13:40,SCH - PJM_HTP,325905,250,660,-660
06/15/2018 13:40,SCH - PJM_NEPTUNE,325305,660,660,-660
06/15/2018 13:40,SCH - PJM_VFT,325658,275,315,-315
06/15/2018 13:40,SPR/DUN-SOUTH,23320,3302.34,4600,-9999
06/15/2018 13:40,TOTAL EAST,23314,3898.77,6800,-9999
06/15/2018 13:40,UPNY CONED,23315,2722.69,5700,-9999
06/15/2018 13:40,WEST CENTRAL,23312,256.59,9999,-9999
06/15/2018 13:45,CENTRAL EAST - VC,23330,1831.19,2385,-9999
06/15/2018 13:45,DYSINGER EAST,23326,955.34,3150,-9999
06/15/2018 13:45,MOSES SOUTH,23319,2016.79,3150,-1600
06/15/2018 13:45,SCH - HQ - NY,23324,1500,1500,-1000
06/15/2018 13:45,SCH - HQ_CEDARS,325274,70,70,-40
06/15/2018 13:45,SCH - HQ_IMPORT_EXPORT,325376,1200,1310,-9999
06/15/2018 13:45,SCH - NE - NY,23318,-24.49,1400,-1600
06/15/2018 13:45,SCH - NPX_1385,325277,143,200,-200
06/15/2018 13:45,SCH - NPX_CSC,325154,330,330,-330
06/15/2018 13:45,SCH - OH - NY,23317,922.81,1700,-1600
06/15/2018 13:45,SCH - PJ - NY,23316,573.8,2050,-1300
06/15/2018 13:45,SCH - PJM_HTP,325905,250,660,-660
06/15/2018 13:45,SCH - PJM_NEPTUNE,325305,660,660,-660
06/15/2018 13:45,SCH - PJM_VFT,325658,275,315,-315
06/15/2018 13:45,SPR/DUN-SOUTH,23320,3350.71,4600,-9999
06/15/2018 13:45,TOTAL EAST,23314,3909.58,6800,-9999
06/15/2018 13:45,UPNY CONED,23315,2763.88,5700,-9999
06/15/2018 13:45,WEST CENTRAL,23312,313.52,9999,-9999
06/15/2018 13:50,CENTRAL EAST - VC,23330,1806.54,2385,-9999
06/15/2018 13:50,DYSINGER EAST,23326,947.26,3150,-9999
06/15/2018 13:50,MOSES SOUTH,23319,2024,3150,-1600
06/15/2018 13:50,SCH - HQ - NY,23324,1500,1500,-1000
06/15/2018 13:50,SCH - HQ_CEDARS,325274,70,70,-40
06/15/2018 13:50,SCH - HQ_IMPORT_EXPORT,325376,1200,1310,-9999
06/15/2018 13:50,SCH - NE - NY,23318,-5.48,1400,-1600
06/15/2018 13:50,SCH - NPX_1385,325277,143,200,-200
06/15/2018 13:50,SCH - NPX_CSC,325154,330,330,-330
06/15/2018 13:50,SCH - OH - NY,23317,922.81,1700,-1600
06/15/2018 13:50,SCH - PJ - NY,23316,572.82,2050,-1300
06/15/2018 13:50,SCH - PJM_HTP,325905,250,660,-660
06/15/2018 13:50,SCH - PJM_NEPTUNE,325305,660,660,-660
06/15/2018 13:50,SCH - PJM_VFT,325658,275,315,-315
06/15/2018 13:50,SPR/DUN-SOUTH,23320,3394.54,4600,-9999
06/15/2018 13:50,TOTAL EAST,23314,3903.85,6800,-9999
06/15/2018 13:50,UPNY CONED,23315,2754.99,5700,-9999
06/15/2018 13:50,WEST CENTRAL,23312,305.34,9999,-9999
06/15/2018 13:55,CENTRAL EAST - VC,23330,1815.68,2385,-9999
06/15/2018 13:55,DYSINGER EAST,23326,925.82,3150,-9999
06/15/2018 13:55,MOSES SOUTH,23319,2020.27,3150,-1600
06/15/2018 13:55,SCH - HQ - NY,23324,1500,1500,-1000
06/15/2018 13:55,SCH - HQ_CEDARS,325274,70,70,-40
06/15/2018 13:55,SCH - HQ_IMPORT_EXPORT,325376,1200,1310,-9999
06/15/2018 13:55,SCH - NE - NY,23318,-5.48,1400,-1600
06/15/2018 13:55,SCH - NPX_1385,325277,143,200,-200
06/15/2018 13:55,SCH - NPX_CSC,325154,330,330,-330
06/15/2018 13:55,SCH - OH - NY,23317,922.8,1700,-1600
06/15/2018 13:55,SCH - PJ - NY,23316,570.03,2050,-1300
06/15/2018 13:55,SCH - PJM_HTP,325905,250,660,-660
06/15/2018 13:55,SCH - PJM_NEPTUNE,325305,660,660,-660
06/15/2018 13:55,SCH - PJM_VFT,325658,275,315,-315
06/15/2018 13:55,SPR/DUN-SOUTH,23320,3392.66,4600,-9999
06/15/2018 13:55,TOTAL EAST,23314,3897.95,6800,-9999
06/15/2018 13:55,UPNY CONED,23315,2737.89,5700,-9999
06/15/2018 13:55,WEST CENTRAL,23312,282.13,9999,-9999
06/15/2018 14:00,CENTRAL EAST - VC,23330,1731,2385,-9999
06/15/2018 14:00,DYSINGER EAST,23326,846.96,3150,-9999
06/15/2018 14:00,MOSES SOUTH,23319,1988,3150,-1600
06/15/2018 14:00,SCH - HQ - NY,23324,1500,1500,-1000
06/15/2018 14:00,SCH - HQ_CEDARS,325274,35,70,-40
06/15/2018 14:00,SCH - HQ_IMPORT_EXPORT,325376,1200,1310,-9999
06/15/2018 14:00,SCH - NE - NY,23318,9.52,1400,-1600
06/15/2018 14:00,SCH - NPX_1385,325277,134,200,-200
06/15/2018 14:00,SCH - NPX_CSC,325154,330,330,-330
06/15/2018 14:00,SCH - OH - NY,23317,840.03,1700,-1600
06/15/2018 14:00,SCH - PJ - NY,23316,623.03,2050,-1300
06/15/2018 14:00,SCH - PJM_HTP,325905,250,660,-660
06/15/2018 14:00,SCH - PJM_NEPTUNE,325305,660,660,-660
06/15/2018 14:00,SCH - PJM_VFT,325658,295,315,-315
06/15/2018 14:00,SPR/DUN-SOUTH,23320,3344.38,4600,-9999
06/15/2018 14:00,TOTAL EAST,23314,3891.59,6800,-9999
06/15/2018 14:00,UPNY CONED,23315,2703.02,5700,-9999
06/15/2018 14:00,WEST CENTRAL,23312,202.14,9999,-9999
06/15/2018 14:05,CENTRAL EAST - VC,23330,1759.48,2385,-9999
06/15/2018 14:05,DYSINGER EAST,23326,910.58,3150,-9999
06/15/2018 14:05,MOSES SOUTH,23319,1945.43,3150,-1600
06/15/2018 14:05,SCH - HQ - NY,23324,1500,1500,-1000
06/15/2018 14:05,SCH - HQ_CEDARS,325274,0,70,-40
06/15/2018 14:05,SCH - HQ_IMPORT_EXPORT,325376,1200,1310,-9999
06/15/2018 14:05,SCH - NE - NY,23318,25.62,1400,-1600
06/15/2018 14:05,SCH - NPX_1385,325277,125,200,-200
06/15/2018 14:05,SCH - NPX_CSC,325154,330,330,-330
06/15/2018 14:05,SCH - OH - NY,23317,758.37,1700,-1600
06/15/2018 14:05,SCH - PJ - NY,23316,674.64,2050,-1300
06/15/2018 14:05,SCH - PJM_HTP,325905,250,660,-660
06/15/2018 14:05,SCH - PJM_NEPTUNE,325305,660,660,-660
06/15/2018 14:05,SCH - PJM_VFT,325658,315,315,-315
06/15/2018 14:05,SPR/DUN-SOUTH,23320,3345.79,4600,-9999
06/15/2018 14:05,TOTAL EAST,23314,3857.8,6800,-9999
06/15/2018 14:05,UPNY CONED,23315,2722.92,5700,-9999
06/15/2018 14:05,WEST CENTRAL,23312,265.82,9999,-9999
06/15/2018 14:10,CENTRAL EAST - VC,23330,1754.56,2385,-9999
06/15/2018 14:10,DYSINGER EAST,23326,895.74,3150,-9999
06/15/2018 14:10,MOSES SOUTH,23319,1951.62,3150,-1600
06/15/2018 14:10,SCH - HQ - NY,23324,1500,1500,-1000
06/15/2018 14:10,SCH - HQ_CEDARS,325274,0,70,-40
06/15/2018 14:10,SCH - HQ_IMPORT_EXPORT,325376,1200,1310,-9999
06/15/2018 14:10,SCH - NE - NY,23318,25.62,1400,-1600
06/15/2018 14:10,SCH - NPX_1385,325277,125,200,-200
06/15/2018 14:10,SCH - NPX_CSC,325154,330,330,-330
06/15/2018 14:10,SCH - OH - NY,23317,758.35,1700,-1600
06/15/2018 14:10,SCH - PJ - NY,23316,675.43,2050,-1300
06/15/2018 14:10,SCH - PJM_HTP,325905,250,660,-660
06/15/2018 14:10,SCH - PJM_NEPTUNE,325305,660,660,-660
06/15/2018 14:10,SCH - PJM_VFT,325658,315,315,-315
06/15/2018 14:10,SPR/DUN-SOUTH,23320,3338.31,4600,-9999
06/15/2018 14:10,TOTAL EAST,23314,3871.3,6800,-9999
06/15/2018 14:10,UPNY CONED,23315,2731.39,5700,-9999
06/15/2018 14:10,WEST CENTRAL,23312,252.02,9999,-9999
06/15/2018 14:15,CENTRAL EAST - VC,23330,1752.5,2385,-9999
06/15/2018 14:15,DYSINGER EAST,23326,876.19,3150,-9999
06/15/2018 14:15,MOSES SOUTH,23319,1972.56,3150,-1600
06/15/2018 14:15,SCH - HQ - NY,23324,1500,1500,-1000
06/15/2018 14:15,SCH - HQ_CEDARS,325274,0,70,-40
06/15/2018 14:15,SCH - HQ_IMPORT_EXPORT,325376,1200,1310,-9999
06/15/2018 14:15,SCH - NE - NY,23318,69.55,1400,-1600
06/15/2018 14:15,SCH - NPX_1385,325277,125,200,-200
06/15/2018 14:15,SCH - NPX_CSC,325154,330,330,-330
06/15/2018 14:15,SCH - OH - NY,23317,758.33,1700,-1600
06/15/2018 14:15,SCH - PJ - NY,23316,600.56,2050,-1300
06/15/2018 14:15,SCH - PJM_HTP,325905,250,660,-660
06/15/2018 14:15,SCH - PJM_NEPTUNE,325305,660,660,-660
06/15/2018 14:15,SCH - PJM_VFT,325658,295,315,-315
06/15/2018 14:15,SPR/DUN-SOUTH,23320,3336.23,4600,-9999
06/15/2018 14:15,TOTAL EAST,23314,3809.95,6800,-9999
06/15/2018 14:15,UPNY CONED,23315,2739.07,5700,-9999
06/15/2018 14:15,WEST CENTRAL,23312,230.46,9999,-9999
06/15/2018 14:20,CENTRAL EAST - VC,23330,1718.26,2385,-9999
06/15/2018 14:20,DYSINGER EAST,23326,842.17,3150,-9999
06/15/2018 14:20,MOSES SOUTH,23319,1982.36,3150,-1600
06/15/2018 14:20,SCH - HQ - NY,23324,1500,1500,-1000
06/15/2018 14:20,SCH - HQ_CEDARS,325274,0,70,-40
06/15/2018 14:20,SCH - HQ_IMPORT_EXPORT,325376,1200,1310,-9999
06/15/2018 14:20,SCH - NE - NY,23318,114.6,1400,-1600
06/15/2018 14:20,SCH - NPX_1385,325277,125,200,-200
06/15/2018 14:20,SCH - NPX_CSC,325154,330,330,-330
06/15/2018 14:20,SCH - OH - NY,23317,758.31,1700,-1600
06/15/2018 14:20,SCH - PJ - NY,23316,523.84,2050,-1300
06/15/2018 14:20,SCH - PJM_HTP,325905,250,660,-660
06/15/2018 14:20,SCH - PJM_NEPTUNE,325305,660,660,-660
06/15/2018 14:20,SCH - PJM_VFT,325658,276,315,-315
06/15/2018 14:20,SPR/DUN-SOUTH,23320,3287.56,4600,-9999
06/15/2018 14:20,TOTAL EAST,23314,3735.43,6800,-9999
06/15/2018 14:20,UPNY CONED,23315,2697.57,5700,-9999
06/15/2018 14:20,WEST CENTRAL,23312,192.95,9999,-9999
06/15/2018 14:25,CENTRAL EAST - VC,23330,1717.16,2385,-9999
06/15/2018 14:25,DYSINGER EAST,23326,834.72,3150,-9999
06/15/2018 14:25,MOSES SOUTH,23319,2003.67,3150,-1600
06/15/2018 14:25,SCH - HQ - NY,23324,1500,1500,-1000
06/15/2018 14:25,SCH - HQ_CEDARS,325274,0,70,-40
06/15/2018 14:25,SCH - HQ_IMPORT_EXPORT,325376,1200,1310,-9999
06/15/2018 14:25,SCH - NE - NY,23318,114.64,1400,-1600
06/15/2018 14:25,SCH - NPX_1385,325277,125,200,-200
06/15/2018 14:25,SCH - NPX_CSC,325154,330,330,-330
06/15/2018 14:25,SCH - OH - NY,23317,758.35,1700,-1600
06/15/2018 14:25,SCH - PJ - NY,23316,526.21,2050,-1300
06/15/2018 14:25,SCH - PJM_HTP,325905,250,660,-660
06/15/2018 14:25,SCH - PJM_NEPTUNE,325305,660,660,-660
06/15/2018 14:25,SCH - PJM_VFT,325658,276,315,-315
06/15/2018 14:25,SPR/DUN-SOUTH,23320,3287.38,4600,-9999
06/15/2018 14:25,TOTAL EAST,23314,3737.26,6800,-9999
06/15/2018 14:25,UPNY CONED,23315,2694.53,5700,-9999
06/15/2018 14:25,WEST CENTRAL,23312,185.38,9999,-9999
06/15/2018 14:30,CENTRAL EAST - VC,23330,1716.43,2385,-9999
06/15/2018 14:30,DYSINGER EAST,23326,824.65,3150,-9999
06/15/2018 14:30,MOSES SOUTH,23319,2007.9,3150,-1600
06/15/2018 14:30,SCH - HQ - NY,23324,1500,1500,-1000
06/15/2018 14:30,SCH - HQ_CEDARS,325274,0,70,-40
06/15/2018 14:30,SCH - HQ_IMPORT_EXPORT,325376,1200,1310,-9999
06/15/2018 14:30,SCH - NE - NY,23318,144.63,1400,-1600
06/15/2018 14:30,SCH - NPX_1385,325277,125,200,-200
06/15/2018 14:30,SCH - NPX_CSC,325154,330,330,-330
06/15/2018 14:30,SCH - OH - NY,23317,758.33,1700,-1600
06/15/2018 14:30,SCH - PJ - NY,23316,525.72,2050,-1300
06/15/2018 14:30,SCH - PJM_HTP,325905,250,660,-660
06/15/2018 14:30,SCH - PJM_NEPTUNE,325305,660,660,-660
06/15/2018 14:30,SCH - PJM_VFT,325658,252,315,-315
06/15/2018 14:30,SPR/DUN-SOUTH,23320,3310.74,4600,-9999
06/15/2018 14:30,TOTAL EAST,23314,3734.05,6800,-9999
06/15/2018 14:30,UPNY CONED,23315,2711.33,5700,-9999
06/15/2018 14:30,WEST CENTRAL,23312,177.36,9999,-9999
06/15/2018 14:35,CENTRAL EAST - VC,23330,1747.85,2385,-9999
06/15/2018 14:35,DYSINGER EAST,23326,883.86,3150,-9999
06/15/2018 14:35,MOSES SOUTH,23319,2016.52,3150,-1600
06/15/2018 14:35,SCH - HQ - NY,23324,1500,1500,-1000
06/15/2018 14:35,SCH - HQ_CEDARS,325274,0,70,-40
06/15/2018 14:35,SCH - HQ_IMPORT_EXPORT,325376,1200,1310,-9999
06/15/2018 14:35,SCH - NE - NY,23318,175.65,1400,-1600
06/15/2018 14:35,SCH - NPX_1385,325277,125,200,-200
06/15/2018 14:35,SCH - NPX_CSC,325154,330,330,-330
06/15/2018 14:35,SCH - OH - NY,23317,758.39,1700,-1600
06/15/2018 14:35,SCH - PJ - NY,23316,525.26,2050,-1300
06/15/2018 14:35,SCH - PJM_HTP,325905,250,660,-660
06/15/2018 14:35,SCH - PJM_NEPTUNE,325305,660,660,-660
06/15/2018 14:35,SCH - PJM_VFT,325658,229,315,-315
06/15/2018 14:35,SPR/DUN-SOUTH,23320,3342.96,4600,-9999
06/15/2018 14:35,TOTAL EAST,23314,3729.9,6800,-9999
06/15/2018 14:35,UPNY CONED,23315,2758.56,5700,-9999
06/15/2018 14:35,WEST CENTRAL,23312,237.58,9999,-9999
06/15/2018 14:40,CENTRAL EAST - VC,23330,1754.99,2385,-9999
06/15/2018 14:40,DYSINGER EAST,23326,863.08,3150,-9999
06/15/2018 14:40,MOSES SOUTH,23319,2021.38,3150,-1600
06/15/2018 14:40,SCH - HQ - NY,23324,1500,1500,-1000
06/15/2018 14:40,SCH - HQ_CEDARS,325274,0,70,-40
06/15/2018 14:40,SCH - HQ_IMPORT_EXPORT,325376,1200,1310,-9999
06/15/2018 14:40,SCH - NE - NY,23318,175.65,1400,-1600
06/15/2018 14:40,SCH - NPX_1385,325277,125,200,-200
06/15/2018 14:40,SCH - NPX_CSC,325154,330,330,-330
06/15/2018 14:40,SCH - OH - NY,23317,758.36,1700,-1600
06/15/2018 14:40,SCH - PJ - NY,23316,525.11,2050,-1300
06/15/2018 14:40,SCH - PJM_HTP,325905,250,660,-660
06/15/2018 14:40,SCH - PJM_NEPTUNE,325305,660,660,-660
06/15/2018 14:40,SCH - PJM_VFT,325658,229,315,-315
06/15/2018 14:40,SPR/DUN-SOUTH,23320,3338.21,4600,-9999
06/15/2018 14:40,TOTAL EAST,23314,3747.07,6800,-9999
06/15/2018 14:40,UPNY CONED,23315,2771.9,5700,-9999
06/15/2018 14:40,WEST CENTRAL,23312,214.96,9999,-9999
06/15/2018 14:45,CENTRAL EAST - VC,23330,1746.76,2385,-9999
06/15/2018 14:45,DYSINGER EAST,23326,874.31,3150,-9999
06/15/2018 14:45,MOSES SOUTH,23319,2039.46,3150,-1600
06/15/2018 14:45,SCH - HQ - NY,23324,1500,1500,-1000
06/15/2018 14:45,SCH - HQ_CEDARS,325274,0,70,-40
06/15/2018 14:45,SCH - HQ_IMPORT_EXPORT,325376,1200,1310,-9999
06/15/2018 14:45,SCH - NE - NY,23318,175.66,1400,-1600
06/15/2018 14:45,SCH - NPX_1385,325277,125,200,-200
06/15/2018 14:45,SCH - NPX_CSC,325154,330,330,-330
06/15/2018 14:45,SCH - OH - NY,23317,758.42,1700,-1600
06/15/2018 14:45,SCH - PJ - NY,23316,524.29,2050,-1300
06/15/2018 14:45,SCH - PJM_HTP,325905,250,660,-660
06/15/2018 14:45,SCH - PJM_NEPTUNE,325305,660,660,-660
06/15/2018 14:45,SCH - PJM_VFT,325658,166,315,-315
06/15/2018 14:45,SPR/DUN-SOUTH,23320,3289.44,4600,-9999
06/15/2018 14:45,TOTAL EAST,23314,3732.11,6800,-9999
06/15/2018 14:45,UPNY CONED,23315,2739.07,5700,-9999
06/15/2018 14:45,WEST CENTRAL,23312,218.82,9999,-9999
06/15/2018 14:50,CENTRAL EAST - VC,23330,1760.27,2385,-9999
06/15/2018 14:50,DYSINGER EAST,23326,850.69,3150,-9999
06/15/2018 14:50,MOSES SOUTH,23319,2051.73,3150,-1600
06/15/2018 14:50,SCH - HQ - NY,23324,1500,1500,-1000
06/15/2018 14:50,SCH - HQ_CEDARS,325274,0,70,-40
06/15/2018 14:50,SCH - HQ_IMPORT_EXPORT,325376,1200,1310,-9999
06/15/2018 14:50,SCH - NE - NY,23318,175.64,1400,-1600
06/15/2018 14:50,SCH - NPX_1385,325277,125,200,-200
06/15/2018 14:50,SCH - NPX_CSC,325154,330,330,-330
06/15/2018 14:50,SCH - OH - NY,23317,758.37,1700,-1600
06/15/2018 14:50,SCH - PJ - NY,23316,524.87,2050,-1300
06/15/2018 14:50,SCH - PJM_HTP,325905,250,660,-660
06/15/2018 14:50,SCH - PJM_NEPTUNE,325305,660,660,-660
06/15/2018 14:50,SCH - PJM_VFT,325658,103,315,-315
06/15/2018 14:50,SPR/DUN-SOUTH,23320,3275.82,4600,-9999
06/15/2018 14:50,TOTAL EAST,23314,3736.77,6800,-9999
06/15/2018 14:50,UPNY CONED,23315,2725.05,5700,-9999
06/15/2018 14:50,WEST CENTRAL,23312,196.31,9999,-9999
06/15/2018 14:55,CENTRAL EAST - VC,23330,1739.99,2385,-9999
06/15/2018 14:55,DYSINGER EAST,23326,865,3150,-9999
06/15/2018 14:55,MOSES SOUTH,23319,2046,3150,-1600
06/15/2018 14:55,SCH - HQ - NY,23324,1500,1500,-1000
06/15/2018 14:55,SCH - HQ_CEDARS,325274,0,70,-40
06/15/2018 14:55,SCH - HQ_IMPORT_EXPORT,325376,1200,1310,-9999
06/15/2018 14:55,SCH - NE - NY,23318,175.66,1400,-1600
06/15/2018 14:55,SCH - NPX_1385,325277,125,200,-200
06/15/2018 14:55,SCH - NPX_CSC,325154,330,330,-330
06/15/2018 14:55,SCH - OH - NY,23317,758.43,1700,-1600
06/15/2018 14:55,SCH - PJ - NY,23316,524.49,2050,-1300
06/15/2018 14:55,SCH - PJM_HTP,325905,250,660,-660
06/15/2018 14:55,SCH - PJM_NEPTUNE,325305,660,660,-660
06/15/2018 14:55,SCH - PJM_VFT,325658,103,315,-315
06/15/2018 14:55,SPR/DUN-SOUTH,23320,3292.91,4600,-9999
06/15/2018 14:55,TOTAL EAST,23314,3728.84,6800,-9999
06/15/2018 14:55,UPNY CONED,23315,2685.52,5700,-9999
06/15/2018 14:55,WEST CENTRAL,23312,209.37,9999,-9999
06/15/2018 15:00,CENTRAL EAST - VC,23330,1733.44,2410,-9999
06/15/2018 15:00,DYSINGER EAST,23326,882.94,3150,-9999
06/15/2018 15:00,MOSES SOUTH,23319,2068.46,3150,-1600
06/15/2018 15:00,SCH - HQ - NY,23324,1500,1500,-1000
06/15/2018 15:00,SCH - HQ_CEDARS,325274,35,70,-40
06/15/2018 15:00,SCH - HQ_IMPORT_EXPORT,325376,1200,1310,-9999
06/15/2018 15:00,SCH - NE - NY,23318,264.74,1400,-1600
06/15/2018 15:00,SCH - NPX_1385,325277,125,200,-200
06/15/2018 15:00,SCH - NPX_CSC,325154,330,330,-330
06/15/2018 15:00,SCH - OH - NY,23317,825.24,1700,-1600
06/15/2018 15:00,SCH - PJ - NY,23316,310.47,2050,-1300
06/15/2018 15:00,SCH - PJM_HTP,325905,250,660,-660
06/15/2018 15:00,SCH - PJM_NEPTUNE,325305,643,660,-660
06/15/2018 15:00,SCH - PJM_VFT,325658,116,315,-315
06/15/2018 15:00,SPR/DUN-SOUTH,23320,3508.49,4600,-9999
06/15/2018 15:00,TOTAL EAST,23314,3598.43,6800,-9999
06/15/2018 15:00,UPNY CONED,23315,2855.36,5700,-9999
06/15/2018 15:00,WEST CENTRAL,23312,228.35,9999,-9999
06/15/2018 15:05,CENTRAL EAST - VC,23330,1691.25,2410,-9999
06/15/2018 15:05,DYSINGER EAST,23326,853.9,3150,-9999
06/15/2018 15:05,MOSES SOUTH,23319,2094.78,3150,-1600
06/15/2018 15:05,SCH - HQ - NY,23324,1500,1500,-1000
06/15/2018 15:05,SCH - HQ_CEDARS,325274,70,70,-40
06/15/2018 15:05,SCH - HQ_IMPORT_EXPORT,325376,1200,1310,-9999
06/15/2018 15:05,SCH - NE - NY,23318,353.76,1400,-1600
06/15/2018 15:05,SCH - NPX_1385,325277,125,200,-200
06/15/2018 15:05,SCH - NPX_CSC,325154,330,330,-330
06/15/2018 15:05,SCH - OH - NY,23317,892.91,1700,-1600
06/15/2018 15:05,SCH - PJ - NY,23316,95.48,2050,-1300
06/15/2018 15:05,SCH - PJM_HTP,325905,250,660,-660
06/15/2018 15:05,SCH - PJM_NEPTUNE,325305,626,660,-660
06/15/2018 15:05,SCH - PJM_VFT,325658,129,315,-315
06/15/2018 15:05,SPR/DUN-SOUTH,23320,3496.2,4600,-9999
06/15/2018 15:05,TOTAL EAST,23314,3500.02,6800,-9999
06/15/2018 15:05,UPNY CONED,23315,2856.5,5700,-9999
06/15/2018 15:05,WEST CENTRAL,23312,197.99,9999,-9999
06/15/2018 15:10,CENTRAL EAST - VC,23330,1620.76,2410,-9999
06/15/2018 15:10,DYSINGER EAST,23326,790.25,3150,-9999
06/15/2018 15:10,MOSES SOUTH,23319,2077.99,3150,-1600
06/15/2018 15:10,SCH - HQ - NY,23324,1500,1500,-1000
06/15/2018 15:10,SCH - HQ_CEDARS,325274,70,70,-40
06/15/2018 15:10,SCH - HQ_IMPORT_EXPORT,325376,1200,1310,-9999
06/15/2018 15:10,SCH - NE - NY,23318,353.8,1400,-1600
06/15/2018 15:10,SCH - NPX_1385,325277,125,200,-200
06/15/2018 15:10,SCH - NPX_CSC,325154,330,330,-330
06/15/2018 15:10,SCH - OH - NY,23317,892.87,1700,-1600
06/15/2018 15:10,SCH - PJ - NY,23316,94.57,2050,-1300
06/15/2018 15:10,SCH - PJM_HTP,325905,250,660,-660
06/15/2018 15:10,SCH - PJM_NEPTUNE,325305,626,660,-660
06/15/2018 15:10,SCH - PJM_VFT,325658,129,315,-315
06/15/2018 15:10,SPR/DUN-SOUTH,23320,3436.86,4600,-9999
06/15/2018 15:10,TOTAL EAST,23314,3493.62,6800,-9999
06/15/2018 15:10,UPNY CONED,23315,2812.68,5700,-9999
06/15/2018 15:10,WEST CENTRAL,23312,131.72,9999,-9999
06/15/2018 15:15,CENTRAL EAST - VC,23330,1665.63,2410,-9999
06/15/2018 15:15,DYSINGER EAST,23326,791.63,3150,-9999
06/15/2018 15:15,MOSES SOUTH,23319,2076.7,3150,-1600
06/15/2018 15:15,SCH - HQ - NY,23324,1500,1500,-1000
06/15/2018 15:15,SCH - HQ_CEDARS,325274,70,70,-40
06/15/2018 15:15,SCH - HQ_IMPORT_EXPORT,325376,1200,1310,-9999
06/15/2018 15:15,SCH - NE - NY,23318,344.7,1400,-1600
06/15/2018 15:15,SCH - NPX_1385,325277,125,200,-200
06/15/2018 15:15,SCH - NPX_CSC,325154,330,330,-330
06/15/2018 15:15,SCH - OH - NY,23317,892.78,1700,-1600
06/15/2018 15:15,SCH - PJ - NY,23316,98.18,2050,-1300
06/15/2018 15:15,SCH - PJM_HTP,325905,250,660,-660
06/15/2018 15:15,SCH - PJM_NEPTUNE,325305,626,660,-660
06/15/2018 15:15,SCH - PJM_VFT,325658,64,315,-315
06/15/2018 15:15,SPR/DUN-SOUTH,23320,3443.76,4600,-9999
06/15/2018 15:15,TOTAL EAST,23314,3520.99,6800,-9999
06/15/2018 15:15,UPNY CONED,23315,2848.26,5700,-9999
06/15/2018 15:15,WEST CENTRAL,23312,131.59,9999,-9999
06/15/2018 15:20,CENTRAL EAST - VC,23330,1716.62,2410,-9999
06/15/2018 15:20,DYSINGER EAST,23326,861.78,3150,-9999
06/15/2018 15:20,MOSES SOUTH,23319,2063.62,3150,-1600
06/15/2018 15:20,SCH - HQ - NY,23324,1500,1500,-1000
06/15/2018 15:20,SCH - HQ_CEDARS,325274,70,70,-40
06/15/2018 15:20,SCH - HQ_IMPORT_EXPORT,325376,1200,1310,-9999
06/15/2018 15:20,SCH - NE - NY,23318,335.64,1400,-1600
06/15/2018 15:20,SCH - NPX_1385,325277,125,200,-200
06/15/2018 15:20,SCH - NPX_CSC,325154,330,330,-330
06/15/2018 15:20,SCH - OH - NY,23317,892.88,1700,-1600
06/15/2018 15:20,SCH - PJ - NY,23316,96.2,2050,-1300
06/15/2018 15:20,SCH - PJM_HTP,325905,250,660,-660
06/15/2018 15:20,SCH - PJM_NEPTUNE,325305,626,660,-660
06/15/2018 15:20,SCH - PJM_VFT,325658,0,315,-315
06/15/2018 15:20,SPR/DUN-SOUTH,23320,3404.34,4600,-9999
06/15/2018 15:20,TOTAL EAST,23314,3493.22,6800,-9999
06/15/2018 15:20,UPNY CONED,23315,2834.54,5700,-9999
06/15/2018 15:20,WEST CENTRAL,23312,196.78,9999,-9999
06/15/2018 15:25,CENTRAL EAST - VC,23330,1752.27,2410,-9999
06/15/2018 15:25,DYSINGER EAST,23326,902.5,3150,-9999
06/15/2018 15:25,MOSES SOUTH,23319,2093.67,3150,-1600
06/15/2018 15:25,SCH - HQ - NY,23324,1500,1500,-1000
06/15/2018 15:25,SCH - HQ_CEDARS,325274,70,70,-40
06/15/2018 15:25,SCH - HQ_IMPORT_EXPORT,325376,1200,1310,-9999
06/15/2018 15:25,SCH - NE - NY,23318,335.6,1400,-1600
06/15/2018 15:25,SCH - NPX_1385,325277,125,200,-200
06/15/2018 15:25,SCH - NPX_CSC,325154,330,330,-330
06/15/2018 15:25,SCH - OH - NY,23317,892.99,1700,-1600
06/15/2018 15:25,SCH - PJ - NY,23316,98.67,2050,-1300
06/15/2018 15:25,SCH - PJM_HTP,325905,250,660,-660
06/15/2018 15:25,SCH - PJM_NEPTUNE,325305,626,660,-660
06/15/2018 15:25,SCH - PJM_VFT,325658,0,315,-315
06/15/2018 15:25,SPR/DUN-SOUTH,23320,3387.33,4600,-9999
06/15/2018 15:25,TOTAL EAST,23314,3488.09,6800,-9999
06/15/2018 15:25,UPNY CONED,23315,2822.22,5700,-9999
06/15/2018 15:25,WEST CENTRAL,23312,237.42,9999,-9999
06/15/2018 15:30,CENTRAL EAST - VC,23330,1768.01,2410,-9999
06/15/2018 15:30,DYSINGER EAST,23326,935.71,3150,-9999
06/15/2018 15:30,MOSES SOUTH,23319,2103.63,3150,-1600
06/15/2018 15:30,SCH - HQ - NY,23324,1500,1500,-1000
06/15/2018 15:30,SCH - HQ_CEDARS,325274,70,70,-40
06/15/2018 15:30,SCH - HQ_IMPORT_EXPORT,325376,1200,1310,-9999
06/15/2018 15:30,SCH - NE - NY,23318,341.68,1400,-1600
06/15/2018 15:30,SCH - NPX_1385,325277,125,200,-200
06/15/2018 15:30,SCH - NPX_CSC,325154,330,330,-330
06/15/2018 15:30,SCH - OH - NY,23317,893.18,1700,-1600
06/15/2018 15:30,SCH - PJ - NY,23316,97.34,2050,-1300
06/15/2018 15:30,SCH - PJM_HTP,325905,250,660,-660
06/15/2018 15:30,SCH - PJM_NEPTUNE,325305,626,660,-660
06/15/2018 15:30,SCH - PJM_VFT,325658,0,315,-315
06/15/2018 15:30,SPR/DUN-SOUTH,23320,3388.17,4600,-9999
06/15/2018 15:30,TOTAL EAST,23314,3514.53,6800,-9999
06/15/2018 15:30,UPNY CONED,23315,2828.71,5700,-9999
06/15/2018 15:30,WEST CENTRAL,23312,270.42,9999,-9999
06/15/2018 15:35,CENTRAL EAST - VC,23330,1806.13,2410,-9999
06/15/2018 15:35,DYSINGER EAST,23326,1013.97,3150,-9999
06/15/2018 15:35,MOSES SOUTH,23319,2105.58,3150,-1600
06/15/2018 15:35,SCH - HQ - NY,23324,1500,1500,-1000
06/15/2018 15:35,SCH - HQ_CEDARS,325274,70,70,-40
06/15/2018 15:35,SCH - HQ_IMPORT_EXPORT,325376,1200,1310,-9999
06/15/2018 15:35,SCH - NE - NY,23318,348.71,1400,-1600
06/15/2018 15:35,SCH - NPX_1385,325277,125,200,-200
06/15/2018 15:35,SCH - NPX_CSC,325154,330,330,-330
06/15/2018 15:35,SCH - OH - NY,23317,893.28,1700,-1600
06/15/2018 15:35,SCH - PJ - NY,23316,98.29,2050,-1300
06/15/2018 15:35,SCH - PJM_HTP,325905,250,660,-660
06/15/2018 15:35,SCH - PJM_NEPTUNE,325305,626,660,-660
06/15/2018 15:35,SCH - PJM_VFT,325658,0,315,-315
06/15/2018 15:35,SPR/DUN-SOUTH,23320,3435.54,4600,-9999
06/15/2018 15:35,TOTAL EAST,23314,3504.02,6800,-9999
06/15/2018 15:35,UPNY CONED,23315,2870.28,5700,-9999
06/15/2018 15:35,WEST CENTRAL,23312,349.46,9999,-9999
06/15/2018 15:40,CENTRAL EAST - VC,23330,1806.93,2410,-9999
06/15/2018 15:40,DYSINGER EAST,23326,1025.92,3150,-9999
06/15/2018 15:40,MOSES SOUTH,23319,2113.41,3150,-1600
06/15/2018 15:40,SCH - HQ - NY,23324,1500,1500,-1000
06/15/2018 15:40,SCH - HQ_CEDARS,325274,70,70,-40
06/15/2018 15:40,SCH - HQ_IMPORT_EXPORT,325376,1200,1310,-9999
06/15/2018 15:40,SCH - NE - NY,23318,348.71,1400,-1600
06/15/2018 15:40,SCH - NPX_1385,325277,125,200,-200
06/15/2018 15:40,SCH - NPX_CSC,325154,330,330,-330
06/15/2018 15:40,SCH - OH - NY,23317,893.34,1700,-1600
06/15/2018 15:40,SCH - PJ - NY,23316,98.4,2050,-1300
06/15/2018 15:40,SCH - PJM_HTP,325905,250,660,-660
06/15/2018 15:40,SCH - PJM_NEPTUNE,325305,626,660,-660
06/15/2018 15:40,SCH - PJM_VFT,325658,0,315,-315
06/15/2018 15:40,SPR/DUN-SOUTH,23320,3448.55,4600,-9999
06/15/2018 15:40,TOTAL EAST,23314,3504.86,6800,-9999
06/15/2018 15:40,UPNY CONED,23315,2870.63,5700,-9999
06/15/2018 15:40,WEST CENTRAL,23312,358.16,9999,-9999
06/15/2018 15:45,CENTRAL EAST - VC,23330,1804.26,2410,-9999
06/15/2018 15:45,DYSINGER EAST,23326,981.99,3150,-9999
06/15/2018 15:45,MOSES SOUTH,23319,2139.69,3150,-1600
06/15/2018 15:45,SCH - HQ - NY,23324,1500,1500,-1000
06/15/2018 15:45,SCH - HQ_CEDARS,325274,70,70,-40
06/15/2018 15:45,SCH - HQ_IMPORT_EXPORT,325376,1200,1310,-9999
06/15/2018 15:45,SCH - NE - NY,23318,388.72,1400,-1600
06/15/2018 15:45,SCH - NPX_1385,325277,125,200,-200
06/15/2018 15:45,SCH - NPX_CSC,325154,330,330,-330
06/15/2018 15:45,SCH - OH - NY,23317,893.25,1700,-1600
06/15/2018 15:45,SCH - PJ - NY,23316,96.13,2050,-1300
06/15/2018 15:45,SCH - PJM_HTP,325905,250,660,-660
06/15/2018 15:45,SCH - PJM_NEPTUNE,325305,626,660,-660
06/15/2018 15:45,SCH - PJM_VFT,325658,0,315,-315
06/15/2018 15:45,SPR/DUN-SOUTH,23320,3510.41,4600,-9999
06/15/2018 15:45,TOTAL EAST,23314,3514.95,6800,-9999
06/15/2018 15:45,UPNY CONED,23315,2921.18,5700,-9999
06/15/2018 15:45,WEST CENTRAL,23312,314.56,9999,-9999
06/15/2018 15:50,CENTRAL EAST - VC,23330,1780.96,2410,-9999
06/15/2018 15:50,DYSINGER EAST,23326,984.81,3150,-9999
06/15/2018 15:50,MOSES SOUTH,23319,2157.43,3150,-1600
06/15/2018 15:50,SCH - HQ - NY,23324,1500,1500,-1000
06/15/2018 15:50,SCH - HQ_CEDARS,325274,70,70,-40
06/15/2018 15:50,SCH - HQ_IMPORT_EXPORT,325376,1200,1310,-9999
06/15/2018 15:50,SCH - NE - NY,23318,429.82,1400,-1600
06/15/2018 15:50,SCH - NPX_1385,325277,125,200,-200
06/15/2018 15:50,SCH - NPX_CSC,325154,330,330,-330
06/15/2018 15:50,SCH - OH - NY,23317,893.32,1700,-1600
06/15/2018 15:50,SCH - PJ - NY,23316,97.62,2050,-1300
06/15/2018 15:50,SCH - PJM_HTP,325905,250,660,-660
06/15/2018 15:50,SCH - PJM_NEPTUNE,325305,626,660,-660
06/15/2018 15:50,SCH - PJM_VFT,325658,0,315,-315
06/15/2018 15:50,SPR/DUN-SOUTH,23320,3568.15,4600,-9999
06/15/2018 15:50,TOTAL EAST,23314,3517.96,6800,-9999
06/15/2018 15:50,UPNY CONED,23315,2963.02,5700,-9999
06/15/2018 15:50,WEST CENTRAL,23312,312.03,9999,-9999
06/15/2018 15:55,CENTRAL EAST - VC,23330,1817.99,2410,-9999
06/15/2018 15:55,DYSINGER EAST,23326,996.69,3150,-9999
06/15/2018 15:55,MOSES SOUTH,23319,2160.9,3150,-1600
06/15/2018 15:55,SCH - HQ - NY,23324,1500,1500,-1000
06/15/2018 15:55,SCH - HQ_CEDARS,325274,70,70,-40
06/15/2018 15:55,SCH - HQ_IMPORT_EXPORT,325376,1200,1310,-9999
06/15/2018 15:55,SCH - NE - NY,23318,429.81,1400,-1600
06/15/2018 15:55,SCH - NPX_1385,325277,125,200,-200
06/15/2018 15:55,SCH - NPX_CSC,325154,330,330,-330
06/15/2018 15:55,SCH - OH - NY,23317,893.29,1700,-1600
06/15/2018 15:55,SCH - PJ - NY,23316,96.62,2050,-1300
06/15/2018 15:55,SCH - PJM_HTP,325905,250,660,-660
06/15/2018 15:55,SCH - PJM_NEPTUNE,325305,626,660,-660
06/15/2018 15:55,SCH - PJM_VFT,325658,0,315,-315
06/15/2018 15:55,SPR/DUN-SOUTH,23320,3555.75,4600,-9999
06/15/2018 15:55,TOTAL EAST,23314,3526.57,6800,-9999
06/15/2018 15:55,UPNY CONED,23315,2919.23,5700,-9999
06/15/2018 15:55,WEST CENTRAL,23312,319.95,9999,-9999
06/15/2018 16:00,CENTRAL EAST - VC,23330,1735.35,2410,-9999
06/15/2018 16:00,DYSINGER EAST,23326,913.6,3150,-9999
06/15/2018 16:00,MOSES SOUTH,23319,2159.36,3150,-1600
06/15/2018 16:00,SCH - HQ - NY,23324,1500,1500,-1000
06/15/2018 16:00,SCH - HQ_CEDARS,325274,70,70,-40
06/15/2018 16:00,SCH - HQ_IMPORT_EXPORT,325376,1200,1310,-9999
06/15/2018 16:00,SCH - NE - NY,23318,529.87,1400,-1600
06/15/2018 16:00,SCH - NPX_1385,325277,125,200,-200
06/15/2018 16:00,SCH - NPX_CSC,325154,330,330,-330
06/15/2018 16:00,SCH - OH - NY,23317,863.32,1700,-1600
06/15/2018 16:00,SCH - PJ - NY,23316,-39.47,2050,-1300
06/15/2018 16:00,SCH - PJM_HTP,325905,175,660,-660
06/15/2018 16:00,SCH - PJM_NEPTUNE,325305,643,660,-660
06/15/2018 16:00,SCH - PJM_VFT,325658,157,315,-315
06/15/2018 16:00,SPR/DUN-SOUTH,23320,3585.7,4600,-9999
06/15/2018 16:00,TOTAL EAST,23314,3339.02,6800,-9999
06/15/2018 16:00,UPNY CONED,23315,2868.81,5700,-9999
06/15/2018 16:00,WEST CENTRAL,23312,236.98,9999,-9999
06/15/2018 16:05,CENTRAL EAST - VC,23330,1697.01,2410,-9999
06/15/2018 16:05,DYSINGER EAST,23326,889.82,3150,-9999
06/15/2018 16:05,MOSES SOUTH,23319,2149.2,3150,-1600
06/15/2018 16:05,SCH - HQ - NY,23324,1500,1500,-1000
06/15/2018 16:05,SCH - HQ_CEDARS,325274,70,70,-40
06/15/2018 16:05,SCH - HQ_IMPORT_EXPORT,325376,1200,1310,-9999
06/15/2018 16:05,SCH - NE - NY,23318,629.93,1400,-1600
06/15/2018 16:05,SCH - NPX_1385,325277,125,200,-200
06/15/2018 16:05,SCH - NPX_CSC,325154,330,330,-330
06/15/2018 16:05,SCH - OH - NY,23317,834.39,1700,-1600
06/15/2018 16:05,SCH - PJ - NY,23316,-170.2,2050,-1300
06/15/2018 16:05,SCH - PJM_HTP,325905,100,660,-660
06/15/2018 16:05,SCH - PJM_NEPTUNE,325305,660,660,-660
06/15/2018 16:05,SCH - PJM_VFT,325658,315,315,-315
06/15/2018 16:05,SPR/DUN-SOUTH,23320,3573.92,4600,-9999
06/15/2018 16:05,TOTAL EAST,23314,3195.34,6800,-9999
06/15/2018 16:05,UPNY CONED,23315,2856.38,5700,-9999
06/15/2018 16:05,WEST CENTRAL,23312,218.37,9999,-9999
06/15/2018 16:10,CENTRAL EAST - VC,23330,1693.75,2410,-9999
06/15/2018 16:10,DYSINGER EAST,23326,939.82,3150,-9999
06/15/2018 16:10,MOSES SOUTH,23319,2141.61,3150,-1600
06/15/2018 16:10,SCH - HQ - NY,23324,1500,1500,-1000
06/15/2018 16:10,SCH - HQ_CEDARS,325274,70,70,-40
06/15/2018 16:10,SCH - HQ_IMPORT_EXPORT,325376,1200,1310,-9999
06/15/2018 16:10,SCH - NE - NY,23318,629.97,1400,-1600
06/15/2018 16:10,SCH - NPX_1385,325277,125,200,-200
06/15/2018 16:10,SCH - NPX_CSC,325154,330,330,-330
06/15/2018 16:10,SCH - OH - NY,23317,834.51,1700,-1600
06/15/2018 16:10,SCH - PJ - NY,23316,-168.84,2050,-1300
06/15/2018 16:10,SCH - PJM_HTP,325905,100,660,-660
06/15/2018 16:10,SCH - PJM_NEPTUNE,325305,660,660,-660
06/15/2018 16:10,SCH - PJM_VFT,325658,315,315,-315
06/15/2018 16:10,SPR/DUN-SOUTH,23320,3635.08,4600,-9999
06/15/2018 16:10,TOTAL EAST,23314,3198.33,6800,-9999
06/15/2018 16:10,UPNY CONED,23315,2917.52,5700,-9999
06/15/2018 16:10,WEST CENTRAL,23312,274,9999,-9999
06/15/2018 16:15,CENTRAL EAST - VC,23330,1737.15,2410,-9999
06/15/2018 16:15,DYSINGER EAST,23326,922.02,3150,-9999
06/15/2018 16:15,MOSES SOUTH,23319,2153.35,3150,-1600
06/15/2018 16:15,SCH - HQ - NY,23324,1500,1500,-1000
06/15/2018 16:15,SCH - HQ_CEDARS,325274,70,70,-40
06/15/2018 16:15,SCH - HQ_IMPORT_EXPORT,325376,1200,1310,-9999
06/15/2018 16:15,SCH - NE - NY,23318,629.9,1400,-1600
06/15/2018 16:15,SCH - NPX_1385,325277,125,200,-200
06/15/2018 16:15,SCH - NPX_CSC,325154,330,330,-330
06/15/2018 16:15,SCH - OH - NY,23317,834.43,1700,-1600
06/15/2018 16:15,SCH - PJ - NY,23316,-171.67,2050,-1300
06/15/2018 16:15,SCH - PJM_HTP,325905,100,660,-660
06/15/2018 16:15,SCH - PJM_NEPTUNE,325305,660,660,-660
06/15/2018 16:15,SCH - PJM_VFT,325658,190,315,-315
06/15/2018 16:15,SPR/DUN-SOUTH,23320,3670.56,4600,-9999
06/15/2018 16:15,TOTAL EAST,23314,3183.02,6800,-9999
06/15/2018 16:15,UPNY CONED,23315,2956.6,5700,-9999
06/15/2018 16:15,WEST CENTRAL,23312,256.78,9999,-9999
06/15/2018 16:20,CENTRAL EAST - VC,23330,1735.39,2410,-9999
06/15/2018 16:20,DYSINGER EAST,23326,935.64,3150,-9999
06/15/2018 16:20,MOSES SOUTH,23319,2138.53,3150,-1600
06/15/2018 16:20,SCH - HQ - NY,23324,1500,1500,-1000
06/15/2018 16:20,SCH - HQ_CEDARS,325274,70,70,-40
06/15/2018 16:20,SCH - HQ_IMPORT_EXPORT,325376,1200,1310,-9999
06/15/2018 16:20,SCH - NE - NY,23318,629.92,1400,-1600
06/15/2018 16:20,SCH - NPX_1385,325277,125,200,-200
06/15/2018 16:20,SCH - NPX_CSC,325154,330,330,-330
06/15/2018 16:20,SCH - OH - NY,23317,834.4,1700,-1600
06/15/2018 16:20,SCH - PJ - NY,23316,-169.87,2050,-1300
06/15/2018 16:20,SCH - PJM_HTP,325905,100,660,-660
06/15/2018 16:20,SCH - PJM_NEPTUNE,325305,660,660,-660
06/15/2018 16:20,SCH - PJM_VFT,325658,66,315,-315
06/15/2018 16:20,SPR/DUN-SOUTH,23320,3680.74,4600,-9999
06/15/2018 16:20,TOTAL EAST,23314,3191.22,6800,-9999
06/15/2018 16:20,UPNY CONED,23315,2948.47,5700,-9999
06/15/2018 16:20,WEST CENTRAL,23312,268.36,9999,-9999
06/15/2018 16:25,CENTRAL EAST - VC,23330,1694.94,2410,-9999
06/15/2018 16:25,DYSINGER EAST,23326,884.45,3150,-9999
06/15/2018 16:25,MOSES SOUTH,23319,2126.71,3150,-1600
06/15/2018 16:25,SCH - HQ - NY,23324,1500,1500,-1000
06/15/2018 16:25,SCH - HQ_CEDARS,325274,70,70,-40
06/15/2018 16:25,SCH - HQ_IMPORT_EXPORT,325376,1200,1310,-9999
06/15/2018 16:25,SCH - NE - NY,23318,629.96,1400,-1600
06/15/2018 16:25,SCH - NPX_1385,325277,125,200,-200
06/15/2018 16:25,SCH - NPX_CSC,325154,330,330,-330
06/15/2018 16:25,SCH - OH - NY,23317,834.32,1700,-1600
06/15/2018 16:25,SCH - PJ - NY,23316,-172.39,2050,-1300
06/15/2018 16:25,SCH - PJM_HTP,325905,100,660,-660
06/15/2018 16:25,SCH - PJM_NEPTUNE,325305,660,660,-660
06/15/2018 16:25,SCH - PJM_VFT,325658,66,315,-315
06/15/2018 16:25,SPR/DUN-SOUTH,23320,3664.97,4600,-9999
06/15/2018 16:25,TOTAL EAST,23314,3203.59,6800,-9999
06/15/2018 16:25,UPNY CONED,23315,2925.51,5700,-9999
06/15/2018 16:25,WEST CENTRAL,23312,215.12,9999,-9999
06/15/2018 16:30,CENTRAL EAST - VC,23330,1665.58,2410,-9999
06/15/2018 16:30,DYSINGER EAST,23326,847.47,3150,-9999
06/15/2018 16:30,MOSES SOUTH,23319,2120.63,3150,-1600
06/15/2018 16:30,SCH - HQ - NY,23324,1500,1500,-1000
06/15/2018 16:30,SCH - HQ_CEDARS,325274,70,70,-40
06/15/2018 16:30,SCH - HQ_IMPORT_EXPORT,325376,1200,1310,-9999
06/15/2018 16:30,SCH - NE - NY,23318,629.98,1400,-1600
06/15/2018 16:30,SCH - NPX_1385,325277,125,200,-200
06/15/2018 16:30,SCH - NPX_CSC,325154,330,330,-330
06/15/2018 16:30,SCH - OH - NY,23317,834.19,1700,-1600
06/15/2018 16:30,SCH - PJ - NY,23316,-169.35,2050,-1300
06/15/2018 16:30,SCH - PJM_HTP,325905,100,660,-660
06/15/2018 16:30,SCH - PJM_NEPTUNE,325305,660,660,-660
06/15/2018 16:30,SCH - PJM_VFT,325658,33,315,-315
06/15/2018 16:30,SPR/DUN-SOUTH,23320,3608.47,4600,-9999
06/15/2018 16:30,TOTAL EAST,23314,3201.15,6800,-9999
06/15/2018 16:30,UPNY CONED,23315,2881.84,5700,-9999
06/15/2018 16:30,WEST CENTRAL,23312,178.01,9999,-9999
06/15/2018 16:35,CENTRAL EAST - VC,23330,1665.37,2410,-9999
06/15/2018 16:35,DYSINGER EAST,23326,875.95,3150,-9999
06/15/2018 16:35,MOSES SOUTH,23319,2119.4,3150,-1600
06/15/2018 16:35,SCH - HQ - NY,23324,1500,1500,-1000
06/15/2018 16:35,SCH - HQ_CEDARS,325274,70,70,-40
06/15/2018 16:35,SCH - HQ_IMPORT_EXPORT,325376,1200,1310,-9999
06/15/2018 16:35,SCH - NE - NY,23318,629.97,1400,-1600
06/15/2018 16:35,SCH - NPX_1385,325277,125,200,-200
06/15/2018 16:35,SCH - NPX_CSC,325154,330,330,-330
06/15/2018 16:35,SCH - OH - NY,23317,834.34,1700,-1600
06/15/2018 16:35,SCH - PJ - NY,23316,-168.48,2050,-1300
06/15/2018 16:35,SCH - PJM_HTP,325905,100,660,-660
06/15/2018 16:35,SCH - PJM_NEPTUNE,325305,660,660,-660
06/15/2018 16:35,SCH - PJM_VFT,325658,0,315,-315
06/15/2018 16:35,SPR/DUN-SOUTH,23320,3606.25,4600,-9999
06/15/2018 16:35,TOTAL EAST,23314,3199.29,6800,-9999
06/15/2018 16:35,UPNY CONED,23315,2883.58,5700,-9999
06/15/2018 16:35,WEST CENTRAL,23312,207.32,9999,-9999
06/15/2018 16:40,CENTRAL EAST - VC,23330,1657.65,2410,-9999
06/15/2018 16:40,DYSINGER EAST,23326,865.69,3150,-9999
06/15/2018 16:40,MOSES SOUTH,23319,2124.17,3150,-1600
06/15/2018 16:40,SCH - HQ - NY,23324,1500,1500,-1000
06/15/2018 16:40,SCH - HQ_CEDARS,325274,70,70,-40
06/15/2018 16:40,SCH - HQ_IMPORT_EXPORT,325376,1200,1310,-9999
06/15/2018 16:40,SCH - NE - NY,23318,630,1400,-1600
06/15/2018 16:40,SCH - NPX_1385,325277,125,200,-200
06/15/2018 16:40,SCH - NPX_CSC,325154,330,330,-330
06/15/2018 16:40,SCH - OH - NY,23317,834.38,1700,-1600
06/15/2018 16:40,SCH - PJ - NY,23316,-171,2050,-1300
06/15/2018 16:40,SCH - PJM_HTP,325905,100,660,-660
06/15/2018 16:40,SCH - PJM_NEPTUNE,325305,660,660,-660
06/15/2018 16:40,SCH - PJM_VFT,325658,0,315,-315
06/15/2018 16:40,SPR/DUN-SOUTH,23320,3578.9,4600,-9999
06/15/2018 16:40,TOTAL EAST,23314,3200.03,6800,-9999
06/15/2018 16:40,UPNY CONED,23315,2859.08,5700,-9999
06/15/2018 16:40,WEST CENTRAL,23312,193.84,9999,-9999
06/15/2018 16:45,CENTRAL EAST - VC,23330,1681.27,2410,-9999
06/15/2018 16:45,DYSINGER EAST,23326,878.18,3150,-9999
06/15/2018 16:45,MOSES SOUTH,23319,2127.77,3150,-1600
06/15/2018 16:45,SCH - HQ - NY,23324,1500,1500,-1000
06/15/2018 16:45,SCH - HQ_CEDARS,325274,70,70,-40
06/15/2018 16:45,SCH - HQ_IMPORT_EXPORT,325376,1200,1310,-9999
06/15/2018 16:45,SCH - NE - NY,23318,622.94,1400,-1600
06/15/2018 16:45,SCH - NPX_1385,325277,125,200,-200
06/15/2018 16:45,SCH - NPX_CSC,325154,330,330,-330
06/15/2018 16:45,SCH - OH - NY,23317,834.34,1700,-1600
06/15/2018 16:45,SCH - PJ - NY,23316,-169.43,2050,-1300
06/15/2018 16:45,SCH - PJM_HTP,325905,100,660,-660
06/15/2018 16:45,SCH - PJM_NEPTUNE,325305,660,660,-660
06/15/2018 16:45,SCH - PJM_VFT,325658,157,315,-315
06/15/2018 16:45,SPR/DUN-SOUTH,23320,3566.53,4600,-9999
06/15/2018 16:45,TOTAL EAST,23314,3199.48,6800,-9999
06/15/2018 16:45,UPNY CONED,23315,2859.78,5700,-9999
06/15/2018 16:45,WEST CENTRAL,23312,200.48,9999,-9999
06/15/2018 16:50,CENTRAL EAST - VC,23330,1688.75,2385,-9999
06/15/2018 16:50,DYSINGER EAST,23326,888.22,3150,-9999
06/15/2018 16:50,MOSES SOUTH,23319,2119.95,3150,-1600
06/15/2018 16:50,SCH - HQ - NY,23324,1500,1500,-1000
06/15/2018 16:50,SCH - HQ_CEDARS,325274,70,70,-40
06/15/2018 16:50,SCH - HQ_IMPORT_EXPORT,325376,1200,1310,-9999
06/15/2018 16:50,SCH - NE - NY,23318,615.99,1400,-1600
06/15/2018 16:50,SCH - NPX_1385,325277,125,200,-200
06/15/2018 16:50,SCH - NPX_CSC,325154,330,330,-330
06/15/2018 16:50,SCH - OH - NY,23317,834.32,1700,-1600
06/15/2018 16:50,SCH - PJ - NY,23316,-170.51,2050,-1300
06/15/2018 16:50,SCH - PJM_HTP,325905,100,660,-660
06/15/2018 16:50,SCH - PJM_NEPTUNE,325305,660,660,-660
06/15/2018 16:50,SCH - PJM_VFT,325658,314,315,-315
06/15/2018 16:50,SPR/DUN-SOUTH,23320,3542.63,4600,-9999
06/15/2018 16:50,TOTAL EAST,23314,3188.22,6800,-9999
06/15/2018 16:50,UPNY CONED,23315,2836.99,5700,-9999
06/15/2018 16:50,WEST CENTRAL,23312,206.66,9999,-9999
06/15/2018 16:55,CENTRAL EAST - VC,23330,1686.97,2385,-9999
06/15/2018 16:55,DYSINGER EAST,23326,905.4,3150,-9999
06/15/2018 16:55,MOSES SOUTH,23319,2124.79,3150,-1600
06/15/2018 16:55,SCH - HQ - NY,23324,1500,1500,-1000
06/15/2018 16:55,SCH - HQ_CEDARS,325274,70,70,-40
06/15/2018 16:55,SCH - HQ_IMPORT_EXPORT,325376,1200,1310,-9999
06/15/2018 16:55,SCH - NE - NY,23318,615.98,1400,-1600
06/15/2018 16:55,SCH - NPX_1385,325277,125,200,-200
06/15/2018 16:55,SCH - NPX_CSC,325154,330,330,-330
06/15/2018 16:55,SCH - OH - NY,23317,834.39,1700,-1600
06/15/2018 16:55,SCH - PJ - NY,23316,-169.75,2050,-1300
06/15/2018 16:55,SCH - PJM_HTP,325905,100,660,-660
06/15/2018 16:55,SCH - PJM_NEPTUNE,325305,660,660,-660
06/15/2018 16:55,SCH - PJM_VFT,325658,314,315,-315
06/15/2018 16:55,SPR/DUN-SOUTH,23320,3571.67,4600,-9999
06/15/2018 16:55,TOTAL EAST,23314,3164.67,6800,-9999
06/15/2018 16:55,UPNY CONED,23315,2852.32,5700,-9999
06/15/2018 16:55,WEST CENTRAL,23312,221.58,9999,-9999
06/15/2018 17:00,CENTRAL EAST - VC,23330,1676.08,2385,-9999
06/15/2018 17:00,DYSINGER EAST,23326,816.61,3150,-9999
06/15/2018 17:00,MOSES SOUTH,23319,2128.68,3150,-1600
06/15/2018 17:00,SCH - HQ - NY,23324,1500,1500,-1000
06/15/2018 17:00,SCH - HQ_CEDARS,325274,70,70,-40
06/15/2018 17:00,SCH - HQ_IMPORT_EXPORT,325376,1200,1310,-9999
06/15/2018 17:00,SCH - NE - NY,23318,635.01,1400,-1600
06/15/2018 17:00,SCH - NPX_1385,325277,132,200,-200
06/15/2018 17:00,SCH - NPX_CSC,325154,330,330,-330
06/15/2018 17:00,SCH - OH - NY,23317,641.17,1700,-1600
06/15/2018 17:00,SCH - PJ - NY,23316,-63.9,2050,-1300
06/15/2018 17:00,SCH - PJM_HTP,325905,100,660,-660
06/15/2018 17:00,SCH - PJM_NEPTUNE,325305,660,660,-660
06/15/2018 17:00,SCH - PJM_VFT,325658,157,315,-315
06/15/2018 17:00,SPR/DUN-SOUTH,23320,3580.75,4600,-9999
06/15/2018 17:00,TOTAL EAST,23314,3123.57,6800,-9999
06/15/2018 17:00,UPNY CONED,23315,2806.28,5700,-9999
06/15/2018 17:00,WEST CENTRAL,23312,135.03,9999,-9999
06/15/2018 17:05,CENTRAL EAST - VC,23330,1638.65,2385,-9999
06/15/2018 17:05,DYSINGER EAST,23326,733.89,3150,-9999
06/15/2018 17:05,MOSES SOUTH,23319,2115.81,3150,-1600
06/15/2018 17:05,SCH - HQ - NY,23324,1500,1500,-1000
06/15/2018 17:05,SCH - HQ_CEDARS,325274,70,70,-40
06/15/2018 17:05,SCH - HQ_IMPORT_EXPORT,325376,1200,1310,-9999
06/15/2018 17:05,SCH - NE - NY,23318,653.99,1400,-1600
06/15/2018 17:05,SCH - NPX_1385,325277,140,200,-200
06/15/2018 17:05,SCH - NPX_CSC,325154,330,330,-330
06/15/2018 17:05,SCH - OH - NY,23317,457.04,1700,-1600
06/15/2018 17:05,SCH - PJ - NY,23316,36.71,2050,-1300
06/15/2018 17:05,SCH - PJM_HTP,325905,100,660,-660
06/15/2018 17:05,SCH - PJM_NEPTUNE,325305,660,660,-660
06/15/2018 17:05,SCH - PJM_VFT,325658,0,315,-315
06/15/2018 17:05,SPR/DUN-SOUTH,23320,3555.07,4600,-9999
06/15/2018 17:05,TOTAL EAST,23314,3064.25,6800,-9999
06/15/2018 17:05,UPNY CONED,23315,2761.74,5700,-9999
06/15/2018 17:05,WEST CENTRAL,23312,59.3,9999,-9999
06/15/2018 17:10,CENTRAL EAST - VC,23330,1658.85,2385,-9999
06/15/2018 17:10,DYSINGER EAST,23326,752.72,3150,-9999
06/15/2018 17:10,MOSES SOUTH,23319,2116.89,3150,-1600
06/15/2018 17:10,SCH - HQ - NY,23324,1500,1500,-1000
06/15/2018 17:10,SCH - HQ_CEDARS,325274,70,70,-40
06/15/2018 17:10,SCH - HQ_IMPORT_EXPORT,325376,1200,1310,-9999
06/15/2018 17:10,SCH - NE - NY,23318,654,1400,-1600
06/15/2018 17:10,SCH - NPX_1385,325277,140,200,-200
06/15/2018 17:10,SCH - NPX_CSC,325154,330,330,-330
06/15/2018 17:10,SCH - OH - NY,23317,457.05,1700,-1600
06/15/2018 17:10,SCH - PJ - NY,23316,34.84,2050,-1300
06/15/2018 17:10,SCH - PJM_HTP,325905,100,660,-660
06/15/2018 17:10,SCH - PJM_NEPTUNE,325305,660,660,-660
06/15/2018 17:10,SCH - PJM_VFT,325658,0,315,-315
06/15/2018 17:10,SPR/DUN-SOUTH,23320,3534.22,4600,-9999
06/15/2018 17:10,TOTAL EAST,23314,3054.22,6800,-9999
06/15/2018 17:10,UPNY CONED,23315,2743.98,5700,-9999
06/15/2018 17:10,WEST CENTRAL,23312,82.49,9999,-9999
06/15/2018 17:15,CENTRAL EAST - VC,23330,1693.57,2385,-9999
06/15/2018 17:15,DYSINGER EAST,23326,853.14,3150,-9999
06/15/2018 17:15,MOSES SOUTH,23319,2116.57,3150,-1600
06/15/2018 17:15,SCH - HQ - NY,23324,1500,1500,-1000
06/15/2018 17:15,SCH - HQ_CEDARS,325274,70,70,-40
06/15/2018 17:15,SCH - HQ_IMPORT_EXPORT,325376,1200,1310,-9999
06/15/2018 17:15,SCH - NE - NY,23318,644.65,1400,-1600
06/15/2018 17:15,SCH - NPX_1385,325277,140,200,-200
06/15/2018 17:15,SCH - NPX_CSC,325154,330,330,-330
06/15/2018 17:15,SCH - OH - NY,23317,457.19,1700,-1600
06/15/2018 17:15,SCH - PJ - NY,23316,25.06,2050,-1300
06/15/2018 17:15,SCH - PJM_HTP,325905,100,660,-660
06/15/2018 17:15,SCH - PJM_NEPTUNE,325305,660,660,-660
06/15/2018 17:15,SCH - PJM_VFT,325658,0,315,-315
06/15/2018 17:15,SPR/DUN-SOUTH,23320,3526.32,4600,-9999
06/15/2018 17:15,TOTAL EAST,23314,3085.81,6800,-9999
06/15/2018 17:15,UPNY CONED,23315,2747.67,5700,-9999
06/15/2018 17:15,WEST CENTRAL,23312,173.76,9999,-9999
06/15/2018 17:20,CENTRAL EAST - VC,23330,1678.11,2385,-9999
06/15/2018 17:20,DYSINGER EAST,23326,856.31,3150,-9999
06/15/2018 17:20,MOSES SOUTH,23319,2089.25,3150,-1600
06/15/2018 17:20,SCH - HQ - NY,23324,1500,1500,-1000
06/15/2018 17:20,SCH - HQ_CEDARS,325274,70,70,-40
06/15/2018 17:20,SCH - HQ_IMPORT_EXPORT,325376,1200,1310,-9999
06/15/2018 17:20,SCH - NE - NY,23318,635.24,1400,-1600
06/15/2018 17:20,SCH - NPX_1385,325277,140,200,-200
06/15/2018 17:20,SCH - NPX_CSC,325154,330,330,-330
06/15/2018 17:20,SCH - OH - NY,23317,457.11,1700,-1600
06/15/2018 17:20,SCH - PJ - NY,23316,20.13,2050,-1300
06/15/2018 17:20,SCH - PJM_HTP,325905,100,660,-660
06/15/2018 17:20,SCH - PJM_NEPTUNE,325305,660,660,-660
06/15/2018 17:20,SCH - PJM_VFT,325658,0,315,-315
06/15/2018 17:20,SPR/DUN-SOUTH,23320,3505.48,4600,-9999
06/15/2018 17:20,TOTAL EAST,23314,3099.19,6800,-9999
06/15/2018 17:20,UPNY CONED,23315,2737.44,5700,-9999
06/15/2018 17:20,WEST CENTRAL,23312,170.78,9999,-9999
06/15/2018 17:25,CENTRAL EAST - VC,23330,1669.66,2385,-9999
06/15/2018 17:25,DYSINGER EAST,23326,860.9,3150,-9999
06/15/2018 17:25,MOSES SOUTH,23319,2074.17,3150,-1600
06/15/2018 17:25,SCH - HQ - NY,23324,1500,1500,-1000
06/15/2018 17:25,SCH - HQ_CEDARS,325274,70,70,-40
06/15/2018 17:25,SCH - HQ_IMPORT_EXPORT,325376,1200,1310,-9999
06/15/2018 17:25,SCH - NE - NY,23318,631.88,1400,-1600
06/15/2018 17:25,SCH - NPX_1385,325277,140,200,-200
06/15/2018 17:25,SCH - NPX_CSC,325154,330,330,-330
06/15/2018 17:25,SCH - OH - NY,23317,457.16,1700,-1600
06/15/2018 17:25,SCH - PJ - NY,23316,21.98,2050,-1300
06/15/2018 17:25,SCH - PJM_HTP,325905,100,660,-660
06/15/2018 17:25,SCH - PJM_NEPTUNE,325305,660,660,-660
06/15/2018 17:25,SCH - PJM_VFT,325658,0,315,-315
06/15/2018 17:25,SPR/DUN-SOUTH,23320,3516.65,4600,-9999
06/15/2018 17:25,TOTAL EAST,23314,3103.24,6800,-9999
06/15/2018 17:25,UPNY CONED,23315,2739.9,5700,-9999
06/15/2018 17:25,WEST CENTRAL,23312,178.32,9999,-9999
06/15/2018 17:30,CENTRAL EAST - VC,23330,1655.45,2385,-9999
06/15/2018 17:30,DYSINGER EAST,23326,822.92,3150,-9999
06/15/2018 17:30,MOSES SOUTH,23319,2079.04,3150,-1600
06/15/2018 17:30,SCH - HQ - NY,23324,1500,1500,-1000
06/15/2018 17:30,SCH - HQ_CEDARS,325274,70,70,-40
06/15/2018 17:30,SCH - HQ_IMPORT_EXPORT,325376,1200,1310,-9999
06/15/2018 17:30,SCH - NE - NY,23318,665.84,1400,-1600
06/15/2018 17:30,SCH - NPX_1385,325277,140,200,-200
06/15/2018 17:30,SCH - NPX_CSC,325154,330,330,-330
06/15/2018 17:30,SCH - OH - NY,23317,457.28,1700,-1600
06/15/2018 17:30,SCH - PJ - NY,23316,-10.31,2050,-1300
06/15/2018 17:30,SCH - PJM_HTP,325905,100,660,-660
06/15/2018 17:30,SCH - PJM_NEPTUNE,325305,660,660,-660
06/15/2018 17:30,SCH - PJM_VFT,325658,47,315,-315
06/15/2018 17:30,SPR/DUN-SOUTH,23320,3503.47,4600,-9999
06/15/2018 17:30,TOTAL EAST,23314,3005.49,6800,-9999
06/15/2018 17:30,UPNY CONED,23315,2705.76,5700,-9999
06/15/2018 17:30,WEST CENTRAL,23312,143.48,9999,-9999
06/15/2018 17:35,CENTRAL EAST - VC,23330,1631.61,2385,-9999
06/15/2018 17:35,DYSINGER EAST,23326,806.44,3150,-9999
06/15/2018 17:35,MOSES SOUTH,23319,2073.28,3150,-1600
06/15/2018 17:35,SCH - HQ - NY,23324,1500,1500,-1000
06/15/2018 17:35,SCH - HQ_CEDARS,325274,70,70,-40
06/15/2018 17:35,SCH - HQ_IMPORT_EXPORT,325376,1200,1310,-9999
06/15/2018 17:35,SCH - NE - NY,23318,696.07,1400,-1600
06/15/2018 17:35,SCH - NPX_1385,325277,140,200,-200
06/15/2018 17:35,SCH - NPX_CSC,325154,330,330,-330
06/15/2018 17:35,SCH - OH - NY,23317,457.23,1700,-1600
06/15/2018 17:35,SCH - PJ - NY,23316,-37.75,2050,-1300
06/15/2018 17:35,SCH - PJM_HTP,325905,100,660,-660
06/15/2018 17:35,SCH - PJM_NEPTUNE,325305,660,660,-660
06/15/2018 17:35,SCH - PJM_VFT,325658,95,315,-315
06/15/2018 17:35,SPR/DUN-SOUTH,23320,3514.59,4600,-9999
06/15/2018 17:35,TOTAL EAST,23314,2984.78,6800,-9999
06/15/2018 17:35,UPNY CONED,23315,2710.8,5700,-9999
06/15/2018 17:35,WEST CENTRAL,23312,138.11,9999,-9999
06/15/2018 17:40,CENTRAL EAST - VC,23330,1630.15,2385,-9999
06/15/2018 17:40,DYSINGER EAST,23326,810.79,3150,-9999
06/15/2018 17:40,MOSES SOUTH,23319,2064.91,3150,-1600
06/15/2018 17:40,SCH - HQ - NY,23324,1500,1500,-1000
06/15/2018 17:40,SCH - HQ_CEDARS,325274,70,70,-40
06/15/2018 17:40,SCH - HQ_IMPORT_EXPORT,325376,1200,1310,-9999
06/15/2018 17:40,SCH - NE - NY,23318,696.14,1400,-1600
06/15/2018 17:40,SCH - NPX_1385,325277,140,200,-200
06/15/2018 17:40,SCH - NPX_CSC,325154,330,330,-330
06/15/2018 17:40,SCH - OH - NY,23317,457.23,1700,-1600
06/15/2018 17:40,SCH - PJ - NY,23316,-38.27,2050,-1300
06/15/2018 17:40,SCH - PJM_HTP,325905,100,660,-660
06/15/2018 17:40,SCH - PJM_NEPTUNE,325305,660,660,-660
06/15/2018 17:40,SCH - PJM_VFT,325658,95,315,-315
06/15/2018 17:40,SPR/DUN-SOUTH,23320,3509.42,4600,-9999
06/15/2018 17:40,TOTAL EAST,23314,2977.78,6800,-9999
06/15/2018 17:40,UPNY CONED,23315,2721.37,5700,-9999
06/15/2018 17:40,WEST CENTRAL,23312,142.46,9999,-9999
06/15/2018 17:45,CENTRAL EAST - VC,23330,1650.15,2385,-9999
06/15/2018 17:45,DYSINGER EAST,23326,821.3,3150,-9999
06/15/2018 17:45,MOSES SOUTH,23319,2053.25,3150,-1600
06/15/2018 17:45,SCH - HQ - NY,23324,1500,1500,-1000
06/15/2018 17:45,SCH - HQ_CEDARS,325274,70,70,-40
06/15/2018 17:45,SCH - HQ_IMPORT_EXPORT,325376,1200,1310,-9999
06/15/2018 17:45,SCH - NE - NY,23318,665.64,1400,-1600
06/15/2018 17:45,SCH - NPX_1385,325277,140,200,-200
06/15/2018 17:45,SCH - NPX_CSC,325154,330,330,-330
06/15/2018 17:45,SCH - OH - NY,23317,457.15,1700,-1600
06/15/2018 17:45,SCH - PJ - NY,23316,-28.85,2050,-1300
06/15/2018 17:45,SCH - PJM_HTP,325905,100,660,-660
06/15/2018 17:45,SCH - PJM_NEPTUNE,325305,660,660,-660
06/15/2018 17:45,SCH - PJM_VFT,325658,205,315,-315
06/15/2018 17:45,SPR/DUN-SOUTH,23320,3508.47,4600,-9999
06/15/2018 17:45,TOTAL EAST,23314,2999.62,6800,-9999
06/15/2018 17:45,UPNY CONED,23315,2726.33,5700,-9999
06/15/2018 17:45,WEST CENTRAL,23312,148.17,9999,-9999
06/15/2018 17:50,CENTRAL EAST - VC,23330,1658.09,2385,-9999
06/15/2018 17:50,DYSINGER EAST,23326,851.03,3150,-9999
06/15/2018 17:50,MOSES SOUTH,23319,2057.5,3150,-1600
06/15/2018 17:50,SCH - HQ - NY,23324,1500,1500,-1000
06/15/2018 17:50,SCH - HQ_CEDARS,325274,70,70,-40
06/15/2018 17:50,SCH - HQ_IMPORT_EXPORT,325376,1200,1310,-9999
06/15/2018 17:50,SCH - NE - NY,23318,635.76,1400,-1600
06/15/2018 17:50,SCH - NPX_1385,325277,140,200,-200
06/15/2018 17:50,SCH - NPX_CSC,325154,330,330,-330
06/15/2018 17:50,SCH - OH - NY,23317,457.3,1700,-1600
06/15/2018 17:50,SCH - PJ - NY,23316,-22.37,2050,-1300
06/15/2018 17:50,SCH - PJM_HTP,325905,100,660,-660
06/15/2018 17:50,SCH - PJM_NEPTUNE,325305,660,660,-660
06/15/2018 17:50,SCH - PJM_VFT,325658,315,315,-315
06/15/2018 17:50,SPR/DUN-SOUTH,23320,3471.59,4600,-9999
06/15/2018 17:50,TOTAL EAST,23314,3009.34,6800,-9999
06/15/2018 17:50,UPNY CONED,23315,2702.66,5700,-9999
06/15/2018 17:50,WEST CENTRAL,23312,173.59,9999,-9999
06/15/2018 17:55,CENTRAL EAST - VC,23330,1685.01,2385,-9999
06/15/2018 17:55,DYSINGER EAST,23326,902.96,3150,-9999
06/15/2018 17:55,MOSES SOUTH,23319,2046,3150,-1600
06/15/2018 17:55,SCH - HQ - NY,23324,1500,1500,-1000
06/15/2018 17:55,SCH - HQ_CEDARS,325274,70,70,-40
06/15/2018 17:55,SCH - HQ_IMPORT_EXPORT,325376,1200,1310,-9999
06/15/2018 17:55,SCH - NE - NY,23318,635.86,1400,-1600
06/15/2018 17:55,SCH - NPX_1385,325277,140,200,-200
06/15/2018 17:55,SCH - NPX_CSC,325154,330,330,-330
06/15/2018 17:55,SCH - OH - NY,23317,457.34,1700,-1600
06/15/2018 17:55,SCH - PJ - NY,23316,-19.67,2050,-1300
06/15/2018 17:55,SCH - PJM_HTP,325905,100,660,-660
06/15/2018 17:55,SCH - PJM_NEPTUNE,325305,660,660,-660
06/15/2018 17:55,SCH - PJM_VFT,325658,315,315,-315
06/15/2018 17:55,SPR/DUN-SOUTH,23320,3513.36,4600,-9999
06/15/2018 17:55,TOTAL EAST,23314,2998.07,6800,-9999
06/15/2018 17:55,UPNY CONED,23315,2749.09,5700,-9999
06/15/2018 17:55,WEST CENTRAL,23312,223.61,9999,-9999
06/15/2018 18:00,CENTRAL EAST - VC,23330,1711.62,2385,-9999
06/15/2018 18:00,DYSINGER EAST,23326,939.38,3150,-9999
06/15/2018 18:00,MOSES SOUTH,23319,1989.46,3150,-1600
06/15/2018 18:00,SCH - HQ - NY,23324,1500,1500,-1000
06/15/2018 18:00,SCH - HQ_CEDARS,325274,70,70,-40
06/15/2018 18:00,SCH - HQ_IMPORT_EXPORT,325376,1200,1310,-9999
06/15/2018 18:00,SCH - NE - NY,23318,531.86,1400,-1600
06/15/2018 18:00,SCH - NPX_1385,325277,120,200,-200
06/15/2018 18:00,SCH - NPX_CSC,325154,330,330,-330
06/15/2018 18:00,SCH - OH - NY,23317,408.26,1700,-1600
06/15/2018 18:00,SCH - PJ - NY,23316,224.6,2050,-1300
06/15/2018 18:00,SCH - PJM_HTP,325905,152,660,-660
06/15/2018 18:00,SCH - PJM_NEPTUNE,325305,660,660,-660
06/15/2018 18:00,SCH - PJM_VFT,325658,157,315,-315
06/15/2018 18:00,SPR/DUN-SOUTH,23320,3432.33,4600,-9999
06/15/2018 18:00,TOTAL EAST,23314,3223.64,6800,-9999
06/15/2018 18:00,UPNY CONED,23315,2665.18,5700,-9999
06/15/2018 18:00,WEST CENTRAL,23312,268.14,9999,-9999
06/15/2018 18:05,CENTRAL EAST - VC,23330,1768.96,2385,-9999
06/15/2018 18:05,DYSINGER EAST,23326,949.32,3150,-9999
06/15/2018 18:05,MOSES SOUTH,23319,1949.82,3150,-1600
06/15/2018 18:05,SCH - HQ - NY,23324,1500,1500,-1000
06/15/2018 18:05,SCH - HQ_CEDARS,325274,70,70,-40
06/15/2018 18:05,SCH - HQ_IMPORT_EXPORT,325376,1200,1310,-9999
06/15/2018 18:05,SCH - NE - NY,23318,431.8,1400,-1600
06/15/2018 18:05,SCH - NPX_1385,325277,100,200,-200
06/15/2018 18:05,SCH - NPX_CSC,325154,330,330,-330
06/15/2018 18:05,SCH - OH - NY,23317,359,1700,-1600
06/15/2018 18:05,SCH - PJ - NY,23316,464.75,2050,-1300
06/15/2018 18:05,SCH - PJM_HTP,325905,204,660,-660
06/15/2018 18:05,SCH - PJM_NEPTUNE,325305,660,660,-660
06/15/2018 18:05,SCH - PJM_VFT,325658,0,315,-315
06/15/2018 18:05,SPR/DUN-SOUTH,23320,3543.64,4600,-9999
06/15/2018 18:05,TOTAL EAST,23314,3441.17,6800,-9999
06/15/2018 18:05,UPNY CONED,23315,2726.76,5700,-9999
06/15/2018 18:05,WEST CENTRAL,23312,300.78,9999,-9999
06/15/2018 18:10,CENTRAL EAST - VC,23330,1771.14,2385,-9999
06/15/2018 18:10,DYSINGER EAST,23326,866.52,3150,-9999
06/15/2018 18:10,MOSES SOUTH,23319,1954.27,3150,-1600
06/15/2018 18:10,SCH - HQ - NY,23324,1500,1500,-1000
06/15/2018 18:10,SCH - HQ_CEDARS,325274,70,70,-40
06/15/2018 18:10,SCH - HQ_IMPORT_EXPORT,325376,1200,1310,-9999
06/15/2018 18:10,SCH - NE - NY,23318,431.8,1400,-1600
06/15/2018 18:10,SCH - NPX_1385,325277,100,200,-200
06/15/2018 18:10,SCH - NPX_CSC,325154,330,330,-330
06/15/2018 18:10,SCH - OH - NY,23317,358.77,1700,-1600
06/15/2018 18:10,SCH - PJ - NY,23316,463.53,2050,-1300
06/15/2018 18:10,SCH - PJM_HTP,325905,204,660,-660
06/15/2018 18:10,SCH - PJM_NEPTUNE,325305,660,660,-660
06/15/2018 18:10,SCH - PJM_VFT,325658,0,315,-315
06/15/2018 18:10,SPR/DUN-SOUTH,23320,3536.48,4600,-9999
06/15/2018 18:10,TOTAL EAST,23314,3483.17,6800,-9999
06/15/2018 18:10,UPNY CONED,23315,2714.35,5700,-9999
06/15/2018 18:10,WEST CENTRAL,23312,221.53,9999,-9999
06/15/2018 18:15,CENTRAL EAST - VC,23330,1729.23,2385,-9999
06/15/2018 18:15,DYSINGER EAST,23326,812.81,3150,-9999
06/15/2018 18:15,MOSES SOUTH,23319,1954.32,3150,-1600
06/15/2018 18:15,SCH - HQ - NY,23324,1500,1500,-1000
06/15/2018 18:15,SCH - HQ_CEDARS,325274,70,70,-40
06/15/2018 18:15,SCH - HQ_IMPORT_EXPORT,325376,1200,1310,-9999
06/15/2018 18:15,SCH - NE - NY,23318,387.81,1400,-1600
06/15/2018 18:15,SCH - NPX_1385,325277,100,200,-200
06/15/2018 18:15,SCH - NPX_CSC,325154,330,330,-330
06/15/2018 18:15,SCH - OH - NY,23317,363.03,1700,-1600
06/15/2018 18:15,SCH - PJ - NY,23316,475.15,2050,-1300
06/15/2018 18:15,SCH - PJM_HTP,325905,204,660,-660
06/15/2018 18:15,SCH - PJM_NEPTUNE,325305,660,660,-660
06/15/2018 18:15,SCH - PJM_VFT,325658,0,315,-315
06/15/2018 18:15,SPR/DUN-SOUTH,23320,3390.1,4600,-9999
06/15/2018 18:15,TOTAL EAST,23314,3493.61,6800,-9999
06/15/2018 18:15,UPNY CONED,23315,2579.27,5700,-9999
06/15/2018 18:15,WEST CENTRAL,23312,159.52,9999,-9999
06/15/2018 18:20,CENTRAL EAST - VC,23330,1698.02,2385,-9999
06/15/2018 18:20,DYSINGER EAST,23326,767.6,3150,-9999
06/15/2018 18:20,MOSES SOUTH,23319,1939.8,3150,-1600
06/15/2018 18:20,SCH - HQ - NY,23324,1500,1500,-1000
06/15/2018 18:20,SCH - HQ_CEDARS,325274,70,70,-40
06/15/2018 18:20,SCH - HQ_IMPORT_EXPORT,325376,1200,1310,-9999
06/15/2018 18:20,SCH - NE - NY,23318,343.77,1400,-1600
06/15/2018 18:20,SCH - NPX_1385,325277,100,200,-200
06/15/2018 18:20,SCH - NPX_CSC,325154,330,330,-330
06/15/2018 18:20,SCH - OH - NY,23317,359.18,1700,-1600
06/15/2018 18:20,SCH - PJ - NY,23316,498.96,2050,-1300
06/15/2018 18:20,SCH - PJM_HTP,325905,204,660,-660
06/15/2018 18:20,SCH - PJM_NEPTUNE,325305,660,660,-660
06/15/2018 18:20,SCH - PJM_VFT,325658,0,315,-315
06/15/2018 18:20,SPR/DUN-SOUTH,23320,3296.47,4600,-9999
06/15/2018 18:20,TOTAL EAST,23314,3470.43,6800,-9999
06/15/2018 18:20,UPNY CONED,23315,2508.92,5700,-9999
06/15/2018 18:20,WEST CENTRAL,23312,110.16,9999,-9999
06/15/2018 18:25,CENTRAL EAST - VC,23330,1698.2,2385,-9999
06/15/2018 18:25,DYSINGER EAST,23326,758.36,3150,-9999
06/15/2018 18:25,MOSES SOUTH,23319,1924.78,3150,-1600
06/15/2018 18:25,SCH - HQ - NY,23324,1500,1500,-1000
06/15/2018 18:25,SCH - HQ_CEDARS,325274,70,70,-40
06/15/2018 18:25,SCH - HQ_IMPORT_EXPORT,325376,1200,1310,-9999
06/15/2018 18:25,SCH - NE - NY,23318,343.74,1400,-1600
06/15/2018 18:25,SCH - NPX_1385,325277,100,200,-200
06/15/2018 18:25,SCH - NPX_CSC,325154,330,330,-330
06/15/2018 18:25,SCH - OH - NY,23317,354.7,1700,-1600
06/15/2018 18:25,SCH - PJ - NY,23316,497.93,2050,-1300
06/15/2018 18:25,SCH - PJM_HTP,325905,204,660,-660
06/15/2018 18:25,SCH - PJM_NEPTUNE,325305,660,660,-660
06/15/2018 18:25,SCH - PJM_VFT,325658,0,315,-315
06/15/2018 18:25,SPR/DUN-SOUTH,23320,3255.11,4600,-9999
06/15/2018 18:25,TOTAL EAST,23314,3458.89,6800,-9999
06/15/2018 18:25,UPNY CONED,23315,2487.39,5700,-9999
06/15/2018 18:25,WEST CENTRAL,23312,94.97,9999,-9999
06/15/2018 18:30,CENTRAL EAST - VC,23330,1701.59,2325,-9999
06/15/2018 18:30,DYSINGER EAST,23326,794.05,3150,-9999
06/15/2018 18:30,MOSES SOUTH,23319,1922.87,3150,-1600
06/15/2018 18:30,SCH - HQ - NY,23324,1500,1500,-1000
06/15/2018 18:30,SCH - HQ_CEDARS,325274,70,70,-40
06/15/2018 18:30,SCH - HQ_IMPORT_EXPORT,325376,1200,1310,-9999
06/15/2018 18:30,SCH - NE - NY,23318,305.74,1400,-1600
06/15/2018 18:30,SCH - NPX_1385,325277,100,200,-200
06/15/2018 18:30,SCH - NPX_CSC,325154,330,330,-330
06/15/2018 18:30,SCH - OH - NY,23317,360.34,1700,-1600
06/15/2018 18:30,SCH - PJ - NY,23316,476.15,2050,-1300
06/15/2018 18:30,SCH - PJM_HTP,325905,204,660,-660
06/15/2018 18:30,SCH - PJM_NEPTUNE,325305,660,660,-660
06/15/2018 18:30,SCH - PJM_VFT,325658,0,315,-315
06/15/2018 18:30,SPR/DUN-SOUTH,23320,3221.17,4600,-9999
06/15/2018 18:30,TOTAL EAST,23314,3433.29,6800,-9999
06/15/2018 18:30,UPNY CONED,23315,2444.81,5700,-9999
06/15/2018 18:30,WEST CENTRAL,23312,132.6,9999,-9999
06/15/2018 18:35,CENTRAL EAST - VC,23330,1703.71,2325,-9999
06/15/2018 18:35,DYSINGER EAST,23326,785.48,3150,-9999
06/15/2018 18:35,MOSES SOUTH,23319,1913.62,3150,-1600
06/15/2018 18:35,SCH - HQ - NY,23324,1500,1500,-1000
06/15/2018 18:35,SCH - HQ_CEDARS,325274,70,70,-40
06/15/2018 18:35,SCH - HQ_IMPORT_EXPORT,325376,1200,1310,-9999
06/15/2018 18:35,SCH - NE - NY,23318,267.73,1400,-1600
06/15/2018 18:35,SCH - NPX_1385,325277,100,200,-200
06/15/2018 18:35,SCH - NPX_CSC,325154,330,330,-330
06/15/2018 18:35,SCH - OH - NY,23317,358.7,1700,-1600
06/15/2018 18:35,SCH - PJ - NY,23316,464.08,2050,-1300
06/15/2018 18:35,SCH - PJM_HTP,325905,204,660,-660
06/15/2018 18:35,SCH - PJM_NEPTUNE,325305,660,660,-660
06/15/2018 18:35,SCH - PJM_VFT,325658,0,315,-315
06/15/2018 18:35,SPR/DUN-SOUTH,23320,3235.46,4600,-9999
06/15/2018 18:35,TOTAL EAST,23314,3438.14,6800,-9999
06/15/2018 18:35,UPNY CONED,23315,2448.26,5700,-9999
06/15/2018 18:35,WEST CENTRAL,23312,132.21,9999,-9999
06/15/2018 18:40,CENTRAL EAST - VC,23330,1718.91,2325,-9999
06/15/2018 18:40,DYSINGER EAST,23326,831.34,3150,-9999
06/15/2018 18:40,MOSES SOUTH,23319,1918.59,3150,-1600
06/15/2018 18:40,SCH - HQ - NY,23324,1500,1500,-1000
06/15/2018 18:40,SCH - HQ_CEDARS,325274,70,70,-40
06/15/2018 18:40,SCH - HQ_IMPORT_EXPORT,325376,1200,1310,-9999
06/15/2018 18:40,SCH - NE - NY,23318,267.7,1400,-1600
06/15/2018 18:40,SCH - NPX_1385,325277,100,200,-200
06/15/2018 18:40,SCH - NPX_CSC,325154,330,330,-330
06/15/2018 18:40,SCH - OH - NY,23317,358.77,1700,-1600
06/15/2018 18:40,SCH - PJ - NY,23316,462.91,2050,-1300
06/15/2018 18:40,SCH - PJM_HTP,325905,204,660,-660
06/15/2018 18:40,SCH - PJM_NEPTUNE,325305,660,660,-660
06/15/2018 18:40,SCH - PJM_VFT,325658,0,315,-315
06/15/2018 18:40,SPR/DUN-SOUTH,23320,3243.39,4600,-9999
06/15/2018 18:40,TOTAL EAST,23314,3437.79,6800,-9999
06/15/2018 18:40,UPNY CONED,23315,2446.63,5700,-9999
06/15/2018 18:40,WEST CENTRAL,23312,178.95,9999,-9999
06/15/2018 18:45,CENTRAL EAST - VC,23330,1731.45,2325,-9999
06/15/2018 18:45,DYSINGER EAST,23326,834.65,3150,-9999
06/15/2018 18:45,MOSES SOUTH,23319,1908.87,3150,-1600
06/15/2018 18:45,SCH - HQ - NY,23324,1500,1500,-1000
06/15/2018 18:45,SCH - HQ_CEDARS,325274,70,70,-40
06/15/2018 18:45,SCH - HQ_IMPORT_EXPORT,325376,1200,1310,-9999
06/15/2018 18:45,SCH - NE - NY,23318,278.71,1400,-1600
06/15/2018 18:45,SCH - NPX_1385,325277,100,200,-200
06/15/2018 18:45,SCH - NPX_CSC,325154,330,330,-330
06/15/2018 18:45,SCH - OH - NY,23317,361.35,1700,-1600
06/15/2018 18:45,SCH - PJ - NY,23316,484.31,2050,-1300
06/15/2018 18:45,SCH - PJM_HTP,325905,204,660,-660
06/15/2018 18:45,SCH - PJM_NEPTUNE,325305,660,660,-660
06/15/2018 18:45,SCH - PJM_VFT,325658,0,315,-315
06/15/2018 18:45,SPR/DUN-SOUTH,23320,3291.29,4600,-9999
06/15/2018 18:45,TOTAL EAST,23314,3462.3,6800,-9999
06/15/2018 18:45,UPNY CONED,23315,2477.45,5700,-9999
06/15/2018 18:45,WEST CENTRAL,23312,183.43,9999,-9999
06/15/2018 18:50,CENTRAL EAST - VC,23330,1703.48,2325,-9999
06/15/2018 18:50,DYSINGER EAST,23326,770.9,3150,-9999
06/15/2018 18:50,MOSES SOUTH,23319,1914.48,3150,-1600
06/15/2018 18:50,SCH - HQ - NY,23324,1500,1500,-1000
06/15/2018 18:50,SCH - HQ_CEDARS,325274,70,70,-40
06/15/2018 18:50,SCH - HQ_IMPORT_EXPORT,325376,1200,1310,-9999
06/15/2018 18:50,SCH - NE - NY,23318,290.77,1400,-1600
06/15/2018 18:50,SCH - NPX_1385,325277,100,200,-200
06/15/2018 18:50,SCH - NPX_CSC,325154,330,330,-330
06/15/2018 18:50,SCH - OH - NY,23317,356.62,1700,-1600
06/15/2018 18:50,SCH - PJ - NY,23316,511.24,2050,-1300
06/15/2018 18:50,SCH - PJM_HTP,325905,204,660,-660
06/15/2018 18:50,SCH - PJM_NEPTUNE,325305,660,660,-660
06/15/2018 18:50,SCH - PJM_VFT,325658,0,315,-315
06/15/2018 18:50,SPR/DUN-SOUTH,23320,3291.96,4600,-9999
06/15/2018 18:50,TOTAL EAST,23314,3492.43,6800,-9999
06/15/2018 18:50,UPNY CONED,23315,2474.34,5700,-9999
06/15/2018 18:50,WEST CENTRAL,23312,119.62,9999,-9999
06/15/2018 18:55,CENTRAL EAST - VC,23330,1735.25,2325,-9999
06/15/2018 18:55,DYSINGER EAST,23326,740.88,3150,-9999
06/15/2018 18:55,MOSES SOUTH,23319,2012.71,3150,-1600
06/15/2018 18:55,SCH - HQ - NY,23324,1500,1500,-1000
06/15/2018 18:55,SCH - HQ_CEDARS,325274,70,70,-40
06/15/2018 18:55,SCH - HQ_IMPORT_EXPORT,325376,1200,1310,-9999
06/15/2018 18:55,SCH - NE - NY,23318,290.76,1400,-1600
06/15/2018 18:55,SCH - NPX_1385,325277,100,200,-200
06/15/2018 18:55,SCH - NPX_CSC,325154,330,330,-330
06/15/2018 18:55,SCH - OH - NY,23317,360.01,1700,-1600
06/15/2018 18:55,SCH - PJ - NY,23316,510.32,2050,-1300
06/15/2018 18:55,SCH - PJM_HTP,325905,204,660,-660
06/15/2018 18:55,SCH - PJM_NEPTUNE,325305,660,660,-660
06/15/2018 18:55,SCH - PJM_VFT,325658,0,315,-315
06/15/2018 18:55,SPR/DUN-SOUTH,23320,3327.44,4600,-9999
06/15/2018 18:55,TOTAL EAST,23314,3498.68,6800,-9999
06/15/2018 18:55,UPNY CONED,23315,2486.31,5700,-9999
06/15/2018 18:55,WEST CENTRAL,23312,92.52,9999,-9999
06/15/2018 19:00,CENTRAL EAST - VC,23330,1764.4,2325,-9999
06/15/2018 19:00,DYSINGER EAST,23326,752.96,3150,-9999
06/15/2018 19:00,MOSES SOUTH,23319,2005.93,3150,-1600
06/15/2018 19:00,SCH - HQ - NY,23324,1500,1500,-1000
06/15/2018 19:00,SCH - HQ_CEDARS,325274,70,70,-40
06/15/2018 19:00,SCH - HQ_IMPORT_EXPORT,325376,1200,1310,-9999
06/15/2018 19:00,SCH - NE - NY,23318,190.63,1400,-1600
06/15/2018 19:00,SCH - NPX_1385,325277,109,200,-200
06/15/2018 19:00,SCH - NPX_CSC,325154,330,330,-330
06/15/2018 19:00,SCH - OH - NY,23317,336.44,1700,-1600
06/15/2018 19:00,SCH - PJ - NY,23316,596.48,2050,-1300
06/15/2018 19:00,SCH - PJM_HTP,325905,152,660,-660
06/15/2018 19:00,SCH - PJM_NEPTUNE,325305,660,660,-660
06/15/2018 19:00,SCH - PJM_VFT,325658,61,315,-315
06/15/2018 19:00,SPR/DUN-SOUTH,23320,3225.77,4600,-9999
06/15/2018 19:00,TOTAL EAST,23314,3572.98,6800,-9999
06/15/2018 19:00,UPNY CONED,23315,2393.9,5700,-9999
06/15/2018 19:00,WEST CENTRAL,23312,109.78,9999,-9999
06/15/2018 19:05,CENTRAL EAST - VC,23330,1781.86,2325,-9999
06/15/2018 19:05,DYSINGER EAST,23326,726.41,3150,-9999
06/15/2018 19:05,MOSES SOUTH,23319,2012.31,3150,-1600
06/15/2018 19:05,SCH - HQ - NY,23324,1500,1500,-1000
06/15/2018 19:05,SCH - HQ_CEDARS,325274,70,70,-40
06/15/2018 19:05,SCH - HQ_IMPORT_EXPORT,325376,1200,1310,-9999
06/15/2018 19:05,SCH - NE - NY,23318,90.49,1400,-1600
06/15/2018 19:05,SCH - NPX_1385,325277,119,200,-200
06/15/2018 19:05,SCH - NPX_CSC,325154,330,330,-330
06/15/2018 19:05,SCH - OH - NY,23317,310.29,1700,-1600
06/15/2018 19:05,SCH - PJ - NY,23316,685.91,2050,-1300
06/15/2018 19:05,SCH - PJM_HTP,325905,100,660,-660
06/15/2018 19:05,SCH - PJM_NEPTUNE,325305,660,660,-660
06/15/2018 19:05,SCH - PJM_VFT,325658,122,315,-315
06/15/2018 19:05,SPR/DUN-SOUTH,23320,3191.62,4600,-9999
06/15/2018 19:05,TOTAL EAST,23314,3631.44,6800,-9999
06/15/2018 19:05,UPNY CONED,23315,2374.23,5700,-9999
06/15/2018 19:05,WEST CENTRAL,23312,82.29,9999,-9999
06/15/2018 19:10,CENTRAL EAST - VC,23330,1817.07,2325,-9999
06/15/2018 19:10,DYSINGER EAST,23326,749.55,3150,-9999
06/15/2018 19:10,MOSES SOUTH,23319,2038.31,3150,-1600
06/15/2018 19:10,SCH - HQ - NY,23324,1500,1500,-1000
06/15/2018 19:10,SCH - HQ_CEDARS,325274,70,70,-40
06/15/2018 19:10,SCH - HQ_IMPORT_EXPORT,325376,1200,1310,-9999
06/15/2018 19:10,SCH - NE - NY,23318,90.47,1400,-1600
06/15/2018 19:10,SCH - NPX_1385,325277,119,200,-200
06/15/2018 19:10,SCH - NPX_CSC,325154,330,330,-330
06/15/2018 19:10,SCH - OH - NY,23317,313.68,1700,-1600
06/15/2018 19:10,SCH - PJ - NY,23316,684.29,2050,-1300
06/15/2018 19:10,SCH - PJM_HTP,325905,100,660,-660
06/15/2018 19:10,SCH - PJM_NEPTUNE,325305,660,660,-660
06/15/2018 19:10,SCH - PJM_VFT,325658,122,315,-315
06/15/2018 19:10,SPR/DUN-SOUTH,23320,3220.35,4600,-9999
06/15/2018 19:10,TOTAL EAST,23314,3629.74,6800,-9999
06/15/2018 19:10,UPNY CONED,23315,2385.55,5700,-9999
06/15/2018 19:10,WEST CENTRAL,23312,108.57,9999,-9999
06/15/2018 19:15,CENTRAL EAST - VC,23330,1810.85,2325,-9999
06/15/2018 19:15,DYSINGER EAST,23326,750.83,3150,-9999
06/15/2018 19:15,MOSES SOUTH,23319,2031.97,3150,-1600
06/15/2018 19:15,SCH - HQ - NY,23324,1500,1500,-1000
06/15/2018 19:15,SCH - HQ_CEDARS,325274,70,70,-40
06/15/2018 19:15,SCH - HQ_IMPORT_EXPORT,325376,1200,1310,-9999
06/15/2018 19:15,SCH - NE - NY,23318,90.44,1400,-1600
06/15/2018 19:15,SCH - NPX_1385,325277,119,200,-200
06/15/2018 19:15,SCH - NPX_CSC,325154,330,330,-330
06/15/2018 19:15,SCH - OH - NY,23317,308.97,1700,-1600
06/15/2018 19:15,SCH - PJ - NY,23316,684.78,2050,-1300
06/15/2018 19:15,SCH - PJM_HTP,325905,100,660,-660
06/15/2018 19:15,SCH - PJM_NEPTUNE,325305,660,660,-660
06/15/2018 19:15,SCH - PJM_VFT,325658,122,315,-315
06/15/2018 19:15,SPR/DUN-SOUTH,23320,3216.08,4600,-9999
06/15/2018 19:15,TOTAL EAST,23314,3639.41,6800,-9999
06/15/2018 19:15,UPNY CONED,23315,2426.65,5700,-9999
06/15/2018 19:15,WEST CENTRAL,23312,112.89,9999,-9999
06/15/2018 19:20,CENTRAL EAST - VC,23330,1824.82,2325,-9999
06/15/2018 19:20,DYSINGER EAST,23326,759.38,3150,-9999
06/15/2018 19:20,MOSES SOUTH,23319,2026.93,3150,-1600
06/15/2018 19:20,SCH - HQ - NY,23324,1500,1500,-1000
06/15/2018 19:20,SCH - HQ_CEDARS,325274,70,70,-40
06/15/2018 19:20,SCH - HQ_IMPORT_EXPORT,325376,1200,1310,-9999
06/15/2018 19:20,SCH - NE - NY,23318,90.44,1400,-1600
06/15/2018 19:20,SCH - NPX_1385,325277,119,200,-200
06/15/2018 19:20,SCH - NPX_CSC,325154,330,330,-330
06/15/2018 19:20,SCH - OH - NY,23317,308.96,1700,-1600
06/15/2018 19:20,SCH - PJ - NY,23316,679.09,2050,-1300
06/15/2018 19:20,SCH - PJM_HTP,325905,100,660,-660
06/15/2018 19:20,SCH - PJM_NEPTUNE,325305,660,660,-660
06/15/2018 19:20,SCH - PJM_VFT,325658,122,315,-315
06/15/2018 19:20,SPR/DUN-SOUTH,23320,3216.18,4600,-9999
06/15/2018 19:20,TOTAL EAST,23314,3648.94,6800,-9999
06/15/2018 19:20,UPNY CONED,23315,2428.72,5700,-9999
06/15/2018 19:20,WEST CENTRAL,23312,124.56,9999,-9999
06/15/2018 19:25,CENTRAL EAST - VC,23330,1837.17,2325,-9999
06/15/2018 19:25,DYSINGER EAST,23326,770.4,3150,-9999
06/15/2018 19:25,MOSES SOUTH,23319,2026.86,3150,-1600
06/15/2018 19:25,SCH - HQ - NY,23324,1500,1500,-1000
06/15/2018 19:25,SCH - HQ_CEDARS,325274,70,70,-40
06/15/2018 19:25,SCH - HQ_IMPORT_EXPORT,325376,1200,1310,-9999
06/15/2018 19:25,SCH - NE - NY,23318,90.45,1400,-1600
06/15/2018 19:25,SCH - NPX_1385,325277,119,200,-200
06/15/2018 19:25,SCH - NPX_CSC,325154,330,330,-330
06/15/2018 19:25,SCH - OH - NY,23317,308.97,1700,-1600
06/15/2018 19:25,SCH - PJ - NY,23316,680.43,2050,-1300
06/15/2018 19:25,SCH - PJM_HTP,325905,100,660,-660
06/15/2018 19:25,SCH - PJM_NEPTUNE,325305,660,660,-660
06/15/2018 19:25,SCH - PJM_VFT,325658,122,315,-315
06/15/2018 19:25,SPR/DUN-SOUTH,23320,3271.71,4600,-9999
06/15/2018 19:25,TOTAL EAST,23314,3662.6,6800,-9999
06/15/2018 19:25,UPNY CONED,23315,2461.62,5700,-9999
06/15/2018 19:25,WEST CENTRAL,23312,138.71,9999,-9999
06/15/2018 19:30,CENTRAL EAST - VC,23330,1818.23,2325,-9999
06/15/2018 19:30,DYSINGER EAST,23326,773.92,3150,-9999
06/15/2018 19:30,MOSES SOUTH,23319,2036.31,3150,-1600
06/15/2018 19:30,SCH - HQ - NY,23324,1500,1500,-1000
06/15/2018 19:30,SCH - HQ_CEDARS,325274,70,70,-40
06/15/2018 19:30,SCH - HQ_IMPORT_EXPORT,325376,1200,1310,-9999
06/15/2018 19:30,SCH - NE - NY,23318,61.42,1400,-1600
06/15/2018 19:30,SCH - NPX_1385,325277,119,200,-200
06/15/2018 19:30,SCH - NPX_CSC,325154,330,330,-330
06/15/2018 19:30,SCH - OH - NY,23317,309.06,1700,-1600
06/15/2018 19:30,SCH - PJ - NY,23316,682.52,2050,-1300
06/15/2018 19:30,SCH - PJM_HTP,325905,100,660,-660
06/15/2018 19:30,SCH - PJM_NEPTUNE,325305,660,660,-660
06/15/2018 19:30,SCH - PJM_VFT,325658,122,315,-315
06/15/2018 19:30,SPR/DUN-SOUTH,23320,3262.59,4600,-9999
06/15/2018 19:30,TOTAL EAST,23314,3662.27,6800,-9999
06/15/2018 19:30,UPNY CONED,23315,2426.95,5700,-9999
06/15/2018 19:30,WEST CENTRAL,23312,145.98,9999,-9999
06/15/2018 19:35,CENTRAL EAST - VC,23330,1827.96,2325,-9999
06/15/2018 19:35,DYSINGER EAST,23326,769.36,3150,-9999
06/15/2018 19:35,MOSES SOUTH,23319,2026.57,3150,-1600
06/15/2018 19:35,SCH - HQ - NY,23324,1500,1500,-1000
06/15/2018 19:35,SCH - HQ_CEDARS,325274,70,70,-40
06/15/2018 19:35,SCH - HQ_IMPORT_EXPORT,325376,1200,1310,-9999
06/15/2018 19:35,SCH - NE - NY,23318,33.37,1400,-1600
06/15/2018 19:35,SCH - NPX_1385,325277,119,200,-200
06/15/2018 19:35,SCH - NPX_CSC,325154,330,330,-330
06/15/2018 19:35,SCH - OH - NY,23317,309.02,1700,-1600
06/15/2018 19:35,SCH - PJ - NY,23316,680.89,2050,-1300
06/15/2018 19:35,SCH - PJM_HTP,325905,100,660,-660
06/15/2018 19:35,SCH - PJM_NEPTUNE,325305,660,660,-660
06/15/2018 19:35,SCH - PJM_VFT,325658,122,315,-315
06/15/2018 19:35,SPR/DUN-SOUTH,23320,3250.31,4600,-9999
06/15/2018 19:35,TOTAL EAST,23314,3662.48,6800,-9999
06/15/2018 19:35,UPNY CONED,23315,2406.88,5700,-9999
06/15/2018 19:35,WEST CENTRAL,23312,144.59,9999,-9999
06/15/2018 19:40,CENTRAL EAST - VC,23330,1844.49,2325,-9999
06/15/2018 19:40,DYSINGER EAST,23326,787.55,3150,-9999
06/15/2018 19:40,MOSES SOUTH,23319,2022.02,3150,-1600
06/15/2018 19:40,SCH - HQ - NY,23324,1500,1500,-1000
06/15/2018 19:40,SCH - HQ_CEDARS,325274,70,70,-40
06/15/2018 19:40,SCH - HQ_IMPORT_EXPORT,325376,1200,1310,-9999
06/15/2018 19:40,SCH - NE - NY,23318,33.35,1400,-1600
06/15/2018 19:40,SCH - NPX_1385,325277,119,200,-200
06/15/2018 19:40,SCH - NPX_CSC,325154,330,330,-330
06/15/2018 19:40,SCH - OH - NY,23317,309.05,1700,-1600
06/15/2018 19:40,SCH - PJ - NY,23316,680.34,2050,-1300
06/15/2018 19:40,SCH - PJM_HTP,325905,100,660,-660
06/15/2018 19:40,SCH - PJM_NEPTUNE,325305,660,660,-660
06/15/2018 19:40,SCH - PJM_VFT,325658,122,315,-315
06/15/2018 19:40,SPR/DUN-SOUTH,23320,3250.55,4600,-9999
06/15/2018 19:40,TOTAL EAST,23314,3648.4,6800,-9999
06/15/2018 19:40,UPNY CONED,23315,2405.11,5700,-9999
06/15/2018 19:40,WEST CENTRAL,23312,163.86,9999,-9999
06/15/2018 19:45,CENTRAL EAST - VC,23330,1816.16,2325,-9999
06/15/2018 19:45,DYSINGER EAST,23326,752.42,3150,-9999
06/15/2018 19:45,MOSES SOUTH,23319,2013.5,3150,-1600
06/15/2018 19:45,SCH - HQ - NY,23324,1500,1500,-1000
06/15/2018 19:45,SCH - HQ_CEDARS,325274,70,70,-40
06/15/2018 19:45,SCH - HQ_IMPORT_EXPORT,325376,1200,1310,-9999
06/15/2018 19:45,SCH - NE - NY,23318,28.36,1400,-1600
06/15/2018 19:45,SCH - NPX_1385,325277,119,200,-200
06/15/2018 19:45,SCH - NPX_CSC,325154,330,330,-330
06/15/2018 19:45,SCH - OH - NY,23317,308.99,1700,-1600
06/15/2018 19:45,SCH - PJ - NY,23316,681.96,2050,-1300
06/15/2018 19:45,SCH - PJM_HTP,325905,100,660,-660
06/15/2018 19:45,SCH - PJM_NEPTUNE,325305,660,660,-660
06/15/2018 19:45,SCH - PJM_VFT,325658,122,315,-315
06/15/2018 19:45,SPR/DUN-SOUTH,23320,3261.02,4600,-9999
06/15/2018 19:45,TOTAL EAST,23314,3664.32,6800,-9999
06/15/2018 19:45,UPNY CONED,23315,2407.58,5700,-9999
06/15/2018 19:45,WEST CENTRAL,23312,131.68,9999,-9999
06/15/2018 19:50,CENTRAL EAST - VC,23330,1812.62,2325,-9999
06/15/2018 19:50,DYSINGER EAST,23326,790.93,3150,-9999
06/15/2018 19:50,MOSES SOUTH,23319,2010.91,3150,-1600
06/15/2018 19:50,SCH - HQ - NY,23324,1500,1500,-1000
06/15/2018 19:50,SCH - HQ_CEDARS,325274,70,70,-40
06/15/2018 19:50,SCH - HQ_IMPORT_EXPORT,325376,1200,1310,-9999
06/15/2018 19:50,SCH - NE - NY,23318,23.36,1400,-1600
06/15/2018 19:50,SCH - NPX_1385,325277,119,200,-200
06/15/2018 19:50,SCH - NPX_CSC,325154,330,330,-330
06/15/2018 19:50,SCH - OH - NY,23317,309.1,1700,-1600
06/15/2018 19:50,SCH - PJ - NY,23316,682.05,2050,-1300
06/15/2018 19:50,SCH - PJM_HTP,325905,100,660,-660
06/15/2018 19:50,SCH - PJM_NEPTUNE,325305,660,660,-660
06/15/2018 19:50,SCH - PJM_VFT,325658,122,315,-315
06/15/2018 19:50,SPR/DUN-SOUTH,23320,3265.66,4600,-9999
06/15/2018 19:50,TOTAL EAST,23314,3668.73,6800,-9999
06/15/2018 19:50,UPNY CONED,23315,2406.25,5700,-9999
06/15/2018 19:50,WEST CENTRAL,23312,173.06,9999,-9999
06/15/2018 19:55,CENTRAL EAST - VC,23330,1822.75,2325,-9999
06/15/2018 19:55,DYSINGER EAST,23326,767.76,3150,-9999
06/15/2018 19:55,MOSES SOUTH,23319,2029.36,3150,-1600
06/15/2018 19:55,SCH - HQ - NY,23324,1500,1500,-1000
06/15/2018 19:55,SCH - HQ_CEDARS,325274,70,70,-40
06/15/2018 19:55,SCH - HQ_IMPORT_EXPORT,325376,1200,1310,-9999
06/15/2018 19:55,SCH - NE - NY,23318,23.33,1400,-1600
06/15/2018 19:55,SCH - NPX_1385,325277,119,200,-200
06/15/2018 19:55,SCH - NPX_CSC,325154,330,330,-330
06/15/2018 19:55,SCH - OH - NY,23317,309.01,1700,-1600
06/15/2018 19:55,SCH - PJ - NY,23316,679.82,2050,-1300
06/15/2018 19:55,SCH - PJM_HTP,325905,100,660,-660
06/15/2018 19:55,SCH - PJM_NEPTUNE,325305,660,660,-660
06/15/2018 19:55,SCH - PJM_VFT,325658,122,315,-315
06/15/2018 19:55,SPR/DUN-SOUTH,23320,3280.74,4600,-9999
06/15/2018 19:55,TOTAL EAST,23314,3651.52,6800,-9999
06/15/2018 19:55,UPNY CONED,23315,2409.26,5700,-9999
06/15/2018 19:55,WEST CENTRAL,23312,154.24,9999,-9999
06/15/2018 20:00,CENTRAL EAST - VC,23330,1802.37,2325,-9999
06/15/2018 20:00,DYSINGER EAST,23326,716.26,3150,-9999
06/15/2018 20:00,MOSES SOUTH,23319,2039.93,3150,-1600
06/15/2018 20:00,SCH - HQ - NY,23324,1500,1500,-1000
06/15/2018 20:00,SCH - HQ_CEDARS,325274,70,70,-40
06/15/2018 20:00,SCH - HQ_IMPORT_EXPORT,325376,1200,1310,-9999
06/15/2018 20:00,SCH - NE - NY,23318,-46.77,1400,-1600
06/15/2018 20:00,SCH - NPX_1385,325277,112,200,-200
06/15/2018 20:00,SCH - NPX_CSC,325154,330,330,-330
06/15/2018 20:00,SCH - OH - NY,23317,284.03,1700,-1600
06/15/2018 20:00,SCH - PJ - NY,23316,594.77,2050,-1300
06/15/2018 20:00,SCH - PJM_HTP,325905,100,660,-660
06/15/2018 20:00,SCH - PJM_NEPTUNE,325305,660,660,-660
06/15/2018 20:00,SCH - PJM_VFT,325658,174,315,-315
06/15/2018 20:00,SPR/DUN-SOUTH,23320,3158.24,4600,-9999
06/15/2018 20:00,TOTAL EAST,23314,3560.48,6800,-9999
06/15/2018 20:00,UPNY CONED,23315,2242.91,5700,-9999
06/15/2018 20:00,WEST CENTRAL,23312,113.64,9999,-9999
06/15/2018 20:05,CENTRAL EAST - VC,23330,1802.7,2325,-9999
06/15/2018 20:05,DYSINGER EAST,23326,668.97,3150,-9999
06/15/2018 20:05,MOSES SOUTH,23319,2044.81,3150,-1600
06/15/2018 20:05,SCH - HQ - NY,23324,1500,1500,-1000
06/15/2018 20:05,SCH - HQ_CEDARS,325274,70,70,-40
06/15/2018 20:05,SCH - HQ_IMPORT_EXPORT,325376,1200,1310,-9999
06/15/2018 20:05,SCH - NE - NY,23318,-116.9,1400,-1600
06/15/2018 20:05,SCH - NPX_1385,325277,105,200,-200
06/15/2018 20:05,SCH - NPX_CSC,325154,330,330,-330
06/15/2018 20:05,SCH - OH - NY,23317,259.01,1700,-1600
06/15/2018 20:05,SCH - PJ - NY,23316,507.36,2050,-1300
06/15/2018 20:05,SCH - PJM_HTP,325905,100,660,-660
06/15/2018 20:05,SCH - PJM_NEPTUNE,325305,660,660,-660
06/15/2018 20:05,SCH - PJM_VFT,325658,227,315,-315
06/15/2018 20:05,SPR/DUN-SOUTH,23320,2908.56,4600,-9999
06/15/2018 20:05,TOTAL EAST,23314,3556.21,6800,-9999
06/15/2018 20:05,UPNY CONED,23315,2168.55,5700,-9999
06/15/2018 20:05,WEST CENTRAL,23312,70.87,9999,-9999
06/15/2018 20:10,CENTRAL EAST - VC,23330,1864.66,2325,-9999
06/15/2018 20:10,DYSINGER EAST,23326,764.48,3150,-9999
06/15/2018 20:10,MOSES SOUTH,23319,2043.58,3150,-1600
06/15/2018 20:10,SCH - HQ - NY,23324,1500,1500,-1000
06/15/2018 20:10,SCH - HQ_CEDARS,325274,70,70,-40
06/15/2018 20:10,SCH - HQ_IMPORT_EXPORT,325376,1200,1310,-9999
06/15/2018 20:10,SCH - NE - NY,23318,-116.94,1400,-1600
06/15/2018 20:10,SCH - NPX_1385,325277,105,200,-200
06/15/2018 20:10,SCH - NPX_CSC,325154,330,330,-330
06/15/2018 20:10,SCH - OH - NY,23317,259.15,1700,-1600
06/15/2018 20:10,SCH - PJ - NY,23316,508.2,2050,-1300
06/15/2018 20:10,SCH - PJM_HTP,325905,100,660,-660
06/15/2018 20:10,SCH - PJM_NEPTUNE,325305,660,660,-660
06/15/2018 20:10,SCH - PJM_VFT,325658,227,315,-315
06/15/2018 20:10,SPR/DUN-SOUTH,23320,2925.83,4600,-9999
06/15/2018 20:10,TOTAL EAST,23314,3547.63,6800,-9999
06/15/2018 20:10,UPNY CONED,23315,2204.51,5700,-9999
06/15/2018 20:10,WEST CENTRAL,23312,164.77,9999,-9999
06/15/2018 20:15,CENTRAL EAST - VC,23330,1912.32,2325,-9999
06/15/2018 20:15,DYSINGER EAST,23326,791.56,3150,-9999
06/15/2018 20:15,MOSES SOUTH,23319,2032.78,3150,-1600
06/15/2018 20:15,SCH - HQ - NY,23324,1500,1500,-1000
06/15/2018 20:15,SCH - HQ_CEDARS,325274,70,70,-40
06/15/2018 20:15,SCH - HQ_IMPORT_EXPORT,325376,1200,1310,-9999
06/15/2018 20:15,SCH - NE - NY,23318,-123.28,1400,-1600
06/15/2018 20:15,SCH - NPX_1385,325277,105,200,-200
06/15/2018 20:15,SCH - NPX_CSC,325154,330,330,-330
06/15/2018 20:15,SCH - OH - NY,23317,259.07,1700,-1600
06/15/2018 20:15,SCH - PJ - NY,23316,507.53,2050,-1300
06/15/2018 20:15,SCH - PJM_HTP,325905,100,660,-660
06/15/2018 20:15,SCH - PJM_NEPTUNE,325305,660,660,-660
06/15/2018 20:15,SCH - PJM_VFT,325658,271,315,-315
06/15/2018 20:15,SPR/DUN-SOUTH,23320,2950.16,4600,-9999
06/15/2018 20:15,TOTAL EAST,23314,3531.66,6800,-9999
06/15/2018 20:15,UPNY CONED,23315,2231.9,5700,-9999
06/15/2018 20:15,WEST CENTRAL,23312,196.56,9999,-9999
06/15/2018 20:20,CENTRAL EAST - VC,23330,1931.72,2325,-9999
06/15/2018 20:20,DYSINGER EAST,23326,826.85,3150,-9999
06/15/2018 20:20,MOSES SOUTH,23319,2018.88,3150,-1600
06/15/2018 20:20,SCH - HQ - NY,23324,1500,1500,-1000
06/15/2018 20:20,SCH - HQ_CEDARS,325274,70,70,-40
06/15/2018 20:20,SCH - HQ_IMPORT_EXPORT,325376,1200,1310,-9999
06/15/2018 20:20,SCH - NE - NY,23318,-129.3,1400,-1600
06/15/2018 20:20,SCH - NPX_1385,325277,105,200,-200
06/15/2018 20:20,SCH - NPX_CSC,325154,330,330,-330
06/15/2018 20:20,SCH - OH - NY,23317,259.01,1700,-1600
06/15/2018 20:20,SCH - PJ - NY,23316,505.64,2050,-1300
06/15/2018 20:20,SCH - PJM_HTP,325905,100,660,-660
06/15/2018 20:20,SCH - PJM_NEPTUNE,325305,660,660,-660
06/15/2018 20:20,SCH - PJM_VFT,325658,315,315,-315
06/15/2018 20:20,SPR/DUN-SOUTH,23320,3060.38,4600,-9999
06/15/2018 20:20,TOTAL EAST,23314,3550.94,6800,-9999
06/15/2018 20:20,UPNY CONED,23315,2289.59,5700,-9999
06/15/2018 20:20,WEST CENTRAL,23312,243.19,9999,-9999
06/15/2018 20:25,CENTRAL EAST - VC,23330,1934.01,2325,-9999
06/15/2018 20:25,DYSINGER EAST,23326,847.7,3150,-9999
06/15/2018 20:25,MOSES SOUTH,23319,2002.08,3150,-1600
06/15/2018 20:25,SCH - HQ - NY,23324,1500,1500,-1000
06/15/2018 20:25,SCH - HQ_CEDARS,325274,70,70,-40
06/15/2018 20:25,SCH - HQ_IMPORT_EXPORT,325376,1200,1310,-9999
06/15/2018 20:25,SCH - NE - NY,23318,-129.27,1400,-1600
06/15/2018 20:25,SCH - NPX_1385,325277,105,200,-200
06/15/2018 20:25,SCH - NPX_CSC,325154,330,330,-330
06/15/2018 20:25,SCH - OH - NY,23317,259.03,1700,-1600
06/15/2018 20:25,SCH - PJ - NY,23316,507.56,2050,-1300
06/15/2018 20:25,SCH - PJM_HTP,325905,100,660,-660
06/15/2018 20:25,SCH - PJM_NEPTUNE,325305,660,660,-660
06/15/2018 20:25,SCH - PJM_VFT,325658,315,315,-315
06/15/2018 20:25,SPR/DUN-SOUTH,23320,3094.26,4600,-9999
06/15/2018 20:25,TOTAL EAST,23314,3562.79,6800,-9999
06/15/2018 20:25,UPNY CONED,23315,2312.65,5700,-9999
06/15/2018 20:25,WEST CENTRAL,23312,268.03,9999,-9999
06/15/2018 20:30,CENTRAL EAST - VC,23330,1909.71,2325,-9999
06/15/2018 20:30,DYSINGER EAST,23326,816.93,3150,-9999
06/15/2018 20:30,MOSES SOUTH,23319,2016.83,3150,-1600
06/15/2018 20:30,SCH - HQ - NY,23324,1500,1500,-1000
06/15/2018 20:30,SCH - HQ_CEDARS,325274,70,70,-40
06/15/2018 20:30,SCH - HQ_IMPORT_EXPORT,325376,1200,1310,-9999
06/15/2018 20:30,SCH - NE - NY,23318,-83.02,1400,-1600
06/15/2018 20:30,SCH - NPX_1385,325277,105,200,-200
06/15/2018 20:30,SCH - NPX_CSC,325154,330,330,-330
06/15/2018 20:30,SCH - OH - NY,23317,259.07,1700,-1600
06/15/2018 20:30,SCH - PJ - NY,23316,583.17,2050,-1300
06/15/2018 20:30,SCH - PJM_HTP,325905,100,660,-660
06/15/2018 20:30,SCH - PJM_NEPTUNE,325305,660,660,-660
06/15/2018 20:30,SCH - PJM_VFT,325658,315,315,-315
06/15/2018 20:30,SPR/DUN-SOUTH,23320,3177.69,4600,-9999
06/15/2018 20:30,TOTAL EAST,23314,3665.28,6800,-9999
06/15/2018 20:30,UPNY CONED,23315,2392.15,5700,-9999
06/15/2018 20:30,WEST CENTRAL,23312,240.14,9999,-9999
06/15/2018 20:35,CENTRAL EAST - VC,23330,1891.51,2325,-9999
06/15/2018 20:35,DYSINGER EAST,23326,766.48,3150,-9999
06/15/2018 20:35,MOSES SOUTH,23319,2028.89,3150,-1600
06/15/2018 20:35,SCH - HQ - NY,23324,1500,1500,-1000
06/15/2018 20:35,SCH - HQ_CEDARS,325274,70,70,-40
06/15/2018 20:35,SCH - HQ_IMPORT_EXPORT,325376,1200,1310,-9999
06/15/2018 20:35,SCH - NE - NY,23318,-37.89,1400,-1600
06/15/2018 20:35,SCH - NPX_1385,325277,105,200,-200
06/15/2018 20:35,SCH - NPX_CSC,325154,330,330,-330
06/15/2018 20:35,SCH - OH - NY,23317,259.11,1700,-1600
06/15/2018 20:35,SCH - PJ - NY,23316,656.27,2050,-1300
06/15/2018 20:35,SCH - PJM_HTP,325905,100,660,-660
06/15/2018 20:35,SCH - PJM_NEPTUNE,325305,660,660,-660
06/15/2018 20:35,SCH - PJM_VFT,325658,315,315,-315
06/15/2018 20:35,SPR/DUN-SOUTH,23320,3202.36,4600,-9999
06/15/2018 20:35,TOTAL EAST,23314,3668.88,6800,-9999
06/15/2018 20:35,UPNY CONED,23315,2414.83,5700,-9999
06/15/2018 20:35,WEST CENTRAL,23312,195.99,9999,-9999
06/15/2018 20:40,CENTRAL EAST - VC,23330,1885.54,2325,-9999
06/15/2018 20:40,DYSINGER EAST,23326,714.61,3150,-9999
06/15/2018 20:40,MOSES SOUTH,23319,2041.46,3150,-1600
06/15/2018 20:40,SCH - HQ - NY,23324,1500,1500,-1000
06/15/2018 20:40,SCH - HQ_CEDARS,325274,70,70,-40
06/15/2018 20:40,SCH - HQ_IMPORT_EXPORT,325376,1200,1310,-9999
06/15/2018 20:40,SCH - NE - NY,23318,-37.88,1400,-1600
06/15/2018 20:40,SCH - NPX_1385,325277,105,200,-200
06/15/2018 20:40,SCH - NPX_CSC,325154,330,330,-330
06/15/2018 20:40,SCH - OH - NY,23317,259.03,1700,-1600
06/15/2018 20:40,SCH - PJ - NY,23316,659.56,2050,-1300
06/15/2018 20:40,SCH - PJM_HTP,325905,100,660,-660
06/15/2018 20:40,SCH - PJM_NEPTUNE,325305,660,660,-660
06/15/2018 20:40,SCH - PJM_VFT,325658,315,315,-315
06/15/2018 20:40,SPR/DUN-SOUTH,23320,3202.84,4600,-9999
06/15/2018 20:40,TOTAL EAST,23314,3654.94,6800,-9999
06/15/2018 20:40,UPNY CONED,23315,2414.32,5700,-9999
06/15/2018 20:40,WEST CENTRAL,23312,148.34,9999,-9999
06/15/2018 20:45,CENTRAL EAST - VC,23330,1886.51,2325,-9999
06/15/2018 20:45,DYSINGER EAST,23326,756.77,3150,-9999
06/15/2018 20:45,MOSES SOUTH,23319,2051.66,3150,-1600
06/15/2018 20:45,SCH - HQ - NY,23324,1500,1500,-1000
06/15/2018 20:45,SCH - HQ_CEDARS,325274,70,70,-40
06/15/2018 20:45,SCH - HQ_IMPORT_EXPORT,325376,1200,1310,-9999
06/15/2018 20:45,SCH - NE - NY,23318,-74.97,1400,-1600
06/15/2018 20:45,SCH - NPX_1385,325277,105,200,-200
06/15/2018 20:45,SCH - NPX_CSC,325154,330,330,-330
06/15/2018 20:45,SCH - OH - NY,23317,259.18,1700,-1600
06/15/2018 20:45,SCH - PJ - NY,23316,658.56,2050,-1300
06/15/2018 20:45,SCH - PJM_HTP,325905,100,660,-660
06/15/2018 20:45,SCH - PJM_NEPTUNE,325305,660,660,-660
06/15/2018 20:45,SCH - PJM_VFT,325658,315,315,-315
06/15/2018 20:45,SPR/DUN-SOUTH,23320,3182.57,4600,-9999
06/15/2018 20:45,TOTAL EAST,23314,3690.48,6800,-9999
06/15/2018 20:45,UPNY CONED,23315,2399.01,5700,-9999
06/15/2018 20:45,WEST CENTRAL,23312,189.16,9999,-9999
06/15/2018 20:50,CENTRAL EAST - VC,23330,1893.78,2325,-9999
06/15/2018 20:50,DYSINGER EAST,23326,745.14,3150,-9999
06/15/2018 20:50,MOSES SOUTH,23319,2047.95,3150,-1600
06/15/2018 20:50,SCH - HQ - NY,23324,1500,1500,-1000
06/15/2018 20:50,SCH - HQ_CEDARS,325274,70,70,-40
06/15/2018 20:50,SCH - HQ_IMPORT_EXPORT,325376,1200,1310,-9999
06/15/2018 20:50,SCH - NE - NY,23318,-112.11,1400,-1600
06/15/2018 20:50,SCH - NPX_1385,325277,105,200,-200
06/15/2018 20:50,SCH - NPX_CSC,325154,330,330,-330
06/15/2018 20:50,SCH - OH - NY,23317,259.08,1700,-1600
06/15/2018 20:50,SCH - PJ - NY,23316,659.76,2050,-1300
06/15/2018 20:50,SCH - PJM_HTP,325905,100,660,-660
06/15/2018 20:50,SCH - PJM_NEPTUNE,325305,660,660,-660
06/15/2018 20:50,SCH - PJM_VFT,325658,315,315,-315
06/15/2018 20:50,SPR/DUN-SOUTH,23320,3165.81,4600,-9999
06/15/2018 20:50,TOTAL EAST,23314,3737.18,6800,-9999
06/15/2018 20:50,UPNY CONED,23315,2387.64,5700,-9999
06/15/2018 20:50,WEST CENTRAL,23312,178.48,9999,-9999
06/15/2018 20:55,CENTRAL EAST - VC,23330,1940.56,2325,-9999
06/15/2018 20:55,DYSINGER EAST,23326,781.96,3150,-9999
06/15/2018 20:55,MOSES SOUTH,23319,2056.48,3150,-1600
06/15/2018 20:55,SCH - HQ - NY,23324,1500,1500,-1000
06/15/2018 20:55,SCH - HQ_CEDARS,325274,70,70,-40
06/15/2018 20:55,SCH - HQ_IMPORT_EXPORT,325376,1200,1310,-9999
06/15/2018 20:55,SCH - NE - NY,23318,-112.21,1400,-1600
06/15/2018 20:55,SCH - NPX_1385,325277,105,200,-200
06/15/2018 20:55,SCH - NPX_CSC,325154,330,330,-330
06/15/2018 20:55,SCH - OH - NY,23317,259.05,1700,-1600
06/15/2018 20:55,SCH - PJ - NY,23316,658.01,2050,-1300
06/15/2018 20:55,SCH - PJM_HTP,325905,100,660,-660
06/15/2018 20:55,SCH - PJM_NEPTUNE,325305,660,660,-660
06/15/2018 20:55,SCH - PJM_VFT,325658,315,315,-315
06/15/2018 20:55,SPR/DUN-SOUTH,23320,3188.63,4600,-9999
06/15/2018 20:55,TOTAL EAST,23314,3772.32,6800,-9999
06/15/2018 20:55,UPNY CONED,23315,2413.59,5700,-9999
06/15/2018 20:55,WEST CENTRAL,23312,214.41,9999,-9999
06/15/2018 21:00,CENTRAL EAST - VC,23330,1901.92,2325,-9999
06/15/2018 21:00,DYSINGER EAST,23326,753.54,3150,-9999
06/15/2018 21:00,MOSES SOUTH,23319,2036.39,3150,-1600
06/15/2018 21:00,SCH - HQ - NY,23324,1500,1500,-1000
06/15/2018 21:00,SCH - HQ_CEDARS,325274,70,70,-40
06/15/2018 21:00,SCH - HQ_IMPORT_EXPORT,325376,1200,1310,-9999
06/15/2018 21:00,SCH - NE - NY,23318,-62.94,1400,-1600
06/15/2018 21:00,SCH - NPX_1385,325277,130,200,-200
06/15/2018 21:00,SCH - NPX_CSC,325154,330,330,-330
06/15/2018 21:00,SCH - OH - NY,23317,270.99,1700,-1600
06/15/2018 21:00,SCH - PJ - NY,23316,606.6,2050,-1300
06/15/2018 21:00,SCH - PJM_HTP,325905,100,660,-660
06/15/2018 21:00,SCH - PJM_NEPTUNE,325305,657,660,-660
06/15/2018 21:00,SCH - PJM_VFT,325658,315,315,-315
06/15/2018 21:00,SPR/DUN-SOUTH,23320,3158.86,4600,-9999
06/15/2018 21:00,TOTAL EAST,23314,3750.7,6800,-9999
06/15/2018 21:00,UPNY CONED,23315,2429.72,5700,-9999
06/15/2018 21:00,WEST CENTRAL,23312,185.86,9999,-9999
06/15/2018 21:05,CENTRAL EAST - VC,23330,1887.38,2325,-9999
06/15/2018 21:05,DYSINGER EAST,23326,740.32,3150,-9999
06/15/2018 21:05,MOSES SOUTH,23319,2052.89,3150,-1600
06/15/2018 21:05,SCH - HQ - NY,23324,1500,1500,-1000
06/15/2018 21:05,SCH - HQ_CEDARS,325274,70,70,-40
06/15/2018 21:05,SCH - HQ_IMPORT_EXPORT,325376,1200,1310,-9999
06/15/2018 21:05,SCH - NE - NY,23318,-14.8,1400,-1600
06/15/2018 21:05,SCH - NPX_1385,325277,155,200,-200
06/15/2018 21:05,SCH - NPX_CSC,325154,330,330,-330
06/15/2018 21:05,SCH - OH - NY,23317,283.97,1700,-1600
06/15/2018 21:05,SCH - PJ - NY,23316,559.99,2050,-1300
06/15/2018 21:05,SCH - PJM_HTP,325905,100,660,-660
06/15/2018 21:05,SCH - PJM_NEPTUNE,325305,654,660,-660
06/15/2018 21:05,SCH - PJM_VFT,325658,315,315,-315
06/15/2018 21:05,SPR/DUN-SOUTH,23320,3190.89,4600,-9999
06/15/2018 21:05,TOTAL EAST,23314,3740.75,6800,-9999
06/15/2018 21:05,UPNY CONED,23315,2473.49,5700,-9999
06/15/2018 21:05,WEST CENTRAL,23312,176.65,9999,-9999
06/15/2018 21:10,CENTRAL EAST - VC,23330,1902.78,2325,-9999
06/15/2018 21:10,DYSINGER EAST,23326,780.13,3150,-9999
06/15/2018 21:10,MOSES SOUTH,23319,2061.96,3150,-1600
06/15/2018 21:10,SCH - HQ - NY,23324,1500,1500,-1000
06/15/2018 21:10,SCH - HQ_CEDARS,325274,70,70,-40
06/15/2018 21:10,SCH - HQ_IMPORT_EXPORT,325376,1200,1310,-9999
06/15/2018 21:10,SCH - NE - NY,23318,-14.78,1400,-1600
06/15/2018 21:10,SCH - NPX_1385,325277,155,200,-200
06/15/2018 21:10,SCH - NPX_CSC,325154,330,330,-330
06/15/2018 21:10,SCH - OH - NY,23317,284.05,1700,-1600
06/15/2018 21:10,SCH - PJ - NY,23316,556.95,2050,-1300
06/15/2018 21:10,SCH - PJM_HTP,325905,100,660,-660
06/15/2018 21:10,SCH - PJM_NEPTUNE,325305,654,660,-660
06/15/2018 21:10,SCH - PJM_VFT,325658,315,315,-315
06/15/2018 21:10,SPR/DUN-SOUTH,23320,3169.26,4600,-9999
06/15/2018 21:10,TOTAL EAST,23314,3730.48,6800,-9999
06/15/2018 21:10,UPNY CONED,23315,2465.46,5700,-9999
06/15/2018 21:10,WEST CENTRAL,23312,215.39,9999,-9999
06/15/2018 21:15,CENTRAL EAST - VC,23330,1936.6,2325,-9999
06/15/2018 21:15,DYSINGER EAST,23326,801.37,3150,-9999
06/15/2018 21:15,MOSES SOUTH,23319,2064.31,3150,-1600
06/15/2018 21:15,SCH - HQ - NY,23324,1500,1500,-1000
06/15/2018 21:15,SCH - HQ_CEDARS,325274,70,70,-40
06/15/2018 21:15,SCH - HQ_IMPORT_EXPORT,325376,1200,1310,-9999
06/15/2018 21:15,SCH - NE - NY,23318,-14.76,1400,-1600
06/15/2018 21:15,SCH - NPX_1385,325277,155,200,-200
06/15/2018 21:15,SCH - NPX_CSC,325154,330,330,-330
06/15/2018 21:15,SCH - OH - NY,23317,284.06,1700,-1600
06/15/2018 21:15,SCH - PJ - NY,23316,533.86,2050,-1300
06/15/2018 21:15,SCH - PJM_HTP,325905,100,660,-660
06/15/2018 21:15,SCH - PJM_NEPTUNE,325305,654,660,-660
06/15/2018 21:15,SCH - PJM_VFT,325658,315,315,-315
06/15/2018 21:15,SPR/DUN-SOUTH,23320,3090.25,4600,-9999
06/15/2018 21:15,TOTAL EAST,23314,3709.02,6800,-9999
06/15/2018 21:15,UPNY CONED,23315,2413.2,5700,-9999
06/15/2018 21:15,WEST CENTRAL,23312,235.8,9999,-9999
06/15/2018 21:20,CENTRAL EAST - VC,23330,1953.8,2325,-9999
06/15/2018 21:20,DYSINGER EAST,23326,783.38,3150,-9999
06/15/2018 21:20,MOSES SOUTH,23319,2056.08,3150,-1600
06/15/2018 21:20,SCH - HQ - NY,23324,1500,1500,-1000
06/15/2018 21:20,SCH - HQ_CEDARS,325274,70,70,-40
06/15/2018 21:20,SCH - HQ_IMPORT_EXPORT,325376,1200,1310,-9999
06/15/2018 21:20,SCH - NE - NY,23318,-14.81,1400,-1600
06/15/2018 21:20,SCH - NPX_1385,325277,155,200,-200
06/15/2018 21:20,SCH - NPX_CSC,325154,330,330,-330
06/15/2018 21:20,SCH - OH - NY,23317,284.02,1700,-1600
06/15/2018 21:20,SCH - PJ - NY,23316,509.92,2050,-1300
06/15/2018 21:20,SCH - PJM_HTP,325905,100,660,-660
06/15/2018 21:20,SCH - PJM_NEPTUNE,325305,654,660,-660
06/15/2018 21:20,SCH - PJM_VFT,325658,315,315,-315
06/15/2018 21:20,SPR/DUN-SOUTH,23320,3058.56,4600,-9999
06/15/2018 21:20,TOTAL EAST,23314,3694.36,6800,-9999
06/15/2018 21:20,UPNY CONED,23315,2377.54,5700,-9999
06/15/2018 21:20,WEST CENTRAL,23312,222,9999,-9999
06/15/2018 21:25,CENTRAL EAST - VC,23330,1934.18,2325,-9999
06/15/2018 21:25,DYSINGER EAST,23326,771.56,3150,-9999
06/15/2018 21:25,MOSES SOUTH,23319,2040.66,3150,-1600
06/15/2018 21:25,SCH - HQ - NY,23324,1500,1500,-1000
06/15/2018 21:25,SCH - HQ_CEDARS,325274,70,70,-40
06/15/2018 21:25,SCH - HQ_IMPORT_EXPORT,325376,1200,1310,-9999
06/15/2018 21:25,SCH - NE - NY,23318,-14.79,1400,-1600
06/15/2018 21:25,SCH - NPX_1385,325277,155,200,-200
06/15/2018 21:25,SCH - NPX_CSC,325154,330,330,-330
06/15/2018 21:25,SCH - OH - NY,23317,284.02,1700,-1600
06/15/2018 21:25,SCH - PJ - NY,23316,510.76,2050,-1300
06/15/2018 21:25,SCH - PJM_HTP,325905,100,660,-660
06/15/2018 21:25,SCH - PJM_NEPTUNE,325305,654,660,-660
06/15/2018 21:25,SCH - PJM_VFT,325658,315,315,-315
06/15/2018 21:25,SPR/DUN-SOUTH,23320,3053.65,4600,-9999
06/15/2018 21:25,TOTAL EAST,23314,3697.67,6800,-9999
06/15/2018 21:25,UPNY CONED,23315,2380.06,5700,-9999
06/15/2018 21:25,WEST CENTRAL,23312,213.15,9999,-9999
06/15/2018 21:30,CENTRAL EAST - VC,23330,1956.36,2325,-9999
06/15/2018 21:30,DYSINGER EAST,23326,820.45,3150,-9999
06/15/2018 21:30,MOSES SOUTH,23319,2038.27,3150,-1600
06/15/2018 21:30,SCH - HQ - NY,23324,1500,1500,-1000
06/15/2018 21:30,SCH - HQ_CEDARS,325274,70,70,-40
06/15/2018 21:30,SCH - HQ_IMPORT_EXPORT,325376,1200,1310,-9999
06/15/2018 21:30,SCH - NE - NY,23318,-14.8,1400,-1600
06/15/2018 21:30,SCH - NPX_1385,325277,155,200,-200
06/15/2018 21:30,SCH - NPX_CSC,325154,330,330,-330
06/15/2018 21:30,SCH - OH - NY,23317,284.15,1700,-1600
06/15/2018 21:30,SCH - PJ - NY,23316,512.1,2050,-1300
06/15/2018 21:30,SCH - PJM_HTP,325905,100,660,-660
06/15/2018 21:30,SCH - PJM_NEPTUNE,325305,654,660,-660
06/15/2018 21:30,SCH - PJM_VFT,325658,315,315,-315
06/15/2018 21:30,SPR/DUN-SOUTH,23320,3069.1,4600,-9999
06/15/2018 21:30,TOTAL EAST,23314,3702.81,6800,-9999
06/15/2018 21:30,UPNY CONED,23315,2401.19,5700,-9999
06/15/2018 21:30,WEST CENTRAL,23312,266.95,9999,-9999
06/15/2018 21:35,CENTRAL EAST - VC,23330,1957.17,2325,-9999
06/15/2018 21:35,DYSINGER EAST,23326,798.05,3150,-9999
06/15/2018 21:35,MOSES SOUTH,23319,2023.81,3150,-1600
06/15/2018 21:35,SCH - HQ - NY,23324,1500,1500,-1000
06/15/2018 21:35,SCH - HQ_CEDARS,325274,70,70,-40
06/15/2018 21:35,SCH - HQ_IMPORT_EXPORT,325376,1200,1310,-9999
06/15/2018 21:35,SCH - NE - NY,23318,-14.8,1400,-1600
06/15/2018 21:35,SCH - NPX_1385,325277,155,200,-200
06/15/2018 21:35,SCH - NPX_CSC,325154,330,330,-330
06/15/2018 21:35,SCH - OH - NY,23317,284.04,1700,-1600
06/15/2018 21:35,SCH - PJ - NY,23316,510.08,2050,-1300
06/15/2018 21:35,SCH - PJM_HTP,325905,100,660,-660
06/15/2018 21:35,SCH - PJM_NEPTUNE,325305,654,660,-660
06/15/2018 21:35,SCH - PJM_VFT,325658,315,315,-315
06/15/2018 21:35,SPR/DUN-SOUTH,23320,3107.18,4600,-9999
06/15/2018 21:35,TOTAL EAST,23314,3719.44,6800,-9999
06/15/2018 21:35,UPNY CONED,23315,2431.65,5700,-9999
06/15/2018 21:35,WEST CENTRAL,23312,249.85,9999,-9999
06/15/2018 21:40,CENTRAL EAST - VC,23330,1927.74,2325,-9999
06/15/2018 21:40,DYSINGER EAST,23326,756.27,3150,-9999
06/15/2018 21:40,MOSES SOUTH,23319,2013.56,3150,-1600
06/15/2018 21:40,SCH - HQ - NY,23324,1500,1500,-1000
06/15/2018 21:40,SCH - HQ_CEDARS,325274,70,70,-40
06/15/2018 21:40,SCH - HQ_IMPORT_EXPORT,325376,1200,1310,-9999
06/15/2018 21:40,SCH - NE - NY,23318,-14.8,1400,-1600
06/15/2018 21:40,SCH - NPX_1385,325277,155,200,-200
06/15/2018 21:40,SCH - NPX_CSC,325154,330,330,-330
06/15/2018 21:40,SCH - OH - NY,23317,283.94,1700,-1600
06/15/2018 21:40,SCH - PJ - NY,23316,509.78,2050,-1300
06/15/2018 21:40,SCH - PJM_HTP,325905,100,660,-660
06/15/2018 21:40,SCH - PJM_NEPTUNE,325305,654,660,-660
06/15/2018 21:40,SCH - PJM_VFT,325658,315,315,-315
06/15/2018 21:40,SPR/DUN-SOUTH,23320,3125.73,4600,-9999
06/15/2018 21:40,TOTAL EAST,23314,3737.57,6800,-9999
06/15/2018 21:40,UPNY CONED,23315,2433.8,5700,-9999
06/15/2018 21:40,WEST CENTRAL,23312,214.24,9999,-9999
06/15/2018 21:45,CENTRAL EAST - VC,23330,1923.89,2325,-9999
06/15/2018 21:45,DYSINGER EAST,23326,733.77,3150,-9999
06/15/2018 21:45,MOSES SOUTH,23319,2018.15,3150,-1600
06/15/2018 21:45,SCH - HQ - NY,23324,1500,1500,-1000
06/15/2018 21:45,SCH - HQ_CEDARS,325274,70,70,-40
06/15/2018 21:45,SCH - HQ_IMPORT_EXPORT,325376,1200,1310,-9999
06/15/2018 21:45,SCH - NE - NY,23318,-27.78,1400,-1600
06/15/2018 21:45,SCH - NPX_1385,325277,155,200,-200
06/15/2018 21:45,SCH - NPX_CSC,325154,330,330,-330
06/15/2018 21:45,SCH - OH - NY,23317,283.94,1700,-1600
06/15/2018 21:45,SCH - PJ - NY,23316,509.88,2050,-1300
06/15/2018 21:45,SCH - PJM_HTP,325905,100,660,-660
06/15/2018 21:45,SCH - PJM_NEPTUNE,325305,654,660,-660
06/15/2018 21:45,SCH - PJM_VFT,325658,315,315,-315
06/15/2018 21:45,SPR/DUN-SOUTH,23320,3100.02,4600,-9999
06/15/2018 21:45,TOTAL EAST,23314,3777.17,6800,-9999
06/15/2018 21:45,UPNY CONED,23315,2395.93,5700,-9999
06/15/2018 21:45,WEST CENTRAL,23312,197.67,9999,-9999
06/15/2018 21:50,CENTRAL EAST - VC,23330,1933.47,2325,-9999
06/15/2018 21:50,DYSINGER EAST,23326,710.79,3150,-9999
06/15/2018 21:50,MOSES SOUTH,23319,2023.76,3150,-1600
06/15/2018 21:50,SCH - HQ - NY,23324,1500,1500,-1000
06/15/2018 21:50,SCH - HQ_CEDARS,325274,70,70,-40
06/15/2018 21:50,SCH - HQ_IMPORT_EXPORT,325376,1200,1310,-9999
06/15/2018 21:50,SCH - NE - NY,23318,-41.85,1400,-1600
06/15/2018 21:50,SCH - NPX_1385,325277,155,200,-200
06/15/2018 21:50,SCH - NPX_CSC,325154,330,330,-330
06/15/2018 21:50,SCH - OH - NY,23317,283.94,1700,-1600
06/15/2018 21:50,SCH - PJ - NY,23316,508.52,2050,-1300
06/15/2018 21:50,SCH - PJM_HTP,325905,100,660,-660
06/15/2018 21:50,SCH - PJM_NEPTUNE,325305,654,660,-660
06/15/2018 21:50,SCH - PJM_VFT,325658,315,315,-315
06/15/2018 21:50,SPR/DUN-SOUTH,23320,3081.91,4600,-9999
06/15/2018 21:50,TOTAL EAST,23314,3770.41,6800,-9999
06/15/2018 21:50,UPNY CONED,23315,2365.22,5700,-9999
06/15/2018 21:50,WEST CENTRAL,23312,182.09,9999,-9999
06/15/2018 21:55,CENTRAL EAST - VC,23330,1920.21,2325,-9999
06/15/2018 21:55,DYSINGER EAST,23326,711.35,3150,-9999
06/15/2018 21:55,MOSES SOUTH,23319,2035.5,3150,-1600
06/15/2018 21:55,SCH - HQ - NY,23324,1500,1500,-1000
06/15/2018 21:55,SCH - HQ_CEDARS,325274,70,70,-40
06/15/2018 21:55,SCH - HQ_IMPORT_EXPORT,325376,1200,1310,-9999
06/15/2018 21:55,SCH - NE - NY,23318,-41.85,1400,-1600
06/15/2018 21:55,SCH - NPX_1385,325277,155,200,-200
06/15/2018 21:55,SCH - NPX_CSC,325154,330,330,-330
06/15/2018 21:55,SCH - OH - NY,23317,285.45,1700,-1600
06/15/2018 21:55,SCH - PJ - NY,23316,508.85,2050,-1300
06/15/2018 21:55,SCH - PJM_HTP,325905,100,660,-660
06/15/2018 21:55,SCH - PJM_NEPTUNE,325305,654,660,-660
06/15/2018 21:55,SCH - PJM_VFT,325658,315,315,-315
06/15/2018 21:55,SPR/DUN-SOUTH,23320,3053.43,4600,-9999
06/15/2018 21:55,TOTAL EAST,23314,3758.77,6800,-9999
06/15/2018 21:55,UPNY CONED,23315,2359.15,5700,-9999
06/15/2018 21:55,WEST CENTRAL,23312,188.69,9999,-9999
06/15/2018 22:00,CENTRAL EAST - VC,23330,1961.09,2325,-9999
06/15/2018 22:00,DYSINGER EAST,23326,763.39,3150,-9999
06/15/2018 22:00,MOSES SOUTH,23319,2006.86,3150,-1600
06/15/2018 22:00,SCH - HQ - NY,23324,1500,1500,-1000
06/15/2018 22:00,SCH - HQ_CEDARS,325274,70,70,-40
06/15/2018 22:00,SCH - HQ_IMPORT_EXPORT,325376,1200,1310,-9999
06/15/2018 22:00,SCH - NE - NY,23318,-51.9,1400,-1600
06/15/2018 22:00,SCH - NPX_1385,325277,131,200,-200
06/15/2018 22:00,SCH - NPX_CSC,325154,330,330,-330
06/15/2018 22:00,SCH - OH - NY,23317,316.89,1700,-1600
06/15/2018 22:00,SCH - PJ - NY,23316,592.37,2050,-1300
06/15/2018 22:00,SCH - PJM_HTP,325905,100,660,-660
06/15/2018 22:00,SCH - PJM_NEPTUNE,325305,574,660,-660
06/15/2018 22:00,SCH - PJM_VFT,325658,315,315,-315
06/15/2018 22:00,SPR/DUN-SOUTH,23320,3025.83,4600,-9999
06/15/2018 22:00,TOTAL EAST,23314,3925.62,6800,-9999
06/15/2018 22:00,UPNY CONED,23315,2456.26,5700,-9999
06/15/2018 22:00,WEST CENTRAL,23312,249.82,9999,-9999
06/15/2018 22:05,CENTRAL EAST - VC,23330,2036.27,2325,-9999
06/15/2018 22:05,DYSINGER EAST,23326,781.87,3150,-9999
06/15/2018 22:05,MOSES SOUTH,23319,2013.1,3150,-1600
06/15/2018 22:05,SCH - HQ - NY,23324,1500,1500,-1000
06/15/2018 22:05,SCH - HQ_CEDARS,325274,70,70,-40
06/15/2018 22:05,SCH - HQ_IMPORT_EXPORT,325376,1200,1310,-9999
06/15/2018 22:05,SCH - NE - NY,23318,-62.04,1400,-1600
06/15/2018 22:05,SCH - NPX_1385,325277,107,200,-200
06/15/2018 22:05,SCH - NPX_CSC,325154,330,330,-330
06/15/2018 22:05,SCH - OH - NY,23317,353.72,1700,-1600
06/15/2018 22:05,SCH - PJ - NY,23316,667.81,2050,-1300
06/15/2018 22:05,SCH - PJM_HTP,325905,100,660,-660
06/15/2018 22:05,SCH - PJM_NEPTUNE,325305,495,660,-660
06/15/2018 22:05,SCH - PJM_VFT,325658,315,315,-315
06/15/2018 22:05,SPR/DUN-SOUTH,23320,2991.44,4600,-9999
06/15/2018 22:05,TOTAL EAST,23314,4040.52,6800,-9999
06/15/2018 22:05,UPNY CONED,23315,2540.79,5700,-9999
06/15/2018 22:05,WEST CENTRAL,23312,278.81,9999,-9999
06/15/2018 22:10,CENTRAL EAST - VC,23330,2012.62,2325,-9999
06/15/2018 22:10,DYSINGER EAST,23326,787.08,3150,-9999
06/15/2018 22:10,MOSES SOUTH,23319,2029.1,3150,-1600
06/15/2018 22:10,SCH - HQ - NY,23324,1500,1500,-1000
06/15/2018 22:10,SCH - HQ_CEDARS,325274,70,70,-40
06/15/2018 22:10,SCH - HQ_IMPORT_EXPORT,325376,1200,1310,-9999
06/15/2018 22:10,SCH - NE - NY,23318,-61.85,1400,-1600
06/15/2018 22:10,SCH - NPX_1385,325277,107,200,-200
06/15/2018 22:10,SCH - NPX_CSC,325154,330,330,-330
06/15/2018 22:10,SCH - OH - NY,23317,350.88,1700,-1600
06/15/2018 22:10,SCH - PJ - NY,23316,670.26,2050,-1300
06/15/2018 22:10,SCH - PJM_HTP,325905,100,660,-660
06/15/2018 22:10,SCH - PJM_NEPTUNE,325305,495,660,-660
06/15/2018 22:10,SCH - PJM_VFT,325658,315,315,-315
06/15/2018 22:10,SPR/DUN-SOUTH,23320,2976.83,4600,-9999
06/15/2018 22:10,TOTAL EAST,23314,4053.68,6800,-9999
06/15/2018 22:10,UPNY CONED,23315,2533.73,5700,-9999
06/15/2018 22:10,WEST CENTRAL,23312,289.85,9999,-9999
06/15/2018 22:15,CENTRAL EAST - VC,23330,1982.55,2325,-9999
06/15/2018 22:15,DYSINGER EAST,23326,818.34,3150,-9999
06/15/2018 22:15,MOSES SOUTH,23319,1914.4,3150,-1600
06/15/2018 22:15,SCH - HQ - NY,23324,1500,1500,-1000
06/15/2018 22:15,SCH - HQ_CEDARS,325274,70,70,-40
06/15/2018 22:15,SCH - HQ_IMPORT_EXPORT,325376,1200,1310,-9999
06/15/2018 22:15,SCH - NE - NY,23318,-71.94,1400,-1600
06/15/2018 22:15,SCH - NPX_1385,325277,107,200,-200
06/15/2018 22:15,SCH - NPX_CSC,325154,330,330,-330
06/15/2018 22:15,SCH - OH - NY,23317,353.59,1700,-1600
06/15/2018 22:15,SCH - PJ - NY,23316,590.68,2050,-1300
06/15/2018 22:15,SCH - PJM_HTP,325905,100,660,-660
06/15/2018 22:15,SCH - PJM_NEPTUNE,325305,495,660,-660
06/15/2018 22:15,SCH - PJM_VFT,325658,315,315,-315
06/15/2018 22:15,SPR/DUN-SOUTH,23320,2966.44,4600,-9999
06/15/2018 22:15,TOTAL EAST,23314,4056.2,6800,-9999
06/15/2018 22:15,UPNY CONED,23315,2514.92,5700,-9999
06/15/2018 22:15,WEST CENTRAL,23312,328.86,9999,-9999
06/15/2018 22:20,CENTRAL EAST - VC,23330,1977.73,2325,-9999
06/15/2018 22:20,DYSINGER EAST,23326,790.18,3150,-9999
06/15/2018 22:20,MOSES SOUTH,23319,1906.3,3150,-1600
06/15/2018 22:20,SCH - HQ - NY,23324,1500,1500,-1000
06/15/2018 22:20,SCH - HQ_CEDARS,325274,70,70,-40
06/15/2018 22:20,SCH - HQ_IMPORT_EXPORT,325376,1200,1310,-9999
06/15/2018 22:20,SCH - NE - NY,23318,-83.1,1400,-1600
06/15/2018 22:20,SCH - NPX_1385,325277,107,200,-200
06/15/2018 22:20,SCH - NPX_CSC,325154,330,330,-330
06/15/2018 22:20,SCH - OH - NY,23317,353.38,1700,-1600
06/15/2018 22:20,SCH - PJ - NY,23316,516.81,2050,-1300
06/15/2018 22:20,SCH - PJM_HTP,325905,100,660,-660
06/15/2018 22:20,SCH - PJM_NEPTUNE,325305,495,660,-660
06/15/2018 22:20,SCH - PJM_VFT,325658,315,315,-315
06/15/2018 22:20,SPR/DUN-SOUTH,23320,2960.05,4600,-9999
06/15/2018 22:20,TOTAL EAST,23314,4047.77,6800,-9999
06/15/2018 22:20,UPNY CONED,23315,2498.99,5700,-9999
06/15/2018 22:20,WEST CENTRAL,23312,311.98,9999,-9999
06/15/2018 22:25,CENTRAL EAST - VC,23330,1901.84,2325,-9999
06/15/2018 22:25,DYSINGER EAST,23326,710.01,3150,-9999
06/15/2018 22:25,MOSES SOUTH,23319,1929.54,3150,-1600
06/15/2018 22:25,SCH - HQ - NY,23324,1500,1500,-1000
06/15/2018 22:25,SCH - HQ_CEDARS,325274,70,70,-40
06/15/2018 22:25,SCH - HQ_IMPORT_EXPORT,325376,1200,1310,-9999
06/15/2018 22:25,SCH - NE - NY,23318,-82.6,1400,-1600
06/15/2018 22:25,SCH - NPX_1385,325277,107,200,-200
06/15/2018 22:25,SCH - NPX_CSC,325154,330,330,-330
06/15/2018 22:25,SCH - OH - NY,23317,353.52,1700,-1600
06/15/2018 22:25,SCH - PJ - NY,23316,518.87,2050,-1300
06/15/2018 22:25,SCH - PJM_HTP,325905,100,660,-660
06/15/2018 22:25,SCH - PJM_NEPTUNE,325305,495,660,-660
06/15/2018 22:25,SCH - PJM_VFT,325658,315,315,-315
06/15/2018 22:25,SPR/DUN-SOUTH,23320,2962.39,4600,-9999
06/15/2018 22:25,TOTAL EAST,23314,4034.33,6800,-9999
06/15/2018 22:25,UPNY CONED,23315,2482.62,5700,-9999
06/15/2018 22:25,WEST CENTRAL,23312,240.94,9999,-9999
06/15/2018 22:30,CENTRAL EAST - VC,23330,1927.18,2325,-9999
06/15/2018 22:30,DYSINGER EAST,23326,778.53,3150,-9999
06/15/2018 22:30,MOSES SOUTH,23319,1929.18,3150,-1600
06/15/2018 22:30,SCH - HQ - NY,23324,1500,1500,-1000
06/15/2018 22:30,SCH - HQ_CEDARS,325274,70,70,-40
06/15/2018 22:30,SCH - HQ_IMPORT_EXPORT,325376,1200,1310,-9999
06/15/2018 22:30,SCH - NE - NY,23318,-176.79,1400,-1600
06/15/2018 22:30,SCH - NPX_1385,325277,107,200,-200
06/15/2018 22:30,SCH - NPX_CSC,325154,330,330,-330
06/15/2018 22:30,SCH - OH - NY,23317,353.53,1700,-1600
06/15/2018 22:30,SCH - PJ - NY,23316,584.36,2050,-1300
06/15/2018 22:30,SCH - PJM_HTP,325905,100,660,-660
06/15/2018 22:30,SCH - PJM_NEPTUNE,325305,495,660,-660
06/15/2018 22:30,SCH - PJM_VFT,325658,315,315,-315
06/15/2018 22:30,SPR/DUN-SOUTH,23320,2962.61,4600,-9999
06/15/2018 22:30,TOTAL EAST,23314,4073.62,6800,-9999
06/15/2018 22:30,UPNY CONED,23315,2457.05,5700,-9999
06/15/2018 22:30,WEST CENTRAL,23312,317.44,9999,-9999
06/15/2018 22:35,CENTRAL EAST - VC,23330,1935.43,2325,-9999
06/15/2018 22:35,DYSINGER EAST,23326,766.53,3150,-9999
06/15/2018 22:35,MOSES SOUTH,23319,1950.22,3150,-1600
06/15/2018 22:35,SCH - HQ - NY,23324,1500,1500,-1000
06/15/2018 22:35,SCH - HQ_CEDARS,325274,70,70,-40
06/15/2018 22:35,SCH - HQ_IMPORT_EXPORT,325376,1200,1310,-9999
06/15/2018 22:35,SCH - NE - NY,23318,-272.21,1400,-1600
06/15/2018 22:35,SCH - NPX_1385,325277,107,200,-200
06/15/2018 22:35,SCH - NPX_CSC,325154,330,330,-330
06/15/2018 22:35,SCH - OH - NY,23317,353.47,1700,-1600
06/15/2018 22:35,SCH - PJ - NY,23316,648.89,2050,-1300
06/15/2018 22:35,SCH - PJM_HTP,325905,100,660,-660
06/15/2018 22:35,SCH - PJM_NEPTUNE,325305,495,660,-660
06/15/2018 22:35,SCH - PJM_VFT,325658,315,315,-315
06/15/2018 22:35,SPR/DUN-SOUTH,23320,2950.52,4600,-9999
06/15/2018 22:35,TOTAL EAST,23314,4115.79,6800,-9999
06/15/2018 22:35,UPNY CONED,23315,2417.17,5700,-9999
06/15/2018 22:35,WEST CENTRAL,23312,311.66,9999,-9999
06/15/2018 22:40,CENTRAL EAST - VC,23330,1969.93,2325,-9999
06/15/2018 22:40,DYSINGER EAST,23326,807.07,3150,-9999
06/15/2018 22:40,MOSES SOUTH,23319,1953.78,3150,-1600
06/15/2018 22:40,SCH - HQ - NY,23324,1500,1500,-1000
06/15/2018 22:40,SCH - HQ_CEDARS,325274,70,70,-40
06/15/2018 22:40,SCH - HQ_IMPORT_EXPORT,325376,1200,1310,-9999
06/15/2018 22:40,SCH - NE - NY,23318,-272.23,1400,-1600
06/15/2018 22:40,SCH - NPX_1385,325277,107,200,-200
06/15/2018 22:40,SCH - NPX_CSC,325154,330,330,-330
06/15/2018 22:40,SCH - OH - NY,23317,353.5,1700,-1600
06/15/2018 22:40,SCH - PJ - NY,23316,648.86,2050,-1300
06/15/2018 22:40,SCH - PJM_HTP,325905,100,660,-660
06/15/2018 22:40,SCH - PJM_NEPTUNE,325305,495,660,-660
06/15/2018 22:40,SCH - PJM_VFT,325658,315,315,-315
06/15/2018 22:40,SPR/DUN-SOUTH,23320,2981.16,4600,-9999
06/15/2018 22:40,TOTAL EAST,23314,4105.36,6800,-9999
06/15/2018 22:40,UPNY CONED,23315,2436.83,5700,-9999
06/15/2018 22:40,WEST CENTRAL,23312,357.19,9999,-9999
06/15/2018 22:45,CENTRAL EAST - VC,23330,1974.65,2325,-9999
06/15/2018 22:45,DYSINGER EAST,23326,833.07,3150,-9999
06/15/2018 22:45,MOSES SOUTH,23319,1972.3,3150,-1600
06/15/2018 22:45,SCH - HQ - NY,23324,1500,1500,-1000
06/15/2018 22:45,SCH - HQ_CEDARS,325274,70,70,-40
06/15/2018 22:45,SCH - HQ_IMPORT_EXPORT,325376,1200,1310,-9999
06/15/2018 22:45,SCH - NE - NY,23318,-311.35,1400,-1600
06/15/2018 22:45,SCH - NPX_1385,325277,107,200,-200
06/15/2018 22:45,SCH - NPX_CSC,325154,330,330,-330
06/15/2018 22:45,SCH - OH - NY,23317,353.54,1700,-1600
06/15/2018 22:45,SCH - PJ - NY,23316,581.63,2050,-1300
06/15/2018 22:45,SCH - PJM_HTP,325905,100,660,-660
06/15/2018 22:45,SCH - PJM_NEPTUNE,325305,495,660,-660
06/15/2018 22:45,SCH - PJM_VFT,325658,315,315,-315
06/15/2018 22:45,SPR/DUN-SOUTH,23320,2939.03,4600,-9999
06/15/2018 22:45,TOTAL EAST,23314,4020.19,6800,-9999
06/15/2018 22:45,UPNY CONED,23315,2374.97,5700,-9999
06/15/2018 22:45,WEST CENTRAL,23312,390.14,9999,-9999
06/15/2018 22:50,CENTRAL EAST - VC,23330,1982.85,2325,-9999
06/15/2018 22:50,DYSINGER EAST,23326,814.23,3150,-9999
06/15/2018 22:50,MOSES SOUTH,23319,2011.57,3150,-1600
06/15/2018 22:50,SCH - HQ - NY,23324,1500,1500,-1000
06/15/2018 22:50,SCH - HQ_CEDARS,325274,70,70,-40
06/15/2018 22:50,SCH - HQ_IMPORT_EXPORT,325376,1200,1310,-9999
06/15/2018 22:50,SCH - NE - NY,23318,-351.49,1400,-1600
06/15/2018 22:50,SCH - NPX_1385,325277,107,200,-200
06/15/2018 22:50,SCH - NPX_CSC,325154,330,330,-330
06/15/2018 22:50,SCH - OH - NY,23317,353.62,1700,-1600
06/15/2018 22:50,SCH - PJ - NY,23316,518.76,2050,-1300
06/15/2018 22:50,SCH - PJM_HTP,325905,100,660,-660
06/15/2018 22:50,SCH - PJM_NEPTUNE,325305,495,660,-660
06/15/2018 22:50,SCH - PJM_VFT,325658,315,315,-315
06/15/2018 22:50,SPR/DUN-SOUTH,23320,2933.74,4600,-9999
06/15/2018 22:50,TOTAL EAST,23314,3995.78,6800,-9999
06/15/2018 22:50,UPNY CONED,23315,2351.06,5700,-9999
06/15/2018 22:50,WEST CENTRAL,23312,380.46,9999,-9999
06/15/2018 22:55,CENTRAL EAST - VC,23330,1948.15,2325,-9999
06/15/2018 22:55,DYSINGER EAST,23326,715.32,3150,-9999
06/15/2018 22:55,MOSES SOUTH,23319,2032.9,3150,-1600
06/15/2018 22:55,SCH - HQ - NY,23324,1500,1500,-1000
06/15/2018 22:55,SCH - HQ_CEDARS,325274,70,70,-40
06/15/2018 22:55,SCH - HQ_IMPORT_EXPORT,325376,1200,1310,-9999
06/15/2018 22:55,SCH - NE - NY,23318,-351.39,1400,-1600
06/15/2018 22:55,SCH - NPX_1385,325277,107,200,-200
06/15/2018 22:55,SCH - NPX_CSC,325154,330,330,-330
06/15/2018 22:55,SCH - OH - NY,23317,353.65,1700,-1600
06/15/2018 22:55,SCH - PJ - NY,23316,518.6,2050,-1300
06/15/2018 22:55,SCH - PJM_HTP,325905,100,660,-660
06/15/2018 22:55,SCH - PJM_NEPTUNE,325305,495,660,-660
06/15/2018 22:55,SCH - PJM_VFT,325658,315,315,-315
06/15/2018 22:55,SPR/DUN-SOUTH,23320,2927.91,4600,-9999
06/15/2018 22:55,TOTAL EAST,23314,3943.76,6800,-9999
06/15/2018 22:55,UPNY CONED,23315,2313.67,5700,-9999
06/15/2018 22:55,WEST CENTRAL,23312,291.17,9999,-9999
06/15/2018 23:00,CENTRAL EAST - VC,23330,1915.64,2325,-9999
06/15/2018 23:00,DYSINGER EAST,23326,675.8,3150,-9999
06/15/2018 23:00,MOSES SOUTH,23319,2040.21,3150,-1600
06/15/2018 23:00,SCH - HQ - NY,23324,1500,1500,-1000
06/15/2018 23:00,SCH - HQ_CEDARS,325274,70,70,-40
06/15/2018 23:00,SCH - HQ_IMPORT_EXPORT,325376,1200,1310,-9999
06/15/2018 23:00,SCH - NE - NY,23318,-310.27,1400,-1600
06/15/2018 23:00,SCH - NPX_1385,325277,62,200,-200
06/15/2018 23:00,SCH - NPX_CSC,325154,330,330,-330
06/15/2018 23:00,SCH - OH - NY,23317,542.38,1700,-1600
06/15/2018 23:00,SCH - PJ - NY,23316,298.82,2050,-1300
06/15/2018 23:00,SCH - PJM_HTP,325905,100,660,-660
06/15/2018 23:00,SCH - PJM_NEPTUNE,325305,577,660,-660
06/15/2018 23:00,SCH - PJM_VFT,325658,315,315,-315
06/15/2018 23:00,SPR/DUN-SOUTH,23320,2943.32,4600,-9999
06/15/2018 23:00,TOTAL EAST,23314,3749.74,6800,-9999
06/15/2018 23:00,UPNY CONED,23315,2237.64,5700,-9999
06/15/2018 23:00,WEST CENTRAL,23312,261.15,9999,-9999
06/15/2018 23:05,CENTRAL EAST - VC,23330,1832.97,2325,-9999
06/15/2018 23:05,DYSINGER EAST,23326,622.74,3150,-9999
06/15/2018 23:05,MOSES SOUTH,23319,2053.44,3150,-1600
06/15/2018 23:05,SCH - HQ - NY,23324,1500,1500,-1000
06/15/2018 23:05,SCH - HQ_CEDARS,325274,70,70,-40
06/15/2018 23:05,SCH - HQ_IMPORT_EXPORT,325376,1200,1310,-9999
06/15/2018 23:05,SCH - NE - NY,23318,-270.09,1400,-1600
06/15/2018 23:05,SCH - NPX_1385,325277,17,200,-200
06/15/2018 23:05,SCH - NPX_CSC,325154,330,330,-330
06/15/2018 23:05,SCH - OH - NY,23317,732.05,1700,-1600
06/15/2018 23:05,SCH - PJ - NY,23316,77.51,2050,-1300
06/15/2018 23:05,SCH - PJM_HTP,325905,100,660,-660
06/15/2018 23:05,SCH - PJM_NEPTUNE,325305,660,660,-660
06/15/2018 23:05,SCH - PJM_VFT,325658,315,315,-315
06/15/2018 23:05,SPR/DUN-SOUTH,23320,2869.91,4600,-9999
06/15/2018 23:05,TOTAL EAST,23314,3503.86,6800,-9999
06/15/2018 23:05,UPNY CONED,23315,2069.02,5700,-9999
06/15/2018 23:05,WEST CENTRAL,23312,219.25,9999,-9999
06/15/2018 23:10,CENTRAL EAST - VC,23330,1798.5,2325,-9999
06/15/2018 23:10,DYSINGER EAST,23326,636.45,3150,-9999
06/15/2018 23:10,MOSES SOUTH,23319,2030.97,3150,-1600
06/15/2018 23:10,SCH - HQ - NY,23324,1500,1500,-1000
06/15/2018 23:10,SCH - HQ_CEDARS,325274,70,70,-40
06/15/2018 23:10,SCH - HQ_IMPORT_EXPORT,325376,1200,1310,-9999
06/15/2018 23:10,SCH - NE - NY,23318,-270.3,1400,-1600
06/15/2018 23:10,SCH - NPX_1385,325277,17,200,-200
06/15/2018 23:10,SCH - NPX_CSC,325154,330,330,-330
06/15/2018 23:10,SCH - OH - NY,23317,732.01,1700,-1600
06/15/2018 23:10,SCH - PJ - NY,23316,78.16,2050,-1300
06/15/2018 23:10,SCH - PJM_HTP,325905,100,660,-660
06/15/2018 23:10,SCH - PJM_NEPTUNE,325305,660,660,-660
06/15/2018 23:10,SCH - PJM_VFT,325658,315,315,-315
06/15/2018 23:10,SPR/DUN-SOUTH,23320,2876.88,4600,-9999
06/15/2018 23:10,TOTAL EAST,23314,3469.52,6800,-9999
06/15/2018 23:10,UPNY CONED,23315,2035.78,5700,-9999
06/15/2018 23:10,WEST CENTRAL,23312,241.93,9999,-9999
06/15/2018 23:15,CENTRAL EAST - VC,23330,1830.22,2225,-9999
06/15/2018 23:15,DYSINGER EAST,23326,755.69,3150,-9999
06/15/2018 23:15,MOSES SOUTH,23319,2011.61,3150,-1600
06/15/2018 23:15,SCH - HQ - NY,23324,1500,1500,-1000
06/15/2018 23:15,SCH - HQ_CEDARS,325274,70,70,-40
06/15/2018 23:15,SCH - HQ_IMPORT_EXPORT,325376,1200,1310,-9999
06/15/2018 23:15,SCH - NE - NY,23318,-270.61,1400,-1600
06/15/2018 23:15,SCH - NPX_1385,325277,17,200,-200
06/15/2018 23:15,SCH - NPX_CSC,325154,330,330,-330
06/15/2018 23:15,SCH - OH - NY,23317,732.08,1700,-1600
06/15/2018 23:15,SCH - PJ - NY,23316,78.27,2050,-1300
06/15/2018 23:15,SCH - PJM_HTP,325905,100,660,-660
06/15/2018 23:15,SCH - PJM_NEPTUNE,325305,660,660,-660
06/15/2018 23:15,SCH - PJM_VFT,325658,315,315,-315
06/15/2018 23:15,SPR/DUN-SOUTH,23320,2895.61,4600,-9999
06/15/2018 23:15,TOTAL EAST,23314,3393.74,6800,-9999
06/15/2018 23:15,UPNY CONED,23315,2031.64,5700,-9999
06/15/2018 23:15,WEST CENTRAL,23312,368.33,9999,-9999
06/15/2018 23:20,CENTRAL EAST - VC,23330,1783.53,2225,-9999
06/15/2018 23:20,DYSINGER EAST,23326,723.27,3150,-9999
06/15/2018 23:20,MOSES SOUTH,23319,1998.4,3150,-1600
06/15/2018 23:20,SCH - HQ - NY,23324,1500,1500,-1000
06/15/2018 23:20,SCH - HQ_CEDARS,325274,70,70,-40
06/15/2018 23:20,SCH - HQ_IMPORT_EXPORT,325376,1200,1310,-9999
06/15/2018 23:20,SCH - NE - NY,23318,-270.15,1400,-1600
06/15/2018 23:20,SCH - NPX_1385,325277,17,200,-200
06/15/2018 23:20,SCH - NPX_CSC,325154,330,330,-330
06/15/2018 23:20,SCH - OH - NY,23317,732.07,1700,-1600
06/15/2018 23:20,SCH - PJ - NY,23316,77.19,2050,-1300
06/15/2018 23:20,SCH - PJM_HTP,325905,100,660,-660
06/15/2018 23:20,SCH - PJM_NEPTUNE,325305,660,660,-660
06/15/2018 23:20,SCH - PJM_VFT,325658,315,315,-315
06/15/2018 23:20,SPR/DUN-SOUTH,23320,2948.17,4600,-9999
06/15/2018 23:20,TOTAL EAST,23314,3418.03,6800,-9999
06/15/2018 23:20,UPNY CONED,23315,2056.91,5700,-9999
06/15/2018 23:20,WEST CENTRAL,23312,342.94,9999,-9999
06/15/2018 23:25,CENTRAL EAST - VC,23330,1843.91,2225,-9999
06/15/2018 23:25,DYSINGER EAST,23326,778.29,3150,-9999
06/15/2018 23:25,MOSES SOUTH,23319,1998.63,3150,-1600
06/15/2018 23:25,SCH - HQ - NY,23324,1500,1500,-1000
06/15/2018 23:25,SCH - HQ_CEDARS,325274,70,70,-40
06/15/2018 23:25,SCH - HQ_IMPORT_EXPORT,325376,1200,1310,-9999
06/15/2018 23:25,SCH - NE - NY,23318,-270.4,1400,-1600
06/15/2018 23:25,SCH - NPX_1385,325277,17,200,-200
06/15/2018 23:25,SCH - NPX_CSC,325154,330,330,-330
06/15/2018 23:25,SCH - OH - NY,23317,732.04,1700,-1600
06/15/2018 23:25,SCH - PJ - NY,23316,77.01,2050,-1300
06/15/2018 23:25,SCH - PJM_HTP,325905,100,660,-660
06/15/2018 23:25,SCH - PJM_NEPTUNE,325305,660,660,-660
06/15/2018 23:25,SCH - PJM_VFT,325658,315,315,-315
06/15/2018 23:25,SPR/DUN-SOUTH,23320,3010.69,4600,-9999
06/15/2018 23:25,TOTAL EAST,23314,3439.98,6800,-9999
06/15/2018 23:25,UPNY CONED,23315,2099.51,5700,-9999
06/15/2018 23:25,WEST CENTRAL,23312,405.91,9999,-9999
06/15/2018 23:30,CENTRAL EAST - VC,23330,1819.13,2225,-9999
06/15/2018 23:30,DYSINGER EAST,23326,781.56,3150,-9999
06/15/2018 23:30,MOSES SOUTH,23319,2030.84,3150,-1600
06/15/2018 23:30,SCH - HQ - NY,23324,1500,1500,-1000
06/15/2018 23:30,SCH - HQ_CEDARS,325274,70,70,-40
06/15/2018 23:30,SCH - HQ_IMPORT_EXPORT,325376,1200,1310,-9999
06/15/2018 23:30,SCH - NE - NY,23318,-290.4,1400,-1600
06/15/2018 23:30,SCH - NPX_1385,325277,17,200,-200
06/15/2018 23:30,SCH - NPX_CSC,325154,330,330,-330
06/15/2018 23:30,SCH - OH - NY,23317,732.24,1700,-1600
06/15/2018 23:30,SCH - PJ - NY,23316,77.18,2050,-1300
06/15/2018 23:30,SCH - PJM_HTP,325905,100,660,-660
06/15/2018 23:30,SCH - PJM_NEPTUNE,325305,660,660,-660
06/15/2018 23:30,SCH - PJM_VFT,325658,315,315,-315
06/15/2018 23:30,SPR/DUN-SOUTH,23320,3002.98,4600,-9999
06/15/2018 23:30,TOTAL EAST,23314,3429.96,6800,-9999
06/15/2018 23:30,UPNY CONED,23315,2081.28,5700,-9999
06/15/2018 23:30,WEST CENTRAL,23312,415.01,9999,-9999
06/15/2018 23:35,CENTRAL EAST - VC,23330,1879.93,2225,-9999
06/15/2018 23:35,DYSINGER EAST,23326,840.55,3150,-9999
06/15/2018 23:35,MOSES SOUTH,23319,2048.66,3150,-1600
06/15/2018 23:35,SCH - HQ - NY,23324,1500,1500,-1000
06/15/2018 23:35,SCH - HQ_CEDARS,325274,70,70,-40
06/15/2018 23:35,SCH - HQ_IMPORT_EXPORT,325376,1200,1310,-9999
06/15/2018 23:35,SCH - NE - NY,23318,-310.52,1400,-1600
06/15/2018 23:35,SCH - NPX_1385,325277,17,200,-200
06/15/2018 23:35,SCH - NPX_CSC,325154,330,330,-330
06/15/2018 23:35,SCH - OH - NY,23317,732.4,1700,-1600
06/15/2018 23:35,SCH - PJ - NY,23316,77.48,2050,-1300
06/15/2018 23:35,SCH - PJM_HTP,325905,100,660,-660
06/15/2018 23:35,SCH - PJM_NEPTUNE,325305,660,660,-660
06/15/2018 23:35,SCH - PJM_VFT,325658,315,315,-315
06/15/2018 23:35,SPR/DUN-SOUTH,23320,3032.67,4600,-9999
06/15/2018 23:35,TOTAL EAST,23314,3460.1,6800,-9999
06/15/2018 23:35,UPNY CONED,23315,2105.21,5700,-9999
06/15/2018 23:35,WEST CENTRAL,23312,481.57,9999,-9999
06/15/2018 23:40,CENTRAL EAST - VC,23330,1825.28,2225,-9999
06/15/2018 23:40,DYSINGER EAST,23326,721.78,3150,-9999
06/15/2018 23:40,MOSES SOUTH,23319,2030.71,3150,-1600
06/15/2018 23:40,SCH - HQ - NY,23324,1500,1500,-1000
06/15/2018 23:40,SCH - HQ_CEDARS,325274,70,70,-40
06/15/2018 23:40,SCH - HQ_IMPORT_EXPORT,325376,1200,1310,-9999
06/15/2018 23:40,SCH - NE - NY,23318,-310.43,1400,-1600
06/15/2018 23:40,SCH - NPX_1385,325277,17,200,-200
06/15/2018 23:40,SCH - NPX_CSC,325154,330,330,-330
06/15/2018 23:40,SCH - OH - NY,23317,732.24,1700,-1600
06/15/2018 23:40,SCH - PJ - NY,23316,77.87,2050,-1300
06/15/2018 23:40,SCH - PJM_HTP,325905,100,660,-660
06/15/2018 23:40,SCH - PJM_NEPTUNE,325305,660,660,-660
06/15/2018 23:40,SCH - PJM_VFT,325658,315,315,-315
06/15/2018 23:40,SPR/DUN-SOUTH,23320,2978.48,4600,-9999
06/15/2018 23:40,TOTAL EAST,23314,3424.1,6800,-9999
06/15/2018 23:40,UPNY CONED,23315,2023.93,5700,-9999
06/15/2018 23:40,WEST CENTRAL,23312,371.76,9999,-9999
06/15/2018 23:45,CENTRAL EAST - VC,23330,1847.76,2225,-9999
06/15/2018 23:45,DYSINGER EAST,23326,714.02,3150,-9999
06/15/2018 23:45,MOSES SOUTH,23319,2025.23,3150,-1600
06/15/2018 23:45,SCH - HQ - NY,23324,1500,1500,-1000
06/15/2018 23:45,SCH - HQ_CEDARS,325274,70,70,-40
06/15/2018 23:45,SCH - HQ_IMPORT_EXPORT,325376,1200,1310,-9999
06/15/2018 23:45,SCH - NE - NY,23318,-298.37,1400,-1600
06/15/2018 23:45,SCH - NPX_1385,325277,17,200,-200
06/15/2018 23:45,SCH - NPX_CSC,325154,330,330,-330
06/15/2018 23:45,SCH - OH - NY,23317,732.19,1700,-1600
06/15/2018 23:45,SCH - PJ - NY,23316,78.26,2050,-1300
06/15/2018 23:45,SCH - PJM_HTP,325905,100,660,-660
06/15/2018 23:45,SCH - PJM_NEPTUNE,325305,660,660,-660
06/15/2018 23:45,SCH - PJM_VFT,325658,315,315,-315
06/15/2018 23:45,SPR/DUN-SOUTH,23320,2954.42,4600,-9999
06/15/2018 23:45,TOTAL EAST,23314,3454.33,6800,-9999
06/15/2018 23:45,UPNY CONED,23315,1975.97,5700,-9999
06/15/2018 23:45,WEST CENTRAL,23312,371.14,9999,-9999
06/15/2018 23:50,CENTRAL EAST - VC,23330,1822.83,2225,-9999
06/15/2018 23:50,DYSINGER EAST,23326,705.9,3150,-9999
06/15/2018 23:50,MOSES SOUTH,23319,2038.5,3150,-1600
06/15/2018 23:50,SCH - HQ - NY,23324,1500,1500,-1000
06/15/2018 23:50,SCH - HQ_CEDARS,325274,70,70,-40
06/15/2018 23:50,SCH - HQ_IMPORT_EXPORT,325376,1200,1310,-9999
06/15/2018 23:50,SCH - NE - NY,23318,-287.33,1400,-1600
06/15/2018 23:50,SCH - NPX_1385,325277,17,200,-200
06/15/2018 23:50,SCH - NPX_CSC,325154,330,330,-330
06/15/2018 23:50,SCH - OH - NY,23317,732.28,1700,-1600
06/15/2018 23:50,SCH - PJ - NY,23316,76.84,2050,-1300
06/15/2018 23:50,SCH - PJM_HTP,325905,100,660,-660
06/15/2018 23:50,SCH - PJM_NEPTUNE,325305,660,660,-660
06/15/2018 23:50,SCH - PJM_VFT,325658,315,315,-315
06/15/2018 23:50,SPR/DUN-SOUTH,23320,2894.02,4600,-9999
06/15/2018 23:50,TOTAL EAST,23314,3360.63,6800,-9999
06/15/2018 23:50,UPNY CONED,23315,1870.08,5700,-9999
06/15/2018 23:50,WEST CENTRAL,23312,369.14,9999,-9999
06/15/2018 23:55,CENTRAL EAST - VC,23330,1819.57,2225,-9999
06/15/2018 23:55,DYSINGER EAST,23326,685.35,3150,-9999
06/15/2018 23:55,MOSES SOUTH,23319,2052.12,3150,-1600
06/15/2018 23:55,SCH - HQ - NY,23324,1500,1500,-1000
06/15/2018 23:55,SCH - HQ_CEDARS,325274,70,70,-40
06/15/2018 23:55,SCH - HQ_IMPORT_EXPORT,325376,1200,1310,-9999
06/15/2018 23:55,SCH - NE - NY,23318,-287.34,1400,-1600
06/15/2018 23:55,SCH - NPX_1385,325277,17,200,-200
06/15/2018 23:55,SCH - NPX_CSC,325154,330,330,-330
06/15/2018 23:55,SCH - OH - NY,23317,732.42,1700,-1600
06/15/2018 23:55,SCH - PJ - NY,23316,76.52,2050,-1300
06/15/2018 23:55,SCH - PJM_HTP,325905,100,660,-660
06/15/2018 23:55,SCH - PJM_NEPTUNE,325305,660,660,-660
06/15/2018 23:55,SCH - PJM_VFT,325658,315,315,-315
06/15/2018 23:55,SPR/DUN-SOUTH,23320,2802.31,4600,-9999
06/15/2018 23:55,TOTAL EAST,23314,3309.47,6800,-9999
06/15/2018 23:55,UPNY CONED,23315,1749.11,5700,-9999
06/15/2018 23:55,WEST CENTRAL,23312,357.67,9999,-9999
