Timestamp,Interface Name,Point ID,Flow (MWH),Positive Limit (MWH),Negative Limit (MWH)
07/16/2018 00:00,CENTRAL EAST - VC,23330,1784,2370,-9999
07/16/2018 00:00,DYSINGER EAST,23326,604.39,3150,-9999
07/16/2018 00:00,MOSES SOUTH,23319,2028.97,3150,-1600
07/16/2018 00:00,SCH - HQ - NY,23324,1490,1500,-1000
07/16/2018 00:00,SCH - HQ_CEDARS,325274,110,120,-40
07/16/2018 00:00,SCH - HQ_IMPORT_EXPORT,325376,1190,1310,-9999
07/16/2018 00:00,SCH - NE - NY,23318,-58.16,1400,-1600
07/16/2018 00:00,SCH - NPX_1385,325277,98,200,-200
07/16/2018 00:00,SCH - NPX_CSC,325154,330,330,-330
07/16/2018 00:00,SCH - OH - NY,23317,473.51,1900,-1750
07/16/2018 00:00,SCH - PJ - NY,23316,1256.62,1800,-1100
07/16/2018 00:00,SCH - PJM_HTP,325905,200,660,-660
07/16/2018 00:00,SCH - PJM_NEPTUNE,325305,458,660,-660
07/16/2018 00:00,SCH - PJM_VFT,325658,262,315,-315
07/16/2018 00:00,SPR/DUN-SOUTH,23320,2881.02,4350,-9999
07/16/2018 00:00,TOTAL EAST,23314,3787.09,6800,-9999
07/16/2018 00:00,UPNY CONED,23315,2553,5700,-9999
07/16/2018 00:00,WEST CENTRAL,23312,-87.26,9999,-9999
07/16/2018 00:04,CENTRAL EAST - VC,23330,1873.79,2370,-9999
07/16/2018 00:04,DYSINGER EAST,23326,726.03,3150,-9999
07/16/2018 00:04,MOSES SOUTH,23319,2031.77,3150,-1600
07/16/2018 00:04,SCH - HQ - NY,23324,1482,1500,-1000
07/16/2018 00:04,SCH - HQ_CEDARS,325274,118,120,-40
07/16/2018 00:04,SCH - HQ_IMPORT_EXPORT,325376,1182,1310,-9999
07/16/2018 00:04,SCH - NE - NY,23318,-144.46,1400,-1600
07/16/2018 00:04,SCH - NPX_1385,325277,59,200,-200
07/16/2018 00:04,SCH - NPX_CSC,325154,330,330,-330
07/16/2018 00:04,SCH - OH - NY,23317,529.98,1900,-1750
07/16/2018 00:04,SCH - PJ - NY,23316,1456.31,1800,-1100
07/16/2018 00:04,SCH - PJM_HTP,325905,200,660,-660
07/16/2018 00:04,SCH - PJM_NEPTUNE,325305,560,660,-660
07/16/2018 00:04,SCH - PJM_VFT,325658,252,315,-315
07/16/2018 00:04,SPR/DUN-SOUTH,23320,3024.77,4350,-9999
07/16/2018 00:04,TOTAL EAST,23314,3969.34,6800,-9999
07/16/2018 00:04,UPNY CONED,23315,2634.18,5700,-9999
07/16/2018 00:04,WEST CENTRAL,23312,48.95,9999,-9999
07/16/2018 00:05,CENTRAL EAST - VC,23330,1840.64,2370,-9999
07/16/2018 00:05,DYSINGER EAST,23326,600.26,3150,-9999
07/16/2018 00:05,MOSES SOUTH,23319,2031.69,3150,-1600
07/16/2018 00:05,SCH - HQ - NY,23324,1480,1500,-1000
07/16/2018 00:05,SCH - HQ_CEDARS,325274,120,120,-40
07/16/2018 00:05,SCH - HQ_IMPORT_EXPORT,325376,1180,1310,-9999
07/16/2018 00:05,SCH - NE - NY,23318,-159.59,1400,-1600
07/16/2018 00:05,SCH - NPX_1385,325277,50,200,-200
07/16/2018 00:05,SCH - NPX_CSC,325154,330,330,-330
07/16/2018 00:05,SCH - OH - NY,23317,549.77,1900,-1750
07/16/2018 00:05,SCH - PJ - NY,23316,1499.06,1800,-1100
07/16/2018 00:05,SCH - PJM_HTP,325905,200,660,-660
07/16/2018 00:05,SCH - PJM_NEPTUNE,325305,586,660,-660
07/16/2018 00:05,SCH - PJM_VFT,325658,250,315,-315
07/16/2018 00:05,SPR/DUN-SOUTH,23320,2970.64,4350,-9999
07/16/2018 00:05,TOTAL EAST,23314,3897.44,6800,-9999
07/16/2018 00:05,UPNY CONED,23315,2574.53,5700,-9999
07/16/2018 00:05,WEST CENTRAL,23312,-76.83,9999,-9999
07/16/2018 00:06,CENTRAL EAST - VC,23330,1860,2370,-9999
07/16/2018 00:06,DYSINGER EAST,23326,760.55,3150,-9999
07/16/2018 00:06,MOSES SOUTH,23319,2014.04,3150,-1600
07/16/2018 00:06,SCH - HQ - NY,23324,1480,1500,-1000
07/16/2018 00:06,SCH - HQ_CEDARS,325274,120,120,-40
07/16/2018 00:06,SCH - HQ_IMPORT_EXPORT,325376,1180,1310,-9999
07/16/2018 00:06,SCH - NE - NY,23318,-162.28,1400,-1600
07/16/2018 00:06,SCH - NPX_1385,325277,50,200,-200
07/16/2018 00:06,SCH - NPX_CSC,325154,330,330,-330
07/16/2018 00:06,SCH - OH - NY,23317,547.13,1900,-1750
07/16/2018 00:06,SCH - PJ - NY,23316,1505.19,1800,-1100
07/16/2018 00:06,SCH - PJM_HTP,325905,200,660,-660
07/16/2018 00:06,SCH - PJM_NEPTUNE,325305,586,660,-660
07/16/2018 00:06,SCH - PJM_VFT,325658,250,315,-315
07/16/2018 00:06,SPR/DUN-SOUTH,23320,3070.04,4350,-9999
07/16/2018 00:06,TOTAL EAST,23314,4007.56,6800,-9999
07/16/2018 00:06,UPNY CONED,23315,2648.43,5700,-9999
07/16/2018 00:06,WEST CENTRAL,23312,86.71,9999,-9999
07/16/2018 00:15,CENTRAL EAST - VC,23330,1824.98,2340,-9999
07/16/2018 00:15,DYSINGER EAST,23326,701.49,3150,-9999
07/16/2018 00:15,MOSES SOUTH,23319,1949.57,3150,-1600
07/16/2018 00:15,SCH - HQ - NY,23324,1480,1500,-1000
07/16/2018 00:15,SCH - HQ_CEDARS,325274,120,120,-40
07/16/2018 00:15,SCH - HQ_IMPORT_EXPORT,325376,1180,1310,-9999
07/16/2018 00:15,SCH - NE - NY,23318,-262.36,1400,-1600
07/16/2018 00:15,SCH - NPX_1385,325277,50,200,-200
07/16/2018 00:15,SCH - NPX_CSC,325154,330,330,-330
07/16/2018 00:15,SCH - OH - NY,23317,548.33,1900,-1750
07/16/2018 00:15,SCH - PJ - NY,23316,1500.91,1800,-1100
07/16/2018 00:15,SCH - PJM_HTP,325905,265,660,-660
07/16/2018 00:15,SCH - PJM_NEPTUNE,325305,623,660,-660
07/16/2018 00:15,SCH - PJM_VFT,325658,250,315,-315
07/16/2018 00:15,SPR/DUN-SOUTH,23320,2906.68,4350,-9999
07/16/2018 00:15,TOTAL EAST,23314,3900.88,6800,-9999
07/16/2018 00:15,UPNY CONED,23315,2456.87,5700,-9999
07/16/2018 00:15,WEST CENTRAL,23312,41.55,9999,-9999
07/16/2018 00:20,CENTRAL EAST - VC,23330,1819.06,2340,-9999
07/16/2018 00:20,DYSINGER EAST,23326,693.86,3150,-9999
07/16/2018 00:20,MOSES SOUTH,23319,1961.53,3150,-1600
07/16/2018 00:20,SCH - HQ - NY,23324,1480,1500,-1000
07/16/2018 00:20,SCH - HQ_CEDARS,325274,120,120,-40
07/16/2018 00:20,SCH - HQ_IMPORT_EXPORT,325376,1180,1310,-9999
07/16/2018 00:20,SCH - NE - NY,23318,-362.88,1400,-1600
07/16/2018 00:20,SCH - NPX_1385,325277,50,200,-200
07/16/2018 00:20,SCH - NPX_CSC,325154,330,330,-330
07/16/2018 00:20,SCH - OH - NY,23317,552.98,1900,-1750
07/16/2018 00:20,SCH - PJ - NY,23316,1499.19,1800,-1100
07/16/2018 00:20,SCH - PJM_HTP,325905,330,660,-660
07/16/2018 00:20,SCH - PJM_NEPTUNE,325305,660,660,-660
07/16/2018 00:20,SCH - PJM_VFT,325658,250,315,-315
07/16/2018 00:20,SPR/DUN-SOUTH,23320,2841.25,4350,-9999
07/16/2018 00:20,TOTAL EAST,23314,3866.8,6800,-9999
07/16/2018 00:20,UPNY CONED,23315,2345.5,5700,-9999
07/16/2018 00:20,WEST CENTRAL,23312,39.86,9999,-9999
07/16/2018 00:25,CENTRAL EAST - VC,23330,1836.64,2340,-9999
07/16/2018 00:25,DYSINGER EAST,23326,737.02,3150,-9999
07/16/2018 00:25,MOSES SOUTH,23319,1931.1,3150,-1600
07/16/2018 00:25,SCH - HQ - NY,23324,1480,1500,-1000
07/16/2018 00:25,SCH - HQ_CEDARS,325274,120,120,-40
07/16/2018 00:25,SCH - HQ_IMPORT_EXPORT,325376,1180,1310,-9999
07/16/2018 00:25,SCH - NE - NY,23318,-362.31,1400,-1600
07/16/2018 00:25,SCH - NPX_1385,325277,50,200,-200
07/16/2018 00:25,SCH - NPX_CSC,325154,330,330,-330
07/16/2018 00:25,SCH - OH - NY,23317,554.18,1900,-1750
07/16/2018 00:25,SCH - PJ - NY,23316,1495.98,1800,-1100
07/16/2018 00:25,SCH - PJM_HTP,325905,330,660,-660
07/16/2018 00:25,SCH - PJM_NEPTUNE,325305,660,660,-660
07/16/2018 00:25,SCH - PJM_VFT,325658,250,315,-315
07/16/2018 00:25,SPR/DUN-SOUTH,23320,2852.45,4350,-9999
07/16/2018 00:25,TOTAL EAST,23314,3854.83,6800,-9999
07/16/2018 00:25,UPNY CONED,23315,2352.23,5700,-9999
07/16/2018 00:25,WEST CENTRAL,23312,87.41,9999,-9999
07/16/2018 00:30,CENTRAL EAST - VC,23330,1829.88,2340,-9999
07/16/2018 00:30,DYSINGER EAST,23326,724.36,3150,-9999
07/16/2018 00:30,MOSES SOUTH,23319,1949.22,3150,-1600
07/16/2018 00:30,SCH - HQ - NY,23324,1480,1500,-1000
07/16/2018 00:30,SCH - HQ_CEDARS,325274,120,120,-40
07/16/2018 00:30,SCH - HQ_IMPORT_EXPORT,325376,1180,1310,-9999
07/16/2018 00:30,SCH - NE - NY,23318,-362.96,1400,-1600
07/16/2018 00:30,SCH - NPX_1385,325277,50,200,-200
07/16/2018 00:30,SCH - NPX_CSC,325154,330,330,-330
07/16/2018 00:30,SCH - OH - NY,23317,550.11,1900,-1750
07/16/2018 00:30,SCH - PJ - NY,23316,1498.31,1800,-1100
07/16/2018 00:30,SCH - PJM_HTP,325905,330,660,-660
07/16/2018 00:30,SCH - PJM_NEPTUNE,325305,660,660,-660
07/16/2018 00:30,SCH - PJM_VFT,325658,250,315,-315
07/16/2018 00:30,SPR/DUN-SOUTH,23320,2860.54,4350,-9999
07/16/2018 00:30,TOTAL EAST,23314,3847.22,6800,-9999
07/16/2018 00:30,UPNY CONED,23315,2338.44,5700,-9999
07/16/2018 00:30,WEST CENTRAL,23312,79.87,9999,-9999
07/16/2018 00:35,CENTRAL EAST - VC,23330,1807.96,2340,-9999
07/16/2018 00:35,DYSINGER EAST,23326,645.4,3150,-9999
07/16/2018 00:35,MOSES SOUTH,23319,1946.39,3150,-1600
07/16/2018 00:35,SCH - HQ - NY,23324,1480,1500,-1000
07/16/2018 00:35,SCH - HQ_CEDARS,325274,120,120,-40
07/16/2018 00:35,SCH - HQ_IMPORT_EXPORT,325376,1180,1310,-9999
07/16/2018 00:35,SCH - NE - NY,23318,-363,1400,-1600
07/16/2018 00:35,SCH - NPX_1385,325277,50,200,-200
07/16/2018 00:35,SCH - NPX_CSC,325154,330,330,-330
07/16/2018 00:35,SCH - OH - NY,23317,550.08,1900,-1750
07/16/2018 00:35,SCH - PJ - NY,23316,1502.59,1800,-1100
07/16/2018 00:35,SCH - PJM_HTP,325905,330,660,-660
07/16/2018 00:35,SCH - PJM_NEPTUNE,325305,660,660,-660
07/16/2018 00:35,SCH - PJM_VFT,325658,250,315,-315
07/16/2018 00:35,SPR/DUN-SOUTH,23320,2858.05,4350,-9999
07/16/2018 00:35,TOTAL EAST,23314,3797.88,6800,-9999
07/16/2018 00:35,UPNY CONED,23315,2313.32,5700,-9999
07/16/2018 00:35,WEST CENTRAL,23312,7.08,9999,-9999
07/16/2018 00:40,CENTRAL EAST - VC,23330,1796.21,2340,-9999
07/16/2018 00:40,DYSINGER EAST,23326,622.11,3150,-9999
07/16/2018 00:40,MOSES SOUTH,23319,1955.12,3150,-1600
07/16/2018 00:40,SCH - HQ - NY,23324,1480,1500,-1000
07/16/2018 00:40,SCH - HQ_CEDARS,325274,120,120,-40
07/16/2018 00:40,SCH - HQ_IMPORT_EXPORT,325376,1180,1310,-9999
07/16/2018 00:40,SCH - NE - NY,23318,-363.02,1400,-1600
07/16/2018 00:40,SCH - NPX_1385,325277,50,200,-200
07/16/2018 00:40,SCH - NPX_CSC,325154,330,330,-330
07/16/2018 00:40,SCH - OH - NY,23317,550.15,1900,-1750
07/16/2018 00:40,SCH - PJ - NY,23316,1500.66,1800,-1100
07/16/2018 00:40,SCH - PJM_HTP,325905,330,660,-660
07/16/2018 00:40,SCH - PJM_NEPTUNE,325305,660,660,-660
07/16/2018 00:40,SCH - PJM_VFT,325658,250,315,-315
07/16/2018 00:40,SPR/DUN-SOUTH,23320,2872.79,4350,-9999
07/16/2018 00:40,TOTAL EAST,23314,3776.12,6800,-9999
07/16/2018 00:40,UPNY CONED,23315,2313.91,5700,-9999
07/16/2018 00:40,WEST CENTRAL,23312,-9.11,9999,-9999
07/16/2018 00:45,CENTRAL EAST - VC,23330,1854.28,2340,-9999
07/16/2018 00:45,DYSINGER EAST,23326,723.12,3150,-9999
07/16/2018 00:45,MOSES SOUTH,23319,1972.5,3150,-1600
07/16/2018 00:45,SCH - HQ - NY,23324,1480,1500,-1000
07/16/2018 00:45,SCH - HQ_CEDARS,325274,120,120,-40
07/16/2018 00:45,SCH - HQ_IMPORT_EXPORT,325376,1180,1310,-9999
07/16/2018 00:45,SCH - NE - NY,23318,-286.93,1400,-1600
07/16/2018 00:45,SCH - NPX_1385,325277,50,200,-200
07/16/2018 00:45,SCH - NPX_CSC,325154,330,330,-330
07/16/2018 00:45,SCH - OH - NY,23317,550.17,1900,-1750
07/16/2018 00:45,SCH - PJ - NY,23316,1501.49,1800,-1100
07/16/2018 00:45,SCH - PJM_HTP,325905,330,660,-660
07/16/2018 00:45,SCH - PJM_NEPTUNE,325305,660,660,-660
07/16/2018 00:45,SCH - PJM_VFT,325658,250,315,-315
07/16/2018 00:45,SPR/DUN-SOUTH,23320,2793.18,4350,-9999
07/16/2018 00:45,TOTAL EAST,23314,3909.31,6800,-9999
07/16/2018 00:45,UPNY CONED,23315,2210.63,5700,-9999
07/16/2018 00:45,WEST CENTRAL,23312,96.26,9999,-9999
07/16/2018 00:50,CENTRAL EAST - VC,23330,1880.79,2340,-9999
07/16/2018 00:50,DYSINGER EAST,23326,738.57,3150,-9999
07/16/2018 00:50,MOSES SOUTH,23319,1997.8,3150,-1600
07/16/2018 00:50,SCH - HQ - NY,23324,1480,1500,-1000
07/16/2018 00:50,SCH - HQ_CEDARS,325274,120,120,-40
07/16/2018 00:50,SCH - HQ_IMPORT_EXPORT,325376,1180,1310,-9999
07/16/2018 00:50,SCH - NE - NY,23318,-211.83,1400,-1600
07/16/2018 00:50,SCH - NPX_1385,325277,50,200,-200
07/16/2018 00:50,SCH - NPX_CSC,325154,330,330,-330
07/16/2018 00:50,SCH - OH - NY,23317,550.3,1900,-1750
07/16/2018 00:50,SCH - PJ - NY,23316,1502.06,1800,-1100
07/16/2018 00:50,SCH - PJM_HTP,325905,330,660,-660
07/16/2018 00:50,SCH - PJM_NEPTUNE,325305,660,660,-660
07/16/2018 00:50,SCH - PJM_VFT,325658,250,315,-315
07/16/2018 00:50,SPR/DUN-SOUTH,23320,2865.79,4350,-9999
07/16/2018 00:50,TOTAL EAST,23314,3843.74,6800,-9999
07/16/2018 00:50,UPNY CONED,23315,2271.02,5700,-9999
07/16/2018 00:50,WEST CENTRAL,23312,119.2,9999,-9999
07/16/2018 00:55,CENTRAL EAST - VC,23330,1821.65,2340,-9999
07/16/2018 00:55,DYSINGER EAST,23326,614.43,3150,-9999
07/16/2018 00:55,MOSES SOUTH,23319,1999.33,3150,-1600
07/16/2018 00:55,SCH - HQ - NY,23324,1480,1500,-1000
07/16/2018 00:55,SCH - HQ_CEDARS,325274,120,120,-40
07/16/2018 00:55,SCH - HQ_IMPORT_EXPORT,325376,1180,1310,-9999
07/16/2018 00:55,SCH - NE - NY,23318,-211.85,1400,-1600
07/16/2018 00:55,SCH - NPX_1385,325277,50,200,-200
07/16/2018 00:55,SCH - NPX_CSC,325154,330,330,-330
07/16/2018 00:55,SCH - OH - NY,23317,550.19,1900,-1750
07/16/2018 00:55,SCH - PJ - NY,23316,1500.15,1800,-1100
07/16/2018 00:55,SCH - PJM_HTP,325905,330,660,-660
07/16/2018 00:55,SCH - PJM_NEPTUNE,325305,660,660,-660
07/16/2018 00:55,SCH - PJM_VFT,325658,250,315,-315
07/16/2018 00:55,SPR/DUN-SOUTH,23320,2857.04,4350,-9999
07/16/2018 00:55,TOTAL EAST,23314,3804.35,6800,-9999
07/16/2018 00:55,UPNY CONED,23315,2227.34,5700,-9999
07/16/2018 00:55,WEST CENTRAL,23312,1.99,9999,-9999
07/16/2018 01:00,CENTRAL EAST - VC,23330,1910.46,2340,-9999
07/16/2018 01:00,DYSINGER EAST,23326,688.36,3150,-9999
07/16/2018 01:00,MOSES SOUTH,23319,2022.17,3150,-1600
07/16/2018 01:00,SCH - HQ - NY,23324,1490,1500,-1000
07/16/2018 01:00,SCH - HQ_CEDARS,325274,120,120,-40
07/16/2018 01:00,SCH - HQ_IMPORT_EXPORT,325376,1190,1310,-9999
07/16/2018 01:00,SCH - NE - NY,23318,-130.7,1400,-1600
07/16/2018 01:00,SCH - NPX_1385,325277,50,200,-200
07/16/2018 01:00,SCH - NPX_CSC,325154,330,330,-330
07/16/2018 01:00,SCH - OH - NY,23317,605.16,1900,-1750
07/16/2018 01:00,SCH - PJ - NY,23316,1501.39,1800,-1100
07/16/2018 01:00,SCH - PJM_HTP,325905,301,660,-660
07/16/2018 01:00,SCH - PJM_NEPTUNE,325305,660,660,-660
07/16/2018 01:00,SCH - PJM_VFT,325658,262,315,-315
07/16/2018 01:00,SPR/DUN-SOUTH,23320,2993.16,4350,-9999
07/16/2018 01:00,TOTAL EAST,23314,3982.38,6800,-9999
07/16/2018 01:00,UPNY CONED,23315,2337.53,5700,-9999
07/16/2018 01:00,WEST CENTRAL,23312,81.22,9999,-9999
07/16/2018 01:05,CENTRAL EAST - VC,23330,1977.31,2340,-9999
07/16/2018 01:05,DYSINGER EAST,23326,692.67,3150,-9999
07/16/2018 01:05,MOSES SOUTH,23319,2023.26,3150,-1600
07/16/2018 01:05,SCH - HQ - NY,23324,1500,1500,-1000
07/16/2018 01:05,SCH - HQ_CEDARS,325274,120,120,-40
07/16/2018 01:05,SCH - HQ_IMPORT_EXPORT,325376,1200,1310,-9999
07/16/2018 01:05,SCH - NE - NY,23318,-47.4,1400,-1600
07/16/2018 01:05,SCH - NPX_1385,325277,50,200,-200
07/16/2018 01:05,SCH - NPX_CSC,325154,330,330,-330
07/16/2018 01:05,SCH - OH - NY,23317,661.85,1900,-1750
07/16/2018 01:05,SCH - PJ - NY,23316,1495.31,1800,-1100
07/16/2018 01:05,SCH - PJM_HTP,325905,272,660,-660
07/16/2018 01:05,SCH - PJM_NEPTUNE,325305,660,660,-660
07/16/2018 01:05,SCH - PJM_VFT,325658,275,315,-315
07/16/2018 01:05,SPR/DUN-SOUTH,23320,3024.6,4350,-9999
07/16/2018 01:05,TOTAL EAST,23314,3966.63,6800,-9999
07/16/2018 01:05,UPNY CONED,23315,2349.22,5700,-9999
07/16/2018 01:05,WEST CENTRAL,23312,92.23,9999,-9999
07/16/2018 01:10,CENTRAL EAST - VC,23330,1943.51,2340,-9999
07/16/2018 01:10,DYSINGER EAST,23326,616.67,3150,-9999
07/16/2018 01:10,MOSES SOUTH,23319,2078.61,3150,-1600
07/16/2018 01:10,SCH - HQ - NY,23324,1500,1500,-1000
07/16/2018 01:10,SCH - HQ_CEDARS,325274,120,120,-40
07/16/2018 01:10,SCH - HQ_IMPORT_EXPORT,325376,1200,1310,-9999
07/16/2018 01:10,SCH - NE - NY,23318,-50.58,1400,-1600
07/16/2018 01:10,SCH - NPX_1385,325277,50,200,-200
07/16/2018 01:10,SCH - NPX_CSC,325154,330,330,-330
07/16/2018 01:10,SCH - OH - NY,23317,662.03,1900,-1750
07/16/2018 01:10,SCH - PJ - NY,23316,1497.91,1800,-1100
07/16/2018 01:10,SCH - PJM_HTP,325905,272,660,-660
07/16/2018 01:10,SCH - PJM_NEPTUNE,325305,660,660,-660
07/16/2018 01:10,SCH - PJM_VFT,325658,275,315,-315
07/16/2018 01:10,SPR/DUN-SOUTH,23320,3013.34,4350,-9999
07/16/2018 01:10,TOTAL EAST,23314,3995.49,6800,-9999
07/16/2018 01:10,UPNY CONED,23315,2325.64,5700,-9999
07/16/2018 01:10,WEST CENTRAL,23312,18.81,9999,-9999
07/16/2018 01:15,CENTRAL EAST - VC,23330,2010.66,2340,-9999
07/16/2018 01:15,DYSINGER EAST,23326,581.33,3150,-9999
07/16/2018 01:15,MOSES SOUTH,23319,2194.91,3150,-1600
07/16/2018 01:15,SCH - HQ - NY,23324,1500,1500,-1000
07/16/2018 01:15,SCH - HQ_CEDARS,325274,120,120,-40
07/16/2018 01:15,SCH - HQ_IMPORT_EXPORT,325376,1200,1310,-9999
07/16/2018 01:15,SCH - NE - NY,23318,-94.94,1400,-1600
07/16/2018 01:15,SCH - NPX_1385,325277,50,200,-200
07/16/2018 01:15,SCH - NPX_CSC,325154,330,330,-330
07/16/2018 01:15,SCH - OH - NY,23317,661.63,1900,-1750
07/16/2018 01:15,SCH - PJ - NY,23316,1499.7,1800,-1100
07/16/2018 01:15,SCH - PJM_HTP,325905,272,660,-660
07/16/2018 01:15,SCH - PJM_NEPTUNE,325305,660,660,-660
07/16/2018 01:15,SCH - PJM_VFT,325658,275,315,-315
07/16/2018 01:15,SPR/DUN-SOUTH,23320,3004.22,4350,-9999
07/16/2018 01:15,TOTAL EAST,23314,4012.04,6800,-9999
07/16/2018 01:15,UPNY CONED,23315,2293.56,5700,-9999
07/16/2018 01:15,WEST CENTRAL,23312,-12.43,9999,-9999
07/16/2018 01:20,CENTRAL EAST - VC,23330,1978.64,2340,-9999
07/16/2018 01:20,DYSINGER EAST,23326,606.82,3150,-9999
07/16/2018 01:20,MOSES SOUTH,23319,2171.67,3150,-1600
07/16/2018 01:20,SCH - HQ - NY,23324,1500,1500,-1000
07/16/2018 01:20,SCH - HQ_CEDARS,325274,120,120,-40
07/16/2018 01:20,SCH - HQ_IMPORT_EXPORT,325376,1200,1310,-9999
07/16/2018 01:20,SCH - NE - NY,23318,-139.03,1400,-1600
07/16/2018 01:20,SCH - NPX_1385,325277,50,200,-200
07/16/2018 01:20,SCH - NPX_CSC,325154,330,330,-330
07/16/2018 01:20,SCH - OH - NY,23317,659.86,1900,-1750
07/16/2018 01:20,SCH - PJ - NY,23316,1502.8,1800,-1100
07/16/2018 01:20,SCH - PJM_HTP,325905,272,660,-660
07/16/2018 01:20,SCH - PJM_NEPTUNE,325305,660,660,-660
07/16/2018 01:20,SCH - PJM_VFT,325658,275,315,-315
07/16/2018 01:20,SPR/DUN-SOUTH,23320,2957.18,4350,-9999
07/16/2018 01:20,TOTAL EAST,23314,4022.6,6800,-9999
07/16/2018 01:20,UPNY CONED,23315,2232.69,5700,-9999
07/16/2018 01:20,WEST CENTRAL,23312,18.91,9999,-9999
07/16/2018 01:25,CENTRAL EAST - VC,23330,2024.02,2340,-9999
07/16/2018 01:25,DYSINGER EAST,23326,655.07,3150,-9999
07/16/2018 01:25,MOSES SOUTH,23319,2170.96,3150,-1600
07/16/2018 01:25,SCH - HQ - NY,23324,1500,1500,-1000
07/16/2018 01:25,SCH - HQ_CEDARS,325274,120,120,-40
07/16/2018 01:25,SCH - HQ_IMPORT_EXPORT,325376,1200,1310,-9999
07/16/2018 01:25,SCH - NE - NY,23318,-138.93,1400,-1600
07/16/2018 01:25,SCH - NPX_1385,325277,50,200,-200
07/16/2018 01:25,SCH - NPX_CSC,325154,330,330,-330
07/16/2018 01:25,SCH - OH - NY,23317,659.93,1900,-1750
07/16/2018 01:25,SCH - PJ - NY,23316,1501.43,1800,-1100
07/16/2018 01:25,SCH - PJM_HTP,325905,272,660,-660
07/16/2018 01:25,SCH - PJM_NEPTUNE,325305,660,660,-660
07/16/2018 01:25,SCH - PJM_VFT,325658,275,315,-315
07/16/2018 01:25,SPR/DUN-SOUTH,23320,2991.21,4350,-9999
07/16/2018 01:25,TOTAL EAST,23314,4027.17,6800,-9999
07/16/2018 01:25,UPNY CONED,23315,2257.75,5700,-9999
07/16/2018 01:25,WEST CENTRAL,23312,70.58,9999,-9999
07/16/2018 01:30,CENTRAL EAST - VC,23330,1990.45,2340,-9999
07/16/2018 01:30,DYSINGER EAST,23326,706.91,3150,-9999
07/16/2018 01:30,MOSES SOUTH,23319,2094.31,3150,-1600
07/16/2018 01:30,SCH - HQ - NY,23324,1500,1500,-1000
07/16/2018 01:30,SCH - HQ_CEDARS,325274,120,120,-40
07/16/2018 01:30,SCH - HQ_IMPORT_EXPORT,325376,1200,1310,-9999
07/16/2018 01:30,SCH - NE - NY,23318,-148.06,1400,-1600
07/16/2018 01:30,SCH - NPX_1385,325277,50,200,-200
07/16/2018 01:30,SCH - NPX_CSC,325154,330,330,-330
07/16/2018 01:30,SCH - OH - NY,23317,660.25,1900,-1750
07/16/2018 01:30,SCH - PJ - NY,23316,1502.6,1800,-1100
07/16/2018 01:30,SCH - PJM_HTP,325905,272,660,-660
07/16/2018 01:30,SCH - PJM_NEPTUNE,325305,660,660,-660
07/16/2018 01:30,SCH - PJM_VFT,325658,275,315,-315
07/16/2018 01:30,SPR/DUN-SOUTH,23320,2987.85,4350,-9999
07/16/2018 01:30,TOTAL EAST,23314,4056.65,6800,-9999
07/16/2018 01:30,UPNY CONED,23315,2241.03,5700,-9999
07/16/2018 01:30,WEST CENTRAL,23312,127.38,9999,-9999
07/16/2018 01:35,CENTRAL EAST - VC,23330,1954.62,2340,-9999
07/16/2018 01:35,DYSINGER EAST,23326,658.95,3150,-9999
07/16/2018 01:35,MOSES SOUTH,23319,2077.09,3150,-1600
07/16/2018 01:35,SCH - HQ - NY,23324,1500,1500,-1000
07/16/2018 01:35,SCH - HQ_CEDARS,325274,120,120,-40
07/16/2018 01:35,SCH - HQ_IMPORT_EXPORT,325376,1200,1310,-9999
07/16/2018 01:35,SCH - NE - NY,23318,-157.1,1400,-1600
07/16/2018 01:35,SCH - NPX_1385,325277,50,200,-200
07/16/2018 01:35,SCH - NPX_CSC,325154,330,330,-330
07/16/2018 01:35,SCH - OH - NY,23317,660.16,1900,-1750
07/16/2018 01:35,SCH - PJ - NY,23316,1498.51,1800,-1100
07/16/2018 01:35,SCH - PJM_HTP,325905,272,660,-660
07/16/2018 01:35,SCH - PJM_NEPTUNE,325305,660,660,-660
07/16/2018 01:35,SCH - PJM_VFT,325658,275,315,-315
07/16/2018 01:35,SPR/DUN-SOUTH,23320,2994.39,4350,-9999
07/16/2018 01:35,TOTAL EAST,23314,4060.38,6800,-9999
07/16/2018 01:35,UPNY CONED,23315,2241.53,5700,-9999
07/16/2018 01:35,WEST CENTRAL,23312,84.45,9999,-9999
07/16/2018 01:40,CENTRAL EAST - VC,23330,1987.06,2340,-9999
07/16/2018 01:40,DYSINGER EAST,23326,699.57,3150,-9999
07/16/2018 01:40,MOSES SOUTH,23319,2083.62,3150,-1600
07/16/2018 01:40,SCH - HQ - NY,23324,1500,1500,-1000
07/16/2018 01:40,SCH - HQ_CEDARS,325274,120,120,-40
07/16/2018 01:40,SCH - HQ_IMPORT_EXPORT,325376,1200,1310,-9999
07/16/2018 01:40,SCH - NE - NY,23318,-157.09,1400,-1600
07/16/2018 01:40,SCH - NPX_1385,325277,50,200,-200
07/16/2018 01:40,SCH - NPX_CSC,325154,330,330,-330
07/16/2018 01:40,SCH - OH - NY,23317,660.22,1900,-1750
07/16/2018 01:40,SCH - PJ - NY,23316,1502.17,1800,-1100
07/16/2018 01:40,SCH - PJM_HTP,325905,272,660,-660
07/16/2018 01:40,SCH - PJM_NEPTUNE,325305,660,660,-660
07/16/2018 01:40,SCH - PJM_VFT,325658,275,315,-315
07/16/2018 01:40,SPR/DUN-SOUTH,23320,3033.37,4350,-9999
07/16/2018 01:40,TOTAL EAST,23314,4072.48,6800,-9999
07/16/2018 01:40,UPNY CONED,23315,2264.56,5700,-9999
07/16/2018 01:40,WEST CENTRAL,23312,129.24,9999,-9999
07/16/2018 01:45,CENTRAL EAST - VC,23330,1984.34,2340,-9999
07/16/2018 01:45,DYSINGER EAST,23326,677.64,3150,-9999
07/16/2018 01:45,MOSES SOUTH,23319,2066.22,3150,-1600
07/16/2018 01:45,SCH - HQ - NY,23324,1500,1500,-1000
07/16/2018 01:45,SCH - HQ_CEDARS,325274,120,120,-40
07/16/2018 01:45,SCH - HQ_IMPORT_EXPORT,325376,1200,1310,-9999
07/16/2018 01:45,SCH - NE - NY,23318,-198.14,1400,-1600
07/16/2018 01:45,SCH - NPX_1385,325277,50,200,-200
07/16/2018 01:45,SCH - NPX_CSC,325154,330,330,-330
07/16/2018 01:45,SCH - OH - NY,23317,660.12,1900,-1750
07/16/2018 01:45,SCH - PJ - NY,23316,1457.1,1800,-1100
07/16/2018 01:45,SCH - PJM_HTP,325905,272,660,-660
07/16/2018 01:45,SCH - PJM_NEPTUNE,325305,660,660,-660
07/16/2018 01:45,SCH - PJM_VFT,325658,275,315,-315
07/16/2018 01:45,SPR/DUN-SOUTH,23320,2986.15,4350,-9999
07/16/2018 01:45,TOTAL EAST,23314,4037.29,6800,-9999
07/16/2018 01:45,UPNY CONED,23315,2205.62,5700,-9999
07/16/2018 01:45,WEST CENTRAL,23312,110.51,9999,-9999
07/16/2018 01:50,CENTRAL EAST - VC,23330,1996.69,2340,-9999
07/16/2018 01:50,DYSINGER EAST,23326,687.75,3150,-9999
07/16/2018 01:50,MOSES SOUTH,23319,2094.49,3150,-1600
07/16/2018 01:50,SCH - HQ - NY,23324,1500,1500,-1000
07/16/2018 01:50,SCH - HQ_CEDARS,325274,120,120,-40
07/16/2018 01:50,SCH - HQ_IMPORT_EXPORT,325376,1200,1310,-9999
07/16/2018 01:50,SCH - NE - NY,23318,-239.18,1400,-1600
07/16/2018 01:50,SCH - NPX_1385,325277,50,200,-200
07/16/2018 01:50,SCH - NPX_CSC,325154,330,330,-330
07/16/2018 01:50,SCH - OH - NY,23317,660.19,1900,-1750
07/16/2018 01:50,SCH - PJ - NY,23316,1414.02,1800,-1100
07/16/2018 01:50,SCH - PJM_HTP,325905,272,660,-660
07/16/2018 01:50,SCH - PJM_NEPTUNE,325305,660,660,-660
07/16/2018 01:50,SCH - PJM_VFT,325658,275,315,-315
07/16/2018 01:50,SPR/DUN-SOUTH,23320,2933.81,4350,-9999
07/16/2018 01:50,TOTAL EAST,23314,4009.78,6800,-9999
07/16/2018 01:50,UPNY CONED,23315,2143.54,5700,-9999
07/16/2018 01:50,WEST CENTRAL,23312,125.5,9999,-9999
07/16/2018 01:55,CENTRAL EAST - VC,23330,2031.96,2340,-9999
07/16/2018 01:55,DYSINGER EAST,23326,687.49,3150,-9999
07/16/2018 01:55,MOSES SOUTH,23319,2079.61,3150,-1600
07/16/2018 01:55,SCH - HQ - NY,23324,1500,1500,-1000
07/16/2018 01:55,SCH - HQ_CEDARS,325274,120,120,-40
07/16/2018 01:55,SCH - HQ_IMPORT_EXPORT,325376,1200,1310,-9999
07/16/2018 01:55,SCH - NE - NY,23318,-239.12,1400,-1600
07/16/2018 01:55,SCH - NPX_1385,325277,50,200,-200
07/16/2018 01:55,SCH - NPX_CSC,325154,330,330,-330
07/16/2018 01:55,SCH - OH - NY,23317,660.11,1900,-1750
07/16/2018 01:55,SCH - PJ - NY,23316,1413.79,1800,-1100
07/16/2018 01:55,SCH - PJM_HTP,325905,272,660,-660
07/16/2018 01:55,SCH - PJM_NEPTUNE,325305,660,660,-660
07/16/2018 01:55,SCH - PJM_VFT,325658,275,315,-315
07/16/2018 01:55,SPR/DUN-SOUTH,23320,2992.63,4350,-9999
07/16/2018 01:55,TOTAL EAST,23314,4055.99,6800,-9999
07/16/2018 01:55,UPNY CONED,23315,2205.78,5700,-9999
07/16/2018 01:55,WEST CENTRAL,23312,128.63,9999,-9999
07/16/2018 02:00,CENTRAL EAST - VC,23330,1956.23,2340,-9999
07/16/2018 02:00,DYSINGER EAST,23326,586.93,3150,-9999
07/16/2018 02:00,MOSES SOUTH,23319,2086.43,3150,-1600
07/16/2018 02:00,SCH - HQ - NY,23324,1500,1500,-1000
07/16/2018 02:00,SCH - HQ_CEDARS,325274,120,120,-40
07/16/2018 02:00,SCH - HQ_IMPORT_EXPORT,325376,1200,1310,-9999
07/16/2018 02:00,SCH - NE - NY,23318,-198.1,1400,-1600
07/16/2018 02:00,SCH - NPX_1385,325277,62,200,-200
07/16/2018 02:00,SCH - NPX_CSC,325154,330,330,-330
07/16/2018 02:00,SCH - OH - NY,23317,662.21,1900,-1750
07/16/2018 02:00,SCH - PJ - NY,23316,1161.2,1800,-1100
07/16/2018 02:00,SCH - PJM_HTP,325905,278,660,-660
07/16/2018 02:00,SCH - PJM_NEPTUNE,325305,660,660,-660
07/16/2018 02:00,SCH - PJM_VFT,325658,275,315,-315
07/16/2018 02:00,SPR/DUN-SOUTH,23320,3090.16,4350,-9999
07/16/2018 02:00,TOTAL EAST,23314,3842.52,6800,-9999
07/16/2018 02:00,UPNY CONED,23315,2331.62,5700,-9999
07/16/2018 02:00,WEST CENTRAL,23312,33.68,9999,-9999
07/16/2018 02:05,CENTRAL EAST - VC,23330,1910.73,2340,-9999
07/16/2018 02:05,DYSINGER EAST,23326,549.99,3150,-9999
07/16/2018 02:05,MOSES SOUTH,23319,2113.42,3150,-1600
07/16/2018 02:05,SCH - HQ - NY,23324,1500,1500,-1000
07/16/2018 02:05,SCH - HQ_CEDARS,325274,120,120,-40
07/16/2018 02:05,SCH - HQ_IMPORT_EXPORT,325376,1200,1310,-9999
07/16/2018 02:05,SCH - NE - NY,23318,-157.01,1400,-1600
07/16/2018 02:05,SCH - NPX_1385,325277,75,200,-200
07/16/2018 02:05,SCH - NPX_CSC,325154,330,330,-330
07/16/2018 02:05,SCH - OH - NY,23317,664.21,1900,-1750
07/16/2018 02:05,SCH - PJ - NY,23316,909.22,1800,-1100
07/16/2018 02:05,SCH - PJM_HTP,325905,285,660,-660
07/16/2018 02:05,SCH - PJM_NEPTUNE,325305,660,660,-660
07/16/2018 02:05,SCH - PJM_VFT,325658,275,315,-315
07/16/2018 02:05,SPR/DUN-SOUTH,23320,2980.74,4350,-9999
07/16/2018 02:05,TOTAL EAST,23314,3612.41,6800,-9999
07/16/2018 02:05,UPNY CONED,23315,2191.73,5700,-9999
07/16/2018 02:05,WEST CENTRAL,23312,-.95,9999,-9999
07/16/2018 02:10,CENTRAL EAST - VC,23330,1920.33,2340,-9999
07/16/2018 02:10,DYSINGER EAST,23326,607.43,3150,-9999
07/16/2018 02:10,MOSES SOUTH,23319,2086.89,3150,-1600
07/16/2018 02:10,SCH - HQ - NY,23324,1500,1500,-1000
07/16/2018 02:10,SCH - HQ_CEDARS,325274,120,120,-40
07/16/2018 02:10,SCH - HQ_IMPORT_EXPORT,325376,1200,1310,-9999
07/16/2018 02:10,SCH - NE - NY,23318,-157.1,1400,-1600
07/16/2018 02:10,SCH - NPX_1385,325277,75,200,-200
07/16/2018 02:10,SCH - NPX_CSC,325154,330,330,-330
07/16/2018 02:10,SCH - OH - NY,23317,660.15,1900,-1750
07/16/2018 02:10,SCH - PJ - NY,23316,914.45,1800,-1100
07/16/2018 02:10,SCH - PJM_HTP,325905,285,660,-660
07/16/2018 02:10,SCH - PJM_NEPTUNE,325305,660,660,-660
07/16/2018 02:10,SCH - PJM_VFT,325658,275,315,-315
07/16/2018 02:10,SPR/DUN-SOUTH,23320,3004.87,4350,-9999
07/16/2018 02:10,TOTAL EAST,23314,3624.17,6800,-9999
07/16/2018 02:10,UPNY CONED,23315,2206.97,5700,-9999
07/16/2018 02:10,WEST CENTRAL,23312,59.75,9999,-9999
07/16/2018 02:15,CENTRAL EAST - VC,23330,1976.65,2340,-9999
07/16/2018 02:15,DYSINGER EAST,23326,717.19,3150,-9999
07/16/2018 02:15,MOSES SOUTH,23319,2027.91,3150,-1600
07/16/2018 02:15,SCH - HQ - NY,23324,1500,1500,-1000
07/16/2018 02:15,SCH - HQ_CEDARS,325274,120,120,-40
07/16/2018 02:15,SCH - HQ_IMPORT_EXPORT,325376,1200,1310,-9999
07/16/2018 02:15,SCH - NE - NY,23318,-234.08,1400,-1600
07/16/2018 02:15,SCH - NPX_1385,325277,75,200,-200
07/16/2018 02:15,SCH - NPX_CSC,325154,330,330,-330
07/16/2018 02:15,SCH - OH - NY,23317,660.29,1900,-1750
07/16/2018 02:15,SCH - PJ - NY,23316,915.64,1800,-1100
07/16/2018 02:15,SCH - PJM_HTP,325905,285,660,-660
07/16/2018 02:15,SCH - PJM_NEPTUNE,325305,660,660,-660
07/16/2018 02:15,SCH - PJM_VFT,325658,275,315,-315
07/16/2018 02:15,SPR/DUN-SOUTH,23320,3026.11,4350,-9999
07/16/2018 02:15,TOTAL EAST,23314,3634.92,6800,-9999
07/16/2018 02:15,UPNY CONED,23315,2218.62,5700,-9999
07/16/2018 02:15,WEST CENTRAL,23312,173.22,9999,-9999
07/16/2018 02:20,CENTRAL EAST - VC,23330,2003.29,2340,-9999
07/16/2018 02:20,DYSINGER EAST,23326,712.66,3150,-9999
07/16/2018 02:20,MOSES SOUTH,23319,2035.28,3150,-1600
07/16/2018 02:20,SCH - HQ - NY,23324,1500,1500,-1000
07/16/2018 02:20,SCH - HQ_CEDARS,325274,120,120,-40
07/16/2018 02:20,SCH - HQ_IMPORT_EXPORT,325376,1200,1310,-9999
07/16/2018 02:20,SCH - NE - NY,23318,-309.3,1400,-1600
07/16/2018 02:20,SCH - NPX_1385,325277,75,200,-200
07/16/2018 02:20,SCH - NPX_CSC,325154,330,330,-330
07/16/2018 02:20,SCH - OH - NY,23317,660.24,1900,-1750
07/16/2018 02:20,SCH - PJ - NY,23316,915.98,1800,-1100
07/16/2018 02:20,SCH - PJM_HTP,325905,285,660,-660
07/16/2018 02:20,SCH - PJM_NEPTUNE,325305,660,660,-660
07/16/2018 02:20,SCH - PJM_VFT,325658,275,315,-315
07/16/2018 02:20,SPR/DUN-SOUTH,23320,2970.96,4350,-9999
07/16/2018 02:20,TOTAL EAST,23314,3648.52,6800,-9999
07/16/2018 02:20,UPNY CONED,23315,2148.61,5700,-9999
07/16/2018 02:20,WEST CENTRAL,23312,173.01,9999,-9999
07/16/2018 02:25,CENTRAL EAST - VC,23330,1983.9,2340,-9999
07/16/2018 02:25,DYSINGER EAST,23326,684.25,3150,-9999
07/16/2018 02:25,MOSES SOUTH,23319,2032.37,3150,-1600
07/16/2018 02:25,SCH - HQ - NY,23324,1500,1500,-1000
07/16/2018 02:25,SCH - HQ_CEDARS,325274,120,120,-40
07/16/2018 02:25,SCH - HQ_IMPORT_EXPORT,325376,1200,1310,-9999
07/16/2018 02:25,SCH - NE - NY,23318,-309.3,1400,-1600
07/16/2018 02:25,SCH - NPX_1385,325277,75,200,-200
07/16/2018 02:25,SCH - NPX_CSC,325154,330,330,-330
07/16/2018 02:25,SCH - OH - NY,23317,660.19,1900,-1750
07/16/2018 02:25,SCH - PJ - NY,23316,915.25,1800,-1100
07/16/2018 02:25,SCH - PJM_HTP,325905,285,660,-660
07/16/2018 02:25,SCH - PJM_NEPTUNE,325305,660,660,-660
07/16/2018 02:25,SCH - PJM_VFT,325658,275,315,-315
07/16/2018 02:25,SPR/DUN-SOUTH,23320,3005.38,4350,-9999
07/16/2018 02:25,TOTAL EAST,23314,3663.36,6800,-9999
07/16/2018 02:25,UPNY CONED,23315,2176.16,5700,-9999
07/16/2018 02:25,WEST CENTRAL,23312,147.56,9999,-9999
07/16/2018 02:30,CENTRAL EAST - VC,23330,1997.62,2340,-9999
07/16/2018 02:30,DYSINGER EAST,23326,688.51,3150,-9999
07/16/2018 02:30,MOSES SOUTH,23319,2028.33,3150,-1600
07/16/2018 02:30,SCH - HQ - NY,23324,1500,1500,-1000
07/16/2018 02:30,SCH - HQ_CEDARS,325274,120,120,-40
07/16/2018 02:30,SCH - HQ_IMPORT_EXPORT,325376,1200,1310,-9999
07/16/2018 02:30,SCH - NE - NY,23318,-247.07,1400,-1600
07/16/2018 02:30,SCH - NPX_1385,325277,75,200,-200
07/16/2018 02:30,SCH - NPX_CSC,325154,330,330,-330
07/16/2018 02:30,SCH - OH - NY,23317,660.16,1900,-1750
07/16/2018 02:30,SCH - PJ - NY,23316,918.32,1800,-1100
07/16/2018 02:30,SCH - PJM_HTP,325905,285,660,-660
07/16/2018 02:30,SCH - PJM_NEPTUNE,325305,660,660,-660
07/16/2018 02:30,SCH - PJM_VFT,325658,275,315,-315
07/16/2018 02:30,SPR/DUN-SOUTH,23320,2878.16,4350,-9999
07/16/2018 02:30,TOTAL EAST,23314,3700.15,6800,-9999
07/16/2018 02:30,UPNY CONED,23315,2033.39,5700,-9999
07/16/2018 02:30,WEST CENTRAL,23312,155.99,9999,-9999
07/16/2018 02:35,CENTRAL EAST - VC,23330,2007.74,2340,-9999
07/16/2018 02:35,DYSINGER EAST,23326,697.7,3150,-9999
07/16/2018 02:35,MOSES SOUTH,23319,2021.41,3150,-1600
07/16/2018 02:35,SCH - HQ - NY,23324,1500,1500,-1000
07/16/2018 02:35,SCH - HQ_CEDARS,325274,120,120,-40
07/16/2018 02:35,SCH - HQ_IMPORT_EXPORT,325376,1200,1310,-9999
07/16/2018 02:35,SCH - NE - NY,23318,-185.93,1400,-1600
07/16/2018 02:35,SCH - NPX_1385,325277,75,200,-200
07/16/2018 02:35,SCH - NPX_CSC,325154,330,330,-330
07/16/2018 02:35,SCH - OH - NY,23317,664.09,1900,-1750
07/16/2018 02:35,SCH - PJ - NY,23316,913.5,1800,-1100
07/16/2018 02:35,SCH - PJM_HTP,325905,285,660,-660
07/16/2018 02:35,SCH - PJM_NEPTUNE,325305,660,660,-660
07/16/2018 02:35,SCH - PJM_VFT,325658,275,315,-315
07/16/2018 02:35,SPR/DUN-SOUTH,23320,2922.44,4350,-9999
07/16/2018 02:35,TOTAL EAST,23314,3683.09,6800,-9999
07/16/2018 02:35,UPNY CONED,23315,2065.83,5700,-9999
07/16/2018 02:35,WEST CENTRAL,23312,169.46,9999,-9999
07/16/2018 02:40,CENTRAL EAST - VC,23330,1954.13,2340,-9999
07/16/2018 02:40,DYSINGER EAST,23326,672.33,3150,-9999
07/16/2018 02:40,MOSES SOUTH,23319,2026.11,3150,-1600
07/16/2018 02:40,SCH - HQ - NY,23324,1500,1500,-1000
07/16/2018 02:40,SCH - HQ_CEDARS,325274,120,120,-40
07/16/2018 02:40,SCH - HQ_IMPORT_EXPORT,325376,1200,1310,-9999
07/16/2018 02:40,SCH - NE - NY,23318,-185.93,1400,-1600
07/16/2018 02:40,SCH - NPX_1385,325277,75,200,-200
07/16/2018 02:40,SCH - NPX_CSC,325154,330,330,-330
07/16/2018 02:40,SCH - OH - NY,23317,660.2,1900,-1750
07/16/2018 02:40,SCH - PJ - NY,23316,912.78,1800,-1100
07/16/2018 02:40,SCH - PJM_HTP,325905,285,660,-660
07/16/2018 02:40,SCH - PJM_NEPTUNE,325305,660,660,-660
07/16/2018 02:40,SCH - PJM_VFT,325658,275,315,-315
07/16/2018 02:40,SPR/DUN-SOUTH,23320,2914.8,4350,-9999
07/16/2018 02:40,TOTAL EAST,23314,3706.51,6800,-9999
07/16/2018 02:40,UPNY CONED,23315,2044.89,5700,-9999
07/16/2018 02:40,WEST CENTRAL,23312,145.62,9999,-9999
07/16/2018 02:45,CENTRAL EAST - VC,23330,1996.92,2340,-9999
07/16/2018 02:45,DYSINGER EAST,23326,661.31,3150,-9999
07/16/2018 02:45,MOSES SOUTH,23319,2032.55,3150,-1600
07/16/2018 02:45,SCH - HQ - NY,23324,1500,1500,-1000
07/16/2018 02:45,SCH - HQ_CEDARS,325274,120,120,-40
07/16/2018 02:45,SCH - HQ_IMPORT_EXPORT,325376,1200,1310,-9999
07/16/2018 02:45,SCH - NE - NY,23318,-253.09,1400,-1600
07/16/2018 02:45,SCH - NPX_1385,325277,75,200,-200
07/16/2018 02:45,SCH - NPX_CSC,325154,330,330,-330
07/16/2018 02:45,SCH - OH - NY,23317,664.12,1900,-1750
07/16/2018 02:45,SCH - PJ - NY,23316,912.98,1800,-1100
07/16/2018 02:45,SCH - PJM_HTP,325905,285,660,-660
07/16/2018 02:45,SCH - PJM_NEPTUNE,325305,660,660,-660
07/16/2018 02:45,SCH - PJM_VFT,325658,275,315,-315
07/16/2018 02:45,SPR/DUN-SOUTH,23320,2921.16,4350,-9999
07/16/2018 02:45,TOTAL EAST,23314,3742.91,6800,-9999
07/16/2018 02:45,UPNY CONED,23315,2034.98,5700,-9999
07/16/2018 02:45,WEST CENTRAL,23312,138.98,9999,-9999
07/16/2018 02:50,CENTRAL EAST - VC,23330,2047.71,2340,-9999
07/16/2018 02:50,DYSINGER EAST,23326,687.52,3150,-9999
07/16/2018 02:50,MOSES SOUTH,23319,2050.98,3150,-1600
07/16/2018 02:50,SCH - HQ - NY,23324,1500,1500,-1000
07/16/2018 02:50,SCH - HQ_CEDARS,325274,120,120,-40
07/16/2018 02:50,SCH - HQ_IMPORT_EXPORT,325376,1200,1310,-9999
07/16/2018 02:50,SCH - NE - NY,23318,-321.35,1400,-1600
07/16/2018 02:50,SCH - NPX_1385,325277,75,200,-200
07/16/2018 02:50,SCH - NPX_CSC,325154,330,330,-330
07/16/2018 02:50,SCH - OH - NY,23317,664.51,1900,-1750
07/16/2018 02:50,SCH - PJ - NY,23316,910.74,1800,-1100
07/16/2018 02:50,SCH - PJM_HTP,325905,285,660,-660
07/16/2018 02:50,SCH - PJM_NEPTUNE,325305,660,660,-660
07/16/2018 02:50,SCH - PJM_VFT,325658,275,315,-315
07/16/2018 02:50,SPR/DUN-SOUTH,23320,2917.92,4350,-9999
07/16/2018 02:50,TOTAL EAST,23314,3777.76,6800,-9999
07/16/2018 02:50,UPNY CONED,23315,2014.47,5700,-9999
07/16/2018 02:50,WEST CENTRAL,23312,168.34,9999,-9999
07/16/2018 02:55,CENTRAL EAST - VC,23330,2054.89,2340,-9999
07/16/2018 02:55,DYSINGER EAST,23326,698.44,3150,-9999
07/16/2018 02:55,MOSES SOUTH,23319,2074.59,3150,-1600
07/16/2018 02:55,SCH - HQ - NY,23324,1500,1500,-1000
07/16/2018 02:55,SCH - HQ_CEDARS,325274,120,120,-40
07/16/2018 02:55,SCH - HQ_IMPORT_EXPORT,325376,1200,1310,-9999
07/16/2018 02:55,SCH - NE - NY,23318,-321.33,1400,-1600
07/16/2018 02:55,SCH - NPX_1385,325277,75,200,-200
07/16/2018 02:55,SCH - NPX_CSC,325154,330,330,-330
07/16/2018 02:55,SCH - OH - NY,23317,660.14,1900,-1750
07/16/2018 02:55,SCH - PJ - NY,23316,917.23,1800,-1100
07/16/2018 02:55,SCH - PJM_HTP,325905,285,660,-660
07/16/2018 02:55,SCH - PJM_NEPTUNE,325305,660,660,-660
07/16/2018 02:55,SCH - PJM_VFT,325658,275,315,-315
07/16/2018 02:55,SPR/DUN-SOUTH,23320,2906.73,4350,-9999
07/16/2018 02:55,TOTAL EAST,23314,3764.44,6800,-9999
07/16/2018 02:55,UPNY CONED,23315,2000.03,5700,-9999
07/16/2018 02:55,WEST CENTRAL,23312,180.3,9999,-9999
07/16/2018 03:00,CENTRAL EAST - VC,23330,2049.84,2340,-9999
07/16/2018 03:00,DYSINGER EAST,23326,670.04,3150,-9999
07/16/2018 03:00,MOSES SOUTH,23319,2061.25,3150,-1600
07/16/2018 03:00,SCH - HQ - NY,23324,1500,1500,-1000
07/16/2018 03:00,SCH - HQ_CEDARS,325274,120,120,-40
07/16/2018 03:00,SCH - HQ_IMPORT_EXPORT,325376,1200,1310,-9999
07/16/2018 03:00,SCH - NE - NY,23318,-242.1,1400,-1600
07/16/2018 03:00,SCH - NPX_1385,325277,37,200,-200
07/16/2018 03:00,SCH - NPX_CSC,325154,330,330,-330
07/16/2018 03:00,SCH - OH - NY,23317,657.89,1900,-1750
07/16/2018 03:00,SCH - PJ - NY,23316,898.61,1800,-1100
07/16/2018 03:00,SCH - PJM_HTP,325905,285,660,-660
07/16/2018 03:00,SCH - PJM_NEPTUNE,325305,660,660,-660
07/16/2018 03:00,SCH - PJM_VFT,325658,275,315,-315
07/16/2018 03:00,SPR/DUN-SOUTH,23320,2898.31,4350,-9999
07/16/2018 03:00,TOTAL EAST,23314,3757.26,6800,-9999
07/16/2018 03:00,UPNY CONED,23315,2052.7,5700,-9999
07/16/2018 03:00,WEST CENTRAL,23312,154.08,9999,-9999
07/16/2018 03:05,CENTRAL EAST - VC,23330,2009.7,2340,-9999
07/16/2018 03:05,DYSINGER EAST,23326,648.89,3150,-9999
07/16/2018 03:05,MOSES SOUTH,23319,2056.79,3150,-1600
07/16/2018 03:05,SCH - HQ - NY,23324,1500,1500,-1000
07/16/2018 03:05,SCH - HQ_CEDARS,325274,120,120,-40
07/16/2018 03:05,SCH - HQ_IMPORT_EXPORT,325376,1200,1310,-9999
07/16/2018 03:05,SCH - NE - NY,23318,-162.88,1400,-1600
07/16/2018 03:05,SCH - NPX_1385,325277,0,200,-200
07/16/2018 03:05,SCH - NPX_CSC,325154,330,330,-330
07/16/2018 03:05,SCH - OH - NY,23317,653.97,1900,-1750
07/16/2018 03:05,SCH - PJ - NY,23316,882.12,1800,-1100
07/16/2018 03:05,SCH - PJM_HTP,325905,285,660,-660
07/16/2018 03:05,SCH - PJM_NEPTUNE,325305,660,660,-660
07/16/2018 03:05,SCH - PJM_VFT,325658,276,315,-315
07/16/2018 03:05,SPR/DUN-SOUTH,23320,2878.59,4350,-9999
07/16/2018 03:05,TOTAL EAST,23314,3749.92,6800,-9999
07/16/2018 03:05,UPNY CONED,23315,2089.78,5700,-9999
07/16/2018 03:05,WEST CENTRAL,23312,131.7,9999,-9999
07/16/2018 03:10,CENTRAL EAST - VC,23330,2047.94,2340,-9999
07/16/2018 03:10,DYSINGER EAST,23326,704.75,3150,-9999
07/16/2018 03:10,MOSES SOUTH,23319,2061.49,3150,-1600
07/16/2018 03:10,SCH - HQ - NY,23324,1500,1500,-1000
07/16/2018 03:10,SCH - HQ_CEDARS,325274,120,120,-40
07/16/2018 03:10,SCH - HQ_IMPORT_EXPORT,325376,1200,1310,-9999
07/16/2018 03:10,SCH - NE - NY,23318,-162.88,1400,-1600
07/16/2018 03:10,SCH - NPX_1385,325277,0,200,-200
07/16/2018 03:10,SCH - NPX_CSC,325154,330,330,-330
07/16/2018 03:10,SCH - OH - NY,23317,650.22,1900,-1750
07/16/2018 03:10,SCH - PJ - NY,23316,885.57,1800,-1100
07/16/2018 03:10,SCH - PJM_HTP,325905,285,660,-660
07/16/2018 03:10,SCH - PJM_NEPTUNE,325305,660,660,-660
07/16/2018 03:10,SCH - PJM_VFT,325658,276,315,-315
07/16/2018 03:10,SPR/DUN-SOUTH,23320,2880.07,4350,-9999
07/16/2018 03:10,TOTAL EAST,23314,3773.33,6800,-9999
07/16/2018 03:10,UPNY CONED,23315,2103.65,5700,-9999
07/16/2018 03:10,WEST CENTRAL,23312,190.62,9999,-9999
07/16/2018 03:15,CENTRAL EAST - VC,23330,2031.73,2340,-9999
07/16/2018 03:15,DYSINGER EAST,23326,753,3150,-9999
07/16/2018 03:15,MOSES SOUTH,23319,2011.8,3150,-1600
07/16/2018 03:15,SCH - HQ - NY,23324,1500,1500,-1000
07/16/2018 03:15,SCH - HQ_CEDARS,325274,120,120,-40
07/16/2018 03:15,SCH - HQ_IMPORT_EXPORT,325376,1200,1310,-9999
07/16/2018 03:15,SCH - NE - NY,23318,-238.99,1400,-1600
07/16/2018 03:15,SCH - NPX_1385,325277,0,200,-200
07/16/2018 03:15,SCH - NPX_CSC,325154,330,330,-330
07/16/2018 03:15,SCH - OH - NY,23317,650.34,1900,-1750
07/16/2018 03:15,SCH - PJ - NY,23316,897.29,1800,-1100
07/16/2018 03:15,SCH - PJM_HTP,325905,285,660,-660
07/16/2018 03:15,SCH - PJM_NEPTUNE,325305,660,660,-660
07/16/2018 03:15,SCH - PJM_VFT,325658,276,315,-315
07/16/2018 03:15,SPR/DUN-SOUTH,23320,2832.59,4350,-9999
07/16/2018 03:15,TOTAL EAST,23314,3784.95,6800,-9999
07/16/2018 03:15,UPNY CONED,23315,2034.68,5700,-9999
07/16/2018 03:15,WEST CENTRAL,23312,242.75,9999,-9999
07/16/2018 03:20,CENTRAL EAST - VC,23330,2052.78,2340,-9999
07/16/2018 03:20,DYSINGER EAST,23326,747.09,3150,-9999
07/16/2018 03:20,MOSES SOUTH,23319,2013.62,3150,-1600
07/16/2018 03:20,SCH - HQ - NY,23324,1500,1500,-1000
07/16/2018 03:20,SCH - HQ_CEDARS,325274,120,120,-40
07/16/2018 03:20,SCH - HQ_IMPORT_EXPORT,325376,1200,1310,-9999
07/16/2018 03:20,SCH - NE - NY,23318,-314.31,1400,-1600
07/16/2018 03:20,SCH - NPX_1385,325277,0,200,-200
07/16/2018 03:20,SCH - NPX_CSC,325154,330,330,-330
07/16/2018 03:20,SCH - OH - NY,23317,650.31,1900,-1750
07/16/2018 03:20,SCH - PJ - NY,23316,907.75,1800,-1100
07/16/2018 03:20,SCH - PJM_HTP,325905,285,660,-660
07/16/2018 03:20,SCH - PJM_NEPTUNE,325305,660,660,-660
07/16/2018 03:20,SCH - PJM_VFT,325658,276,315,-315
07/16/2018 03:20,SPR/DUN-SOUTH,23320,2837.74,4350,-9999
07/16/2018 03:20,TOTAL EAST,23314,3799.47,6800,-9999
07/16/2018 03:20,UPNY CONED,23315,2003.57,5700,-9999
07/16/2018 03:20,WEST CENTRAL,23312,237.88,9999,-9999
07/16/2018 03:25,CENTRAL EAST - VC,23330,2020.02,2340,-9999
07/16/2018 03:25,DYSINGER EAST,23326,723.73,3150,-9999
07/16/2018 03:25,MOSES SOUTH,23319,1991.9,3150,-1600
07/16/2018 03:25,SCH - HQ - NY,23324,1500,1500,-1000
07/16/2018 03:25,SCH - HQ_CEDARS,325274,120,120,-40
07/16/2018 03:25,SCH - HQ_IMPORT_EXPORT,325376,1200,1310,-9999
07/16/2018 03:25,SCH - NE - NY,23318,-314.28,1400,-1600
07/16/2018 03:25,SCH - NPX_1385,325277,0,200,-200
07/16/2018 03:25,SCH - NPX_CSC,325154,330,330,-330
07/16/2018 03:25,SCH - OH - NY,23317,650.26,1900,-1750
07/16/2018 03:25,SCH - PJ - NY,23316,907.35,1800,-1100
07/16/2018 03:25,SCH - PJM_HTP,325905,285,660,-660
07/16/2018 03:25,SCH - PJM_NEPTUNE,325305,660,660,-660
07/16/2018 03:25,SCH - PJM_VFT,325658,276,315,-315
07/16/2018 03:25,SPR/DUN-SOUTH,23320,2824.27,4350,-9999
07/16/2018 03:25,TOTAL EAST,23314,3785.67,6800,-9999
07/16/2018 03:25,UPNY CONED,23315,1982.87,5700,-9999
07/16/2018 03:25,WEST CENTRAL,23312,215.47,9999,-9999
07/16/2018 03:30,CENTRAL EAST - VC,23330,2042.37,2340,-9999
07/16/2018 03:30,DYSINGER EAST,23326,768.23,3150,-9999
07/16/2018 03:30,MOSES SOUTH,23319,1982.2,3150,-1600
07/16/2018 03:30,SCH - HQ - NY,23324,1500,1500,-1000
07/16/2018 03:30,SCH - HQ_CEDARS,325274,120,120,-40
07/16/2018 03:30,SCH - HQ_IMPORT_EXPORT,325376,1200,1310,-9999
07/16/2018 03:30,SCH - NE - NY,23318,-314.29,1400,-1600
07/16/2018 03:30,SCH - NPX_1385,325277,0,200,-200
07/16/2018 03:30,SCH - NPX_CSC,325154,330,330,-330
07/16/2018 03:30,SCH - OH - NY,23317,650.33,1900,-1750
07/16/2018 03:30,SCH - PJ - NY,23316,899.62,1800,-1100
07/16/2018 03:30,SCH - PJM_HTP,325905,285,660,-660
07/16/2018 03:30,SCH - PJM_NEPTUNE,325305,660,660,-660
07/16/2018 03:30,SCH - PJM_VFT,325658,276,315,-315
07/16/2018 03:30,SPR/DUN-SOUTH,23320,2828.43,4350,-9999
07/16/2018 03:30,TOTAL EAST,23314,3766.82,6800,-9999
07/16/2018 03:30,UPNY CONED,23315,1985.89,5700,-9999
07/16/2018 03:30,WEST CENTRAL,23312,261.91,9999,-9999
07/16/2018 03:35,CENTRAL EAST - VC,23330,2026.87,2340,-9999
07/16/2018 03:35,DYSINGER EAST,23326,740.53,3150,-9999
07/16/2018 03:35,MOSES SOUTH,23319,1964.2,3150,-1600
07/16/2018 03:35,SCH - HQ - NY,23324,1500,1500,-1000
07/16/2018 03:35,SCH - HQ_CEDARS,325274,120,120,-40
07/16/2018 03:35,SCH - HQ_IMPORT_EXPORT,325376,1200,1310,-9999
07/16/2018 03:35,SCH - NE - NY,23318,-314.27,1400,-1600
07/16/2018 03:35,SCH - NPX_1385,325277,0,200,-200
07/16/2018 03:35,SCH - NPX_CSC,325154,330,330,-330
07/16/2018 03:35,SCH - OH - NY,23317,650.19,1900,-1750
07/16/2018 03:35,SCH - PJ - NY,23316,889.25,1800,-1100
07/16/2018 03:35,SCH - PJM_HTP,325905,285,660,-660
07/16/2018 03:35,SCH - PJM_NEPTUNE,325305,660,660,-660
07/16/2018 03:35,SCH - PJM_VFT,325658,276,315,-315
07/16/2018 03:35,SPR/DUN-SOUTH,23320,2814.25,4350,-9999
07/16/2018 03:35,TOTAL EAST,23314,3755.94,6800,-9999
07/16/2018 03:35,UPNY CONED,23315,1970.62,5700,-9999
07/16/2018 03:35,WEST CENTRAL,23312,234.37,9999,-9999
07/16/2018 03:40,CENTRAL EAST - VC,23330,2036.18,2340,-9999
07/16/2018 03:40,DYSINGER EAST,23326,738.47,3150,-9999
07/16/2018 03:40,MOSES SOUTH,23319,1975.99,3150,-1600
07/16/2018 03:40,SCH - HQ - NY,23324,1500,1500,-1000
07/16/2018 03:40,SCH - HQ_CEDARS,325274,120,120,-40
07/16/2018 03:40,SCH - HQ_IMPORT_EXPORT,325376,1200,1310,-9999
07/16/2018 03:40,SCH - NE - NY,23318,-314.27,1400,-1600
07/16/2018 03:40,SCH - NPX_1385,325277,0,200,-200
07/16/2018 03:40,SCH - NPX_CSC,325154,330,330,-330
07/16/2018 03:40,SCH - OH - NY,23317,650.25,1900,-1750
07/16/2018 03:40,SCH - PJ - NY,23316,889.22,1800,-1100
07/16/2018 03:40,SCH - PJM_HTP,325905,285,660,-660
07/16/2018 03:40,SCH - PJM_NEPTUNE,325305,660,660,-660
07/16/2018 03:40,SCH - PJM_VFT,325658,276,315,-315
07/16/2018 03:40,SPR/DUN-SOUTH,23320,2805.08,4350,-9999
07/16/2018 03:40,TOTAL EAST,23314,3789.91,6800,-9999
07/16/2018 03:40,UPNY CONED,23315,1992.73,5700,-9999
07/16/2018 03:40,WEST CENTRAL,23312,234.38,9999,-9999
07/16/2018 03:45,CENTRAL EAST - VC,23330,2022.49,2340,-9999
07/16/2018 03:45,DYSINGER EAST,23326,714.94,3150,-9999
07/16/2018 03:45,MOSES SOUTH,23319,1986.39,3150,-1600
07/16/2018 03:45,SCH - HQ - NY,23324,1500,1500,-1000
07/16/2018 03:45,SCH - HQ_CEDARS,325274,120,120,-40
07/16/2018 03:45,SCH - HQ_IMPORT_EXPORT,325376,1200,1310,-9999
07/16/2018 03:45,SCH - NE - NY,23318,-314.25,1400,-1600
07/16/2018 03:45,SCH - NPX_1385,325277,0,200,-200
07/16/2018 03:45,SCH - NPX_CSC,325154,330,330,-330
07/16/2018 03:45,SCH - OH - NY,23317,650.23,1900,-1750
07/16/2018 03:45,SCH - PJ - NY,23316,878.7,1800,-1100
07/16/2018 03:45,SCH - PJM_HTP,325905,285,660,-660
07/16/2018 03:45,SCH - PJM_NEPTUNE,325305,660,660,-660
07/16/2018 03:45,SCH - PJM_VFT,325658,276,315,-315
07/16/2018 03:45,SPR/DUN-SOUTH,23320,2780.91,4350,-9999
07/16/2018 03:45,TOTAL EAST,23314,3783.71,6800,-9999
07/16/2018 03:45,UPNY CONED,23315,1983.99,5700,-9999
07/16/2018 03:45,WEST CENTRAL,23312,210.84,9999,-9999
07/16/2018 03:50,CENTRAL EAST - VC,23330,2004.74,2340,-9999
07/16/2018 03:50,DYSINGER EAST,23326,699.71,3150,-9999
07/16/2018 03:50,MOSES SOUTH,23319,2001.37,3150,-1600
07/16/2018 03:50,SCH - HQ - NY,23324,1500,1500,-1000
07/16/2018 03:50,SCH - HQ_CEDARS,325274,120,120,-40
07/16/2018 03:50,SCH - HQ_IMPORT_EXPORT,325376,1200,1310,-9999
07/16/2018 03:50,SCH - NE - NY,23318,-314.25,1400,-1600
07/16/2018 03:50,SCH - NPX_1385,325277,0,200,-200
07/16/2018 03:50,SCH - NPX_CSC,325154,330,330,-330
07/16/2018 03:50,SCH - OH - NY,23317,650.27,1900,-1750
07/16/2018 03:50,SCH - PJ - NY,23316,869.39,1800,-1100
07/16/2018 03:50,SCH - PJM_HTP,325905,285,660,-660
07/16/2018 03:50,SCH - PJM_NEPTUNE,325305,660,660,-660
07/16/2018 03:50,SCH - PJM_VFT,325658,276,315,-315
07/16/2018 03:50,SPR/DUN-SOUTH,23320,2789.07,4350,-9999
07/16/2018 03:50,TOTAL EAST,23314,3773.69,6800,-9999
07/16/2018 03:50,UPNY CONED,23315,1975.08,5700,-9999
07/16/2018 03:50,WEST CENTRAL,23312,194.37,9999,-9999
07/16/2018 03:55,CENTRAL EAST - VC,23330,2031.84,2340,-9999
07/16/2018 03:55,DYSINGER EAST,23326,736.31,3150,-9999
07/16/2018 03:55,MOSES SOUTH,23319,2004.66,3150,-1600
07/16/2018 03:55,SCH - HQ - NY,23324,1500,1500,-1000
07/16/2018 03:55,SCH - HQ_CEDARS,325274,120,120,-40
07/16/2018 03:55,SCH - HQ_IMPORT_EXPORT,325376,1200,1310,-9999
07/16/2018 03:55,SCH - NE - NY,23318,-314.23,1400,-1600
07/16/2018 03:55,SCH - NPX_1385,325277,0,200,-200
07/16/2018 03:55,SCH - NPX_CSC,325154,330,330,-330
07/16/2018 03:55,SCH - OH - NY,23317,650.32,1900,-1750
07/16/2018 03:55,SCH - PJ - NY,23316,867.97,1800,-1100
07/16/2018 03:55,SCH - PJM_HTP,325905,285,660,-660
07/16/2018 03:55,SCH - PJM_NEPTUNE,325305,660,660,-660
07/16/2018 03:55,SCH - PJM_VFT,325658,276,315,-315
07/16/2018 03:55,SPR/DUN-SOUTH,23320,2826.37,4350,-9999
07/16/2018 03:55,TOTAL EAST,23314,3767.68,6800,-9999
07/16/2018 03:55,UPNY CONED,23315,1984.35,5700,-9999
07/16/2018 03:55,WEST CENTRAL,23312,233.06,9999,-9999
07/16/2018 04:00,CENTRAL EAST - VC,23330,2099.9,2340,-9999
07/16/2018 04:00,DYSINGER EAST,23326,821.07,3150,-9999
07/16/2018 04:00,MOSES SOUTH,23319,2015.91,3150,-1600
07/16/2018 04:00,SCH - HQ - NY,23324,1500,1500,-1000
07/16/2018 04:00,SCH - HQ_CEDARS,325274,120,120,-40
07/16/2018 04:00,SCH - HQ_IMPORT_EXPORT,325376,1200,1310,-9999
07/16/2018 04:00,SCH - NE - NY,23318,-327.32,1400,-1600
07/16/2018 04:00,SCH - NPX_1385,325277,0,200,-200
07/16/2018 04:00,SCH - NPX_CSC,325154,330,330,-330
07/16/2018 04:00,SCH - OH - NY,23317,730.18,1900,-1750
07/16/2018 04:00,SCH - PJ - NY,23316,887.57,1800,-1100
07/16/2018 04:00,SCH - PJM_HTP,325905,272,660,-660
07/16/2018 04:00,SCH - PJM_NEPTUNE,325305,660,660,-660
07/16/2018 04:00,SCH - PJM_VFT,325658,295,315,-315
07/16/2018 04:00,SPR/DUN-SOUTH,23320,2683.1,4350,-9999
07/16/2018 04:00,TOTAL EAST,23314,3890.27,6800,-9999
07/16/2018 04:00,UPNY CONED,23315,1815.48,5700,-9999
07/16/2018 04:00,WEST CENTRAL,23312,315.59,9999,-9999
07/16/2018 04:05,CENTRAL EAST - VC,23330,2157.31,2340,-9999
07/16/2018 04:05,DYSINGER EAST,23326,865.31,3150,-9999
07/16/2018 04:05,MOSES SOUTH,23319,2020.91,3150,-1600
07/16/2018 04:05,SCH - HQ - NY,23324,1500,1500,-1000
07/16/2018 04:05,SCH - HQ_CEDARS,325274,120,120,-40
07/16/2018 04:05,SCH - HQ_IMPORT_EXPORT,325376,1200,1310,-9999
07/16/2018 04:05,SCH - NE - NY,23318,-341.4,1400,-1600
07/16/2018 04:05,SCH - NPX_1385,325277,0,200,-200
07/16/2018 04:05,SCH - NPX_CSC,325154,330,330,-330
07/16/2018 04:05,SCH - OH - NY,23317,808.68,1900,-1750
07/16/2018 04:05,SCH - PJ - NY,23316,912.62,1800,-1100
07/16/2018 04:05,SCH - PJM_HTP,325905,260,660,-660
07/16/2018 04:05,SCH - PJM_NEPTUNE,325305,660,660,-660
07/16/2018 04:05,SCH - PJM_VFT,325658,315,315,-315
07/16/2018 04:05,SPR/DUN-SOUTH,23320,2778.22,4350,-9999
07/16/2018 04:05,TOTAL EAST,23314,4001.45,6800,-9999
07/16/2018 04:05,UPNY CONED,23315,1920.45,5700,-9999
07/16/2018 04:05,WEST CENTRAL,23312,357.66,9999,-9999
07/16/2018 04:10,CENTRAL EAST - VC,23330,2121.54,2340,-9999
07/16/2018 04:10,DYSINGER EAST,23326,798.9,3150,-9999
07/16/2018 04:10,MOSES SOUTH,23319,2019.23,3150,-1600
07/16/2018 04:10,SCH - HQ - NY,23324,1500,1500,-1000
07/16/2018 04:10,SCH - HQ_CEDARS,325274,120,120,-40
07/16/2018 04:10,SCH - HQ_IMPORT_EXPORT,325376,1200,1310,-9999
07/16/2018 04:10,SCH - NE - NY,23318,-341.37,1400,-1600
07/16/2018 04:10,SCH - NPX_1385,325277,0,200,-200
07/16/2018 04:10,SCH - NPX_CSC,325154,330,330,-330
07/16/2018 04:10,SCH - OH - NY,23317,806.29,1900,-1750
07/16/2018 04:10,SCH - PJ - NY,23316,912.12,1800,-1100
07/16/2018 04:10,SCH - PJM_HTP,325905,260,660,-660
07/16/2018 04:10,SCH - PJM_NEPTUNE,325305,660,660,-660
07/16/2018 04:10,SCH - PJM_VFT,325658,315,315,-315
07/16/2018 04:10,SPR/DUN-SOUTH,23320,2755.09,4350,-9999
07/16/2018 04:10,TOTAL EAST,23314,4008.38,6800,-9999
07/16/2018 04:10,UPNY CONED,23315,1905.27,5700,-9999
07/16/2018 04:10,WEST CENTRAL,23312,289.55,9999,-9999
07/16/2018 04:15,CENTRAL EAST - VC,23330,2128.01,2340,-9999
07/16/2018 04:15,DYSINGER EAST,23326,821.78,3150,-9999
07/16/2018 04:15,MOSES SOUTH,23319,2021.19,3150,-1600
07/16/2018 04:15,SCH - HQ - NY,23324,1500,1500,-1000
07/16/2018 04:15,SCH - HQ_CEDARS,325274,120,120,-40
07/16/2018 04:15,SCH - HQ_IMPORT_EXPORT,325376,1200,1310,-9999
07/16/2018 04:15,SCH - NE - NY,23318,-353.55,1400,-1600
07/16/2018 04:15,SCH - NPX_1385,325277,0,200,-200
07/16/2018 04:15,SCH - NPX_CSC,325154,330,330,-330
07/16/2018 04:15,SCH - OH - NY,23317,808.36,1900,-1750
07/16/2018 04:15,SCH - PJ - NY,23316,915.22,1800,-1100
07/16/2018 04:15,SCH - PJM_HTP,325905,260,660,-660
07/16/2018 04:15,SCH - PJM_NEPTUNE,325305,660,660,-660
07/16/2018 04:15,SCH - PJM_VFT,325658,315,315,-315
07/16/2018 04:15,SPR/DUN-SOUTH,23320,2756.07,4350,-9999
07/16/2018 04:15,TOTAL EAST,23314,4021.6,6800,-9999
07/16/2018 04:15,UPNY CONED,23315,1902.32,5700,-9999
07/16/2018 04:15,WEST CENTRAL,23312,313.3,9999,-9999
07/16/2018 04:20,CENTRAL EAST - VC,23330,2148.51,2340,-9999
07/16/2018 04:20,DYSINGER EAST,23326,845.12,3150,-9999
07/16/2018 04:20,MOSES SOUTH,23319,2030.05,3150,-1600
07/16/2018 04:20,SCH - HQ - NY,23324,1500,1500,-1000
07/16/2018 04:20,SCH - HQ_CEDARS,325274,120,120,-40
07/16/2018 04:20,SCH - HQ_IMPORT_EXPORT,325376,1200,1310,-9999
07/16/2018 04:20,SCH - NE - NY,23318,-365.65,1400,-1600
07/16/2018 04:20,SCH - NPX_1385,325277,0,200,-200
07/16/2018 04:20,SCH - NPX_CSC,325154,330,330,-330
07/16/2018 04:20,SCH - OH - NY,23317,808.21,1900,-1750
07/16/2018 04:20,SCH - PJ - NY,23316,920.67,1800,-1100
07/16/2018 04:20,SCH - PJM_HTP,325905,260,660,-660
07/16/2018 04:20,SCH - PJM_NEPTUNE,325305,660,660,-660
07/16/2018 04:20,SCH - PJM_VFT,325658,315,315,-315
07/16/2018 04:20,SPR/DUN-SOUTH,23320,2744.63,4350,-9999
07/16/2018 04:20,TOTAL EAST,23314,4004.99,6800,-9999
07/16/2018 04:20,UPNY CONED,23315,1898.37,5700,-9999
07/16/2018 04:20,WEST CENTRAL,23312,334.53,9999,-9999
07/16/2018 04:25,CENTRAL EAST - VC,23330,2124.64,2340,-9999
07/16/2018 04:25,DYSINGER EAST,23326,820.54,3150,-9999
07/16/2018 04:25,MOSES SOUTH,23319,2032.21,3150,-1600
07/16/2018 04:25,SCH - HQ - NY,23324,1500,1500,-1000
07/16/2018 04:25,SCH - HQ_CEDARS,325274,120,120,-40
07/16/2018 04:25,SCH - HQ_IMPORT_EXPORT,325376,1200,1310,-9999
07/16/2018 04:25,SCH - NE - NY,23318,-365.66,1400,-1600
07/16/2018 04:25,SCH - NPX_1385,325277,0,200,-200
07/16/2018 04:25,SCH - NPX_CSC,325154,330,330,-330
07/16/2018 04:25,SCH - OH - NY,23317,808.01,1900,-1750
07/16/2018 04:25,SCH - PJ - NY,23316,922.13,1800,-1100
07/16/2018 04:25,SCH - PJM_HTP,325905,260,660,-660
07/16/2018 04:25,SCH - PJM_NEPTUNE,325305,660,660,-660
07/16/2018 04:25,SCH - PJM_VFT,325658,315,315,-315
07/16/2018 04:25,SPR/DUN-SOUTH,23320,2742.09,4350,-9999
07/16/2018 04:25,TOTAL EAST,23314,4006.82,6800,-9999
07/16/2018 04:25,UPNY CONED,23315,1897.52,5700,-9999
07/16/2018 04:25,WEST CENTRAL,23312,309.05,9999,-9999
07/16/2018 04:30,CENTRAL EAST - VC,23330,2123.32,2340,-9999
07/16/2018 04:30,DYSINGER EAST,23326,796.07,3150,-9999
07/16/2018 04:30,MOSES SOUTH,23319,2022.68,3150,-1600
07/16/2018 04:30,SCH - HQ - NY,23324,1500,1500,-1000
07/16/2018 04:30,SCH - HQ_CEDARS,325274,120,120,-40
07/16/2018 04:30,SCH - HQ_IMPORT_EXPORT,325376,1200,1310,-9999
07/16/2018 04:30,SCH - NE - NY,23318,-363.62,1400,-1600
07/16/2018 04:30,SCH - NPX_1385,325277,0,200,-200
07/16/2018 04:30,SCH - NPX_CSC,325154,330,330,-330
07/16/2018 04:30,SCH - OH - NY,23317,806.7,1900,-1750
07/16/2018 04:30,SCH - PJ - NY,23316,923.46,1800,-1100
07/16/2018 04:30,SCH - PJM_HTP,325905,260,660,-660
07/16/2018 04:30,SCH - PJM_NEPTUNE,325305,660,660,-660
07/16/2018 04:30,SCH - PJM_VFT,325658,315,315,-315
07/16/2018 04:30,SPR/DUN-SOUTH,23320,2741.22,4350,-9999
07/16/2018 04:30,TOTAL EAST,23314,4025.92,6800,-9999
07/16/2018 04:30,UPNY CONED,23315,1915.47,5700,-9999
07/16/2018 04:30,WEST CENTRAL,23312,283.8,9999,-9999
07/16/2018 04:35,CENTRAL EAST - VC,23330,2110.54,2340,-9999
07/16/2018 04:35,DYSINGER EAST,23326,794.43,3150,-9999
07/16/2018 04:35,MOSES SOUTH,23319,2024.49,3150,-1600
07/16/2018 04:35,SCH - HQ - NY,23324,1500,1500,-1000
07/16/2018 04:35,SCH - HQ_CEDARS,325274,120,120,-40
07/16/2018 04:35,SCH - HQ_IMPORT_EXPORT,325376,1200,1310,-9999
07/16/2018 04:35,SCH - NE - NY,23318,-361.62,1400,-1600
07/16/2018 04:35,SCH - NPX_1385,325277,0,200,-200
07/16/2018 04:35,SCH - NPX_CSC,325154,330,330,-330
07/16/2018 04:35,SCH - OH - NY,23317,807.24,1900,-1750
07/16/2018 04:35,SCH - PJ - NY,23316,924.22,1800,-1100
07/16/2018 04:35,SCH - PJM_HTP,325905,260,660,-660
07/16/2018 04:35,SCH - PJM_NEPTUNE,325305,660,660,-660
07/16/2018 04:35,SCH - PJM_VFT,325658,315,315,-315
07/16/2018 04:35,SPR/DUN-SOUTH,23320,2739.39,4350,-9999
07/16/2018 04:35,TOTAL EAST,23314,4016.02,6800,-9999
07/16/2018 04:35,UPNY CONED,23315,1893.51,5700,-9999
07/16/2018 04:35,WEST CENTRAL,23312,280,9999,-9999
07/16/2018 04:40,CENTRAL EAST - VC,23330,2095.68,2340,-9999
07/16/2018 04:40,DYSINGER EAST,23326,765.47,3150,-9999
07/16/2018 04:40,MOSES SOUTH,23319,2024.15,3150,-1600
07/16/2018 04:40,SCH - HQ - NY,23324,1500,1500,-1000
07/16/2018 04:40,SCH - HQ_CEDARS,325274,120,120,-40
07/16/2018 04:40,SCH - HQ_IMPORT_EXPORT,325376,1200,1310,-9999
07/16/2018 04:40,SCH - NE - NY,23318,-361.56,1400,-1600
07/16/2018 04:40,SCH - NPX_1385,325277,0,200,-200
07/16/2018 04:40,SCH - NPX_CSC,325154,330,330,-330
07/16/2018 04:40,SCH - OH - NY,23317,806.31,1900,-1750
07/16/2018 04:40,SCH - PJ - NY,23316,922.86,1800,-1100
07/16/2018 04:40,SCH - PJM_HTP,325905,260,660,-660
07/16/2018 04:40,SCH - PJM_NEPTUNE,325305,660,660,-660
07/16/2018 04:40,SCH - PJM_VFT,325658,315,315,-315
07/16/2018 04:40,SPR/DUN-SOUTH,23320,2737.12,4350,-9999
07/16/2018 04:40,TOTAL EAST,23314,4023.71,6800,-9999
07/16/2018 04:40,UPNY CONED,23315,1886.29,5700,-9999
07/16/2018 04:40,WEST CENTRAL,23312,250.19,9999,-9999
07/16/2018 04:45,CENTRAL EAST - VC,23330,2105.5,2340,-9999
07/16/2018 04:45,DYSINGER EAST,23326,787.67,3150,-9999
07/16/2018 04:45,MOSES SOUTH,23319,2038.13,3150,-1600
07/16/2018 04:45,SCH - HQ - NY,23324,1500,1500,-1000
07/16/2018 04:45,SCH - HQ_CEDARS,325274,120,120,-40
07/16/2018 04:45,SCH - HQ_IMPORT_EXPORT,325376,1200,1310,-9999
07/16/2018 04:45,SCH - NE - NY,23318,-302.29,1400,-1600
07/16/2018 04:45,SCH - NPX_1385,325277,0,200,-200
07/16/2018 04:45,SCH - NPX_CSC,325154,330,330,-330
07/16/2018 04:45,SCH - OH - NY,23317,807.31,1900,-1750
07/16/2018 04:45,SCH - PJ - NY,23316,907.63,1800,-1100
07/16/2018 04:45,SCH - PJM_HTP,325905,260,660,-660
07/16/2018 04:45,SCH - PJM_NEPTUNE,325305,660,660,-660
07/16/2018 04:45,SCH - PJM_VFT,325658,315,315,-315
07/16/2018 04:45,SPR/DUN-SOUTH,23320,2729.93,4350,-9999
07/16/2018 04:45,TOTAL EAST,23314,3978.91,6800,-9999
07/16/2018 04:45,UPNY CONED,23315,1906.16,5700,-9999
07/16/2018 04:45,WEST CENTRAL,23312,269.31,9999,-9999
07/16/2018 04:50,CENTRAL EAST - VC,23330,2096.32,2340,-9999
07/16/2018 04:50,DYSINGER EAST,23326,795.12,3150,-9999
07/16/2018 04:50,MOSES SOUTH,23319,2048.71,3150,-1600
07/16/2018 04:50,SCH - HQ - NY,23324,1500,1500,-1000
07/16/2018 04:50,SCH - HQ_CEDARS,325274,120,120,-40
07/16/2018 04:50,SCH - HQ_IMPORT_EXPORT,325376,1200,1310,-9999
07/16/2018 04:50,SCH - NE - NY,23318,-244.04,1400,-1600
07/16/2018 04:50,SCH - NPX_1385,325277,0,200,-200
07/16/2018 04:50,SCH - NPX_CSC,325154,330,330,-330
07/16/2018 04:50,SCH - OH - NY,23317,808.32,1900,-1750
07/16/2018 04:50,SCH - PJ - NY,23316,890.41,1800,-1100
07/16/2018 04:50,SCH - PJM_HTP,325905,260,660,-660
07/16/2018 04:50,SCH - PJM_NEPTUNE,325305,660,660,-660
07/16/2018 04:50,SCH - PJM_VFT,325658,315,315,-315
07/16/2018 04:50,SPR/DUN-SOUTH,23320,2747.55,4350,-9999
07/16/2018 04:50,TOTAL EAST,23314,3958.96,6800,-9999
07/16/2018 04:50,UPNY CONED,23315,1945.15,5700,-9999
07/16/2018 04:50,WEST CENTRAL,23312,271.59,9999,-9999
07/16/2018 04:55,CENTRAL EAST - VC,23330,2083.4,2340,-9999
07/16/2018 04:55,DYSINGER EAST,23326,761.71,3150,-9999
07/16/2018 04:55,MOSES SOUTH,23319,2053.6,3150,-1600
07/16/2018 04:55,SCH - HQ - NY,23324,1500,1500,-1000
07/16/2018 04:55,SCH - HQ_CEDARS,325274,120,120,-40
07/16/2018 04:55,SCH - HQ_IMPORT_EXPORT,325376,1200,1310,-9999
07/16/2018 04:55,SCH - NE - NY,23318,-243.98,1400,-1600
07/16/2018 04:55,SCH - NPX_1385,325277,0,200,-200
07/16/2018 04:55,SCH - NPX_CSC,325154,330,330,-330
07/16/2018 04:55,SCH - OH - NY,23317,807.11,1900,-1750
07/16/2018 04:55,SCH - PJ - NY,23316,892.02,1800,-1100
07/16/2018 04:55,SCH - PJM_HTP,325905,260,660,-660
07/16/2018 04:55,SCH - PJM_NEPTUNE,325305,660,660,-660
07/16/2018 04:55,SCH - PJM_VFT,325658,315,315,-315
07/16/2018 04:55,SPR/DUN-SOUTH,23320,2736.3,4350,-9999
07/16/2018 04:55,TOTAL EAST,23314,3945.47,6800,-9999
07/16/2018 04:55,UPNY CONED,23315,1929.04,5700,-9999
07/16/2018 04:55,WEST CENTRAL,23312,232.33,9999,-9999
07/16/2018 05:00,CENTRAL EAST - VC,23330,2039.52,2340,-9999
07/16/2018 05:00,DYSINGER EAST,23326,734.03,3150,-9999
07/16/2018 05:00,MOSES SOUTH,23319,2050.68,3150,-1600
07/16/2018 05:00,SCH - HQ - NY,23324,1500,1500,-1000
07/16/2018 05:00,SCH - HQ_CEDARS,325274,120,120,-40
07/16/2018 05:00,SCH - HQ_IMPORT_EXPORT,325376,1200,1310,-9999
07/16/2018 05:00,SCH - NE - NY,23318,-143.73,1400,-1600
07/16/2018 05:00,SCH - NPX_1385,325277,0,200,-200
07/16/2018 05:00,SCH - NPX_CSC,325154,330,330,-330
07/16/2018 05:00,SCH - OH - NY,23317,705.18,1900,-1750
07/16/2018 05:00,SCH - PJ - NY,23316,896.42,1800,-1100
07/16/2018 05:00,SCH - PJM_HTP,325905,272,660,-660
07/16/2018 05:00,SCH - PJM_NEPTUNE,325305,660,660,-660
07/16/2018 05:00,SCH - PJM_VFT,325658,315,315,-315
07/16/2018 05:00,SPR/DUN-SOUTH,23320,2910.98,4350,-9999
07/16/2018 05:00,TOTAL EAST,23314,3803.43,6800,-9999
07/16/2018 05:00,UPNY CONED,23315,2145.3,5700,-9999
07/16/2018 05:00,WEST CENTRAL,23312,196.75,9999,-9999
07/16/2018 05:05,CENTRAL EAST - VC,23330,1951.42,2340,-9999
07/16/2018 05:05,DYSINGER EAST,23326,642.71,3150,-9999
07/16/2018 05:05,MOSES SOUTH,23319,2029.41,3150,-1600
07/16/2018 05:05,SCH - HQ - NY,23324,1500,1500,-1000
07/16/2018 05:05,SCH - HQ_CEDARS,325274,120,120,-40
07/16/2018 05:05,SCH - HQ_IMPORT_EXPORT,325376,1200,1310,-9999
07/16/2018 05:05,SCH - NE - NY,23318,-43.26,1400,-1600
07/16/2018 05:05,SCH - NPX_1385,325277,0,200,-200
07/16/2018 05:05,SCH - NPX_CSC,325154,330,330,-330
07/16/2018 05:05,SCH - OH - NY,23317,600.37,1900,-1750
07/16/2018 05:05,SCH - PJ - NY,23316,903.05,1800,-1100
07/16/2018 05:05,SCH - PJM_HTP,325905,285,660,-660
07/16/2018 05:05,SCH - PJM_NEPTUNE,325305,660,660,-660
07/16/2018 05:05,SCH - PJM_VFT,325658,315,315,-315
07/16/2018 05:05,SPR/DUN-SOUTH,23320,2855.03,4350,-9999
07/16/2018 05:05,TOTAL EAST,23314,3681.16,6800,-9999
07/16/2018 05:05,UPNY CONED,23315,2104.53,5700,-9999
07/16/2018 05:05,WEST CENTRAL,23312,96.18,9999,-9999
07/16/2018 05:10,CENTRAL EAST - VC,23330,2015.76,2340,-9999
07/16/2018 05:10,DYSINGER EAST,23326,680.62,3150,-9999
07/16/2018 05:10,MOSES SOUTH,23319,2035.96,3150,-1600
07/16/2018 05:10,SCH - HQ - NY,23324,1500,1500,-1000
07/16/2018 05:10,SCH - HQ_CEDARS,325274,120,120,-40
07/16/2018 05:10,SCH - HQ_IMPORT_EXPORT,325376,1200,1310,-9999
07/16/2018 05:10,SCH - NE - NY,23318,-43.33,1400,-1600
07/16/2018 05:10,SCH - NPX_1385,325277,0,200,-200
07/16/2018 05:10,SCH - NPX_CSC,325154,330,330,-330
07/16/2018 05:10,SCH - OH - NY,23317,600.23,1900,-1750
07/16/2018 05:10,SCH - PJ - NY,23316,905.04,1800,-1100
07/16/2018 05:10,SCH - PJM_HTP,325905,285,660,-660
07/16/2018 05:10,SCH - PJM_NEPTUNE,325305,660,660,-660
07/16/2018 05:10,SCH - PJM_VFT,325658,315,315,-315
07/16/2018 05:10,SPR/DUN-SOUTH,23320,2872.9,4350,-9999
07/16/2018 05:10,TOTAL EAST,23314,3641.67,6800,-9999
07/16/2018 05:10,UPNY CONED,23315,2118.23,5700,-9999
07/16/2018 05:10,WEST CENTRAL,23312,125.57,9999,-9999
07/16/2018 05:15,CENTRAL EAST - VC,23330,1926.68,2340,-9999
07/16/2018 05:15,DYSINGER EAST,23326,578.84,3150,-9999
07/16/2018 05:15,MOSES SOUTH,23319,2041.1,3150,-1600
07/16/2018 05:15,SCH - HQ - NY,23324,1500,1500,-1000
07/16/2018 05:15,SCH - HQ_CEDARS,325274,120,120,-40
07/16/2018 05:15,SCH - HQ_IMPORT_EXPORT,325376,1200,1310,-9999
07/16/2018 05:15,SCH - NE - NY,23318,-70.15,1400,-1600
07/16/2018 05:15,SCH - NPX_1385,325277,0,200,-200
07/16/2018 05:15,SCH - NPX_CSC,325154,330,330,-330
07/16/2018 05:15,SCH - OH - NY,23317,604.58,1900,-1750
07/16/2018 05:15,SCH - PJ - NY,23316,890.66,1800,-1100
07/16/2018 05:15,SCH - PJM_HTP,325905,285,660,-660
07/16/2018 05:15,SCH - PJM_NEPTUNE,325305,660,660,-660
07/16/2018 05:15,SCH - PJM_VFT,325658,315,315,-315
07/16/2018 05:15,SPR/DUN-SOUTH,23320,2975.56,4350,-9999
07/16/2018 05:15,TOTAL EAST,23314,3592.45,6800,-9999
07/16/2018 05:15,UPNY CONED,23315,2252.93,5700,-9999
07/16/2018 05:15,WEST CENTRAL,23312,17.32,9999,-9999
07/16/2018 05:20,CENTRAL EAST - VC,23330,1972.8,2340,-9999
07/16/2018 05:20,DYSINGER EAST,23326,622.25,3150,-9999
07/16/2018 05:20,MOSES SOUTH,23319,2029.27,3150,-1600
07/16/2018 05:20,SCH - HQ - NY,23324,1500,1500,-1000
07/16/2018 05:20,SCH - HQ_CEDARS,325274,120,120,-40
07/16/2018 05:20,SCH - HQ_IMPORT_EXPORT,325376,1200,1310,-9999
07/16/2018 05:20,SCH - NE - NY,23318,-97.27,1400,-1600
07/16/2018 05:20,SCH - NPX_1385,325277,0,200,-200
07/16/2018 05:20,SCH - NPX_CSC,325154,330,330,-330
07/16/2018 05:20,SCH - OH - NY,23317,600.17,1900,-1750
07/16/2018 05:20,SCH - PJ - NY,23316,886.82,1800,-1100
07/16/2018 05:20,SCH - PJM_HTP,325905,285,660,-660
07/16/2018 05:20,SCH - PJM_NEPTUNE,325305,660,660,-660
07/16/2018 05:20,SCH - PJM_VFT,325658,315,315,-315
07/16/2018 05:20,SPR/DUN-SOUTH,23320,2994.25,4350,-9999
07/16/2018 05:20,TOTAL EAST,23314,3580.71,6800,-9999
07/16/2018 05:20,UPNY CONED,23315,2276.14,5700,-9999
07/16/2018 05:20,WEST CENTRAL,23312,52.94,9999,-9999
07/16/2018 05:25,CENTRAL EAST - VC,23330,1971.43,2340,-9999
07/16/2018 05:25,DYSINGER EAST,23326,611.64,3150,-9999
07/16/2018 05:25,MOSES SOUTH,23319,2013.77,3150,-1600
07/16/2018 05:25,SCH - HQ - NY,23324,1500,1500,-1000
07/16/2018 05:25,SCH - HQ_CEDARS,325274,120,120,-40
07/16/2018 05:25,SCH - HQ_IMPORT_EXPORT,325376,1200,1310,-9999
07/16/2018 05:25,SCH - NE - NY,23318,-97.27,1400,-1600
07/16/2018 05:25,SCH - NPX_1385,325277,0,200,-200
07/16/2018 05:25,SCH - NPX_CSC,325154,330,330,-330
07/16/2018 05:25,SCH - OH - NY,23317,603.88,1900,-1750
07/16/2018 05:25,SCH - PJ - NY,23316,882.08,1800,-1100
07/16/2018 05:25,SCH - PJM_HTP,325905,285,660,-660
07/16/2018 05:25,SCH - PJM_NEPTUNE,325305,660,660,-660
07/16/2018 05:25,SCH - PJM_VFT,325658,315,315,-315
07/16/2018 05:25,SPR/DUN-SOUTH,23320,2940.61,4350,-9999
07/16/2018 05:25,TOTAL EAST,23314,3527.35,6800,-9999
07/16/2018 05:25,UPNY CONED,23315,2228.22,5700,-9999
07/16/2018 05:25,WEST CENTRAL,23312,35.42,9999,-9999
07/16/2018 05:30,CENTRAL EAST - VC,23330,1918.75,2340,-9999
07/16/2018 05:30,DYSINGER EAST,23326,591.96,3150,-9999
07/16/2018 05:30,MOSES SOUTH,23319,2004.38,3150,-1600
07/16/2018 05:30,SCH - HQ - NY,23324,1500,1500,-1000
07/16/2018 05:30,SCH - HQ_CEDARS,325274,120,120,-40
07/16/2018 05:30,SCH - HQ_IMPORT_EXPORT,325376,1200,1310,-9999
07/16/2018 05:30,SCH - NE - NY,23318,-123.37,1400,-1600
07/16/2018 05:30,SCH - NPX_1385,325277,0,200,-200
07/16/2018 05:30,SCH - NPX_CSC,325154,330,330,-330
07/16/2018 05:30,SCH - OH - NY,23317,600.14,1900,-1750
07/16/2018 05:30,SCH - PJ - NY,23316,883.99,1800,-1100
07/16/2018 05:30,SCH - PJM_HTP,325905,285,660,-660
07/16/2018 05:30,SCH - PJM_NEPTUNE,325305,660,660,-660
07/16/2018 05:30,SCH - PJM_VFT,325658,315,315,-315
07/16/2018 05:30,SPR/DUN-SOUTH,23320,2902.19,4350,-9999
07/16/2018 05:30,TOTAL EAST,23314,3501.7,6800,-9999
07/16/2018 05:30,UPNY CONED,23315,2193.38,5700,-9999
07/16/2018 05:30,WEST CENTRAL,23312,12.32,9999,-9999
07/16/2018 05:35,CENTRAL EAST - VC,23330,1912.39,2340,-9999
07/16/2018 05:35,DYSINGER EAST,23326,603.14,3150,-9999
07/16/2018 05:35,MOSES SOUTH,23319,2002.4,3150,-1600
07/16/2018 05:35,SCH - HQ - NY,23324,1500,1500,-1000
07/16/2018 05:35,SCH - HQ_CEDARS,325274,120,120,-40
07/16/2018 05:35,SCH - HQ_IMPORT_EXPORT,325376,1200,1310,-9999
07/16/2018 05:35,SCH - NE - NY,23318,-150.47,1400,-1600
07/16/2018 05:35,SCH - NPX_1385,325277,0,200,-200
07/16/2018 05:35,SCH - NPX_CSC,325154,330,330,-330
07/16/2018 05:35,SCH - OH - NY,23317,600.2,1900,-1750
07/16/2018 05:35,SCH - PJ - NY,23316,883.19,1800,-1100
07/16/2018 05:35,SCH - PJM_HTP,325905,285,660,-660
07/16/2018 05:35,SCH - PJM_NEPTUNE,325305,660,660,-660
07/16/2018 05:35,SCH - PJM_VFT,325658,315,315,-315
07/16/2018 05:35,SPR/DUN-SOUTH,23320,2890.8,4350,-9999
07/16/2018 05:35,TOTAL EAST,23314,3471.45,6800,-9999
07/16/2018 05:35,UPNY CONED,23315,2170.39,5700,-9999
07/16/2018 05:35,WEST CENTRAL,23312,20.36,9999,-9999
07/16/2018 05:40,CENTRAL EAST - VC,23330,1907.1,2340,-9999
07/16/2018 05:40,DYSINGER EAST,23326,584.62,3150,-9999
07/16/2018 05:40,MOSES SOUTH,23319,2003.15,3150,-1600
07/16/2018 05:40,SCH - HQ - NY,23324,1500,1500,-1000
07/16/2018 05:40,SCH - HQ_CEDARS,325274,120,120,-40
07/16/2018 05:40,SCH - HQ_IMPORT_EXPORT,325376,1200,1310,-9999
07/16/2018 05:40,SCH - NE - NY,23318,-150.47,1400,-1600
07/16/2018 05:40,SCH - NPX_1385,325277,0,200,-200
07/16/2018 05:40,SCH - NPX_CSC,325154,330,330,-330
07/16/2018 05:40,SCH - OH - NY,23317,600.11,1900,-1750
07/16/2018 05:40,SCH - PJ - NY,23316,885.3,1800,-1100
07/16/2018 05:40,SCH - PJM_HTP,325905,285,660,-660
07/16/2018 05:40,SCH - PJM_NEPTUNE,325305,660,660,-660
07/16/2018 05:40,SCH - PJM_VFT,325658,315,315,-315
07/16/2018 05:40,SPR/DUN-SOUTH,23320,2899.47,4350,-9999
07/16/2018 05:40,TOTAL EAST,23314,3454.74,6800,-9999
07/16/2018 05:40,UPNY CONED,23315,2165.44,5700,-9999
07/16/2018 05:40,WEST CENTRAL,23312,-3.12,9999,-9999
07/16/2018 05:45,CENTRAL EAST - VC,23330,1887.37,2340,-9999
07/16/2018 05:45,DYSINGER EAST,23326,592.98,3150,-9999
07/16/2018 05:45,MOSES SOUTH,23319,1998.92,3150,-1600
07/16/2018 05:45,SCH - HQ - NY,23324,1500,1500,-1000
07/16/2018 05:45,SCH - HQ_CEDARS,325274,120,120,-40
07/16/2018 05:45,SCH - HQ_IMPORT_EXPORT,325376,1200,1310,-9999
07/16/2018 05:45,SCH - NE - NY,23318,-108.3,1400,-1600
07/16/2018 05:45,SCH - NPX_1385,325277,0,200,-200
07/16/2018 05:45,SCH - NPX_CSC,325154,330,330,-330
07/16/2018 05:45,SCH - OH - NY,23317,600.17,1900,-1750
07/16/2018 05:45,SCH - PJ - NY,23316,899.85,1800,-1100
07/16/2018 05:45,SCH - PJM_HTP,325905,285,660,-660
07/16/2018 05:45,SCH - PJM_NEPTUNE,325305,660,660,-660
07/16/2018 05:45,SCH - PJM_VFT,325658,315,315,-315
07/16/2018 05:45,SPR/DUN-SOUTH,23320,2939.51,4350,-9999
07/16/2018 05:45,TOTAL EAST,23314,3462.87,6800,-9999
07/16/2018 05:45,UPNY CONED,23315,2234.36,5700,-9999
07/16/2018 05:45,WEST CENTRAL,23312,2.1,9999,-9999
07/16/2018 05:50,CENTRAL EAST - VC,23330,1869.13,2340,-9999
07/16/2018 05:50,DYSINGER EAST,23326,592.42,3150,-9999
07/16/2018 05:50,MOSES SOUTH,23319,1991.86,3150,-1600
07/16/2018 05:50,SCH - HQ - NY,23324,1500,1500,-1000
07/16/2018 05:50,SCH - HQ_CEDARS,325274,120,120,-40
07/16/2018 05:50,SCH - HQ_IMPORT_EXPORT,325376,1200,1310,-9999
07/16/2018 05:50,SCH - NE - NY,23318,-67.11,1400,-1600
07/16/2018 05:50,SCH - NPX_1385,325277,0,200,-200
07/16/2018 05:50,SCH - NPX_CSC,325154,330,330,-330
07/16/2018 05:50,SCH - OH - NY,23317,600.14,1900,-1750
07/16/2018 05:50,SCH - PJ - NY,23316,915.65,1800,-1100
07/16/2018 05:50,SCH - PJM_HTP,325905,285,660,-660
07/16/2018 05:50,SCH - PJM_NEPTUNE,325305,660,660,-660
07/16/2018 05:50,SCH - PJM_VFT,325658,315,315,-315
07/16/2018 05:50,SPR/DUN-SOUTH,23320,2974.48,4350,-9999
07/16/2018 05:50,TOTAL EAST,23314,3455.93,6800,-9999
07/16/2018 05:50,UPNY CONED,23315,2248.21,5700,-9999
07/16/2018 05:50,WEST CENTRAL,23312,-.51,9999,-9999
07/16/2018 05:55,CENTRAL EAST - VC,23330,1864.53,2340,-9999
07/16/2018 05:55,DYSINGER EAST,23326,604.81,3150,-9999
07/16/2018 05:55,MOSES SOUTH,23319,1990.45,3150,-1600
07/16/2018 05:55,SCH - HQ - NY,23324,1500,1500,-1000
07/16/2018 05:55,SCH - HQ_CEDARS,325274,120,120,-40
07/16/2018 05:55,SCH - HQ_IMPORT_EXPORT,325376,1200,1310,-9999
07/16/2018 05:55,SCH - NE - NY,23318,-67.08,1400,-1600
07/16/2018 05:55,SCH - NPX_1385,325277,0,200,-200
07/16/2018 05:55,SCH - NPX_CSC,325154,330,330,-330
07/16/2018 05:55,SCH - OH - NY,23317,600.19,1900,-1750
07/16/2018 05:55,SCH - PJ - NY,23316,914.38,1800,-1100
07/16/2018 05:55,SCH - PJM_HTP,325905,285,660,-660
07/16/2018 05:55,SCH - PJM_NEPTUNE,325305,660,660,-660
07/16/2018 05:55,SCH - PJM_VFT,325658,315,315,-315
07/16/2018 05:55,SPR/DUN-SOUTH,23320,2911.66,4350,-9999
07/16/2018 05:55,TOTAL EAST,23314,3443.76,6800,-9999
07/16/2018 05:55,UPNY CONED,23315,2162.55,5700,-9999
07/16/2018 05:55,WEST CENTRAL,23312,8.69,9999,-9999
07/16/2018 06:00,CENTRAL EAST - VC,23330,1806.43,2365,-9999
07/16/2018 06:00,DYSINGER EAST,23326,654.78,3150,-9999
07/16/2018 06:00,MOSES SOUTH,23319,1975.38,3150,-1600
07/16/2018 06:00,SCH - HQ - NY,23324,1500,1500,-1000
07/16/2018 06:00,SCH - HQ_CEDARS,325274,120,120,-40
07/16/2018 06:00,SCH - HQ_IMPORT_EXPORT,325376,1200,1310,-9999
07/16/2018 06:00,SCH - NE - NY,23318,-139.27,1400,-1600
07/16/2018 06:00,SCH - NPX_1385,325277,0,200,-200
07/16/2018 06:00,SCH - NPX_CSC,325154,330,330,-330
07/16/2018 06:00,SCH - OH - NY,23317,500.35,1900,-1750
07/16/2018 06:00,SCH - PJ - NY,23316,855.41,1800,-1100
07/16/2018 06:00,SCH - PJM_HTP,325905,327,660,-660
07/16/2018 06:00,SCH - PJM_NEPTUNE,325305,660,660,-660
07/16/2018 06:00,SCH - PJM_VFT,325658,315,315,-315
07/16/2018 06:00,SPR/DUN-SOUTH,23320,2904.37,4350,-9999
07/16/2018 06:00,TOTAL EAST,23314,3346.23,6800,-9999
07/16/2018 06:00,UPNY CONED,23315,2157.39,5700,-9999
07/16/2018 06:00,WEST CENTRAL,23312,53.48,9999,-9999
07/16/2018 06:05,CENTRAL EAST - VC,23330,1705.17,2365,-9999
07/16/2018 06:05,DYSINGER EAST,23326,590.48,3150,-9999
07/16/2018 06:05,MOSES SOUTH,23319,1975.2,3150,-1600
07/16/2018 06:05,SCH - HQ - NY,23324,1500,1500,-1000
07/16/2018 06:05,SCH - HQ_CEDARS,325274,120,120,-40
07/16/2018 06:05,SCH - HQ_IMPORT_EXPORT,325376,1200,1310,-9999
07/16/2018 06:05,SCH - NE - NY,23318,-212.42,1400,-1600
07/16/2018 06:05,SCH - NPX_1385,325277,0,200,-200
07/16/2018 06:05,SCH - NPX_CSC,325154,330,330,-330
07/16/2018 06:05,SCH - OH - NY,23317,400.5,1900,-1750
07/16/2018 06:05,SCH - PJ - NY,23316,796.04,1800,-1100
07/16/2018 06:05,SCH - PJM_HTP,325905,370,660,-660
07/16/2018 06:05,SCH - PJM_NEPTUNE,325305,660,660,-660
07/16/2018 06:05,SCH - PJM_VFT,325658,315,315,-315
07/16/2018 06:05,SPR/DUN-SOUTH,23320,2811.87,4350,-9999
07/16/2018 06:05,TOTAL EAST,23314,3252.16,6800,-9999
07/16/2018 06:05,UPNY CONED,23315,2088.57,5700,-9999
07/16/2018 06:05,WEST CENTRAL,23312,-20.86,9999,-9999
07/16/2018 06:10,CENTRAL EAST - VC,23330,1758.7,2365,-9999
07/16/2018 06:10,DYSINGER EAST,23326,612.49,3150,-9999
07/16/2018 06:10,MOSES SOUTH,23319,1958.67,3150,-1600
07/16/2018 06:10,SCH - HQ - NY,23324,1500,1500,-1000
07/16/2018 06:10,SCH - HQ_CEDARS,325274,120,120,-40
07/16/2018 06:10,SCH - HQ_IMPORT_EXPORT,325376,1200,1310,-9999
07/16/2018 06:10,SCH - NE - NY,23318,-212.57,1400,-1600
07/16/2018 06:10,SCH - NPX_1385,325277,0,200,-200
07/16/2018 06:10,SCH - NPX_CSC,325154,330,330,-330
07/16/2018 06:10,SCH - OH - NY,23317,400.31,1900,-1750
07/16/2018 06:10,SCH - PJ - NY,23316,794.74,1800,-1100
07/16/2018 06:10,SCH - PJM_HTP,325905,370,660,-660
07/16/2018 06:10,SCH - PJM_NEPTUNE,325305,660,660,-660
07/16/2018 06:10,SCH - PJM_VFT,325658,315,315,-315
07/16/2018 06:10,SPR/DUN-SOUTH,23320,2799.53,4350,-9999
07/16/2018 06:10,TOTAL EAST,23314,3257.53,6800,-9999
07/16/2018 06:10,UPNY CONED,23315,2129.26,5700,-9999
07/16/2018 06:10,WEST CENTRAL,23312,-9.3,9999,-9999
07/16/2018 06:15,CENTRAL EAST - VC,23330,1731.44,2395,-9999
07/16/2018 06:15,DYSINGER EAST,23326,613.54,3150,-9999
07/16/2018 06:15,MOSES SOUTH,23319,1920.34,3150,-1600
07/16/2018 06:15,SCH - HQ - NY,23324,1500,1500,-1000
07/16/2018 06:15,SCH - HQ_CEDARS,325274,120,120,-40
07/16/2018 06:15,SCH - HQ_IMPORT_EXPORT,325376,1200,1310,-9999
07/16/2018 06:15,SCH - NE - NY,23318,-211.85,1400,-1600
07/16/2018 06:15,SCH - NPX_1385,325277,0,200,-200
07/16/2018 06:15,SCH - NPX_CSC,325154,330,330,-330
07/16/2018 06:15,SCH - OH - NY,23317,400.16,1900,-1750
07/16/2018 06:15,SCH - PJ - NY,23316,826.98,1800,-1100
07/16/2018 06:15,SCH - PJM_HTP,325905,370,660,-660
07/16/2018 06:15,SCH - PJM_NEPTUNE,325305,660,660,-660
07/16/2018 06:15,SCH - PJM_VFT,325658,315,315,-315
07/16/2018 06:15,SPR/DUN-SOUTH,23320,2850.96,4350,-9999
07/16/2018 06:15,TOTAL EAST,23314,3275.52,6800,-9999
07/16/2018 06:15,UPNY CONED,23315,2183.84,5700,-9999
07/16/2018 06:15,WEST CENTRAL,23312,-19.44,9999,-9999
07/16/2018 06:20,CENTRAL EAST - VC,23330,1744.96,2395,-9999
07/16/2018 06:20,DYSINGER EAST,23326,615.53,3150,-9999
07/16/2018 06:20,MOSES SOUTH,23319,1903.92,3150,-1600
07/16/2018 06:20,SCH - HQ - NY,23324,1500,1500,-1000
07/16/2018 06:20,SCH - HQ_CEDARS,325274,120,120,-40
07/16/2018 06:20,SCH - HQ_IMPORT_EXPORT,325376,1200,1310,-9999
07/16/2018 06:20,SCH - NE - NY,23318,-211.83,1400,-1600
07/16/2018 06:20,SCH - NPX_1385,325277,0,200,-200
07/16/2018 06:20,SCH - NPX_CSC,325154,330,330,-330
07/16/2018 06:20,SCH - OH - NY,23317,399.99,1900,-1750
07/16/2018 06:20,SCH - PJ - NY,23316,860.7,1800,-1100
07/16/2018 06:20,SCH - PJM_HTP,325905,370,660,-660
07/16/2018 06:20,SCH - PJM_NEPTUNE,325305,660,660,-660
07/16/2018 06:20,SCH - PJM_VFT,325658,315,315,-315
07/16/2018 06:20,SPR/DUN-SOUTH,23320,2910.36,4350,-9999
07/16/2018 06:20,TOTAL EAST,23314,3275.04,6800,-9999
07/16/2018 06:20,UPNY CONED,23315,2258.63,5700,-9999
07/16/2018 06:20,WEST CENTRAL,23312,-27.26,9999,-9999
07/16/2018 06:25,CENTRAL EAST - VC,23330,1736,2395,-9999
07/16/2018 06:25,DYSINGER EAST,23326,648.64,3150,-9999
07/16/2018 06:25,MOSES SOUTH,23319,1874.48,3150,-1600
07/16/2018 06:25,SCH - HQ - NY,23324,1500,1500,-1000
07/16/2018 06:25,SCH - HQ_CEDARS,325274,120,120,-40
07/16/2018 06:25,SCH - HQ_IMPORT_EXPORT,325376,1200,1310,-9999
07/16/2018 06:25,SCH - NE - NY,23318,-211.71,1400,-1600
07/16/2018 06:25,SCH - NPX_1385,325277,0,200,-200
07/16/2018 06:25,SCH - NPX_CSC,325154,330,330,-330
07/16/2018 06:25,SCH - OH - NY,23317,401.95,1900,-1750
07/16/2018 06:25,SCH - PJ - NY,23316,855.7,1800,-1100
07/16/2018 06:25,SCH - PJM_HTP,325905,370,660,-660
07/16/2018 06:25,SCH - PJM_NEPTUNE,325305,660,660,-660
07/16/2018 06:25,SCH - PJM_VFT,325658,315,315,-315
07/16/2018 06:25,SPR/DUN-SOUTH,23320,2926.38,4350,-9999
07/16/2018 06:25,TOTAL EAST,23314,3342.59,6800,-9999
07/16/2018 06:25,UPNY CONED,23315,2303.07,5700,-9999
07/16/2018 06:25,WEST CENTRAL,23312,-1.37,9999,-9999
07/16/2018 06:30,CENTRAL EAST - VC,23330,1672.38,2395,-9999
07/16/2018 06:30,DYSINGER EAST,23326,583.3,3150,-9999
07/16/2018 06:30,MOSES SOUTH,23319,1875.92,3150,-1600
07/16/2018 06:30,SCH - HQ - NY,23324,1500,1500,-1000
07/16/2018 06:30,SCH - HQ_CEDARS,325274,120,120,-40
07/16/2018 06:30,SCH - HQ_IMPORT_EXPORT,325376,1200,1310,-9999
07/16/2018 06:30,SCH - NE - NY,23318,-116.29,1400,-1600
07/16/2018 06:30,SCH - NPX_1385,325277,0,200,-200
07/16/2018 06:30,SCH - NPX_CSC,325154,330,330,-330
07/16/2018 06:30,SCH - OH - NY,23317,402.75,1900,-1750
07/16/2018 06:30,SCH - PJ - NY,23316,856.08,1800,-1100
07/16/2018 06:30,SCH - PJM_HTP,325905,370,660,-660
07/16/2018 06:30,SCH - PJM_NEPTUNE,325305,660,660,-660
07/16/2018 06:30,SCH - PJM_VFT,325658,315,315,-315
07/16/2018 06:30,SPR/DUN-SOUTH,23320,2982.3,4350,-9999
07/16/2018 06:30,TOTAL EAST,23314,3304.94,6800,-9999
07/16/2018 06:30,UPNY CONED,23315,2383,5700,-9999
07/16/2018 06:30,WEST CENTRAL,23312,-75.22,9999,-9999
07/16/2018 06:35,CENTRAL EAST - VC,23330,1643.7,2395,-9999
07/16/2018 06:35,DYSINGER EAST,23326,536.95,3150,-9999
07/16/2018 06:35,MOSES SOUTH,23319,1854.17,3150,-1600
07/16/2018 06:35,SCH - HQ - NY,23324,1500,1500,-1000
07/16/2018 06:35,SCH - HQ_CEDARS,325274,120,120,-40
07/16/2018 06:35,SCH - HQ_IMPORT_EXPORT,325376,1200,1310,-9999
07/16/2018 06:35,SCH - NE - NY,23318,-21.98,1400,-1600
07/16/2018 06:35,SCH - NPX_1385,325277,0,200,-200
07/16/2018 06:35,SCH - NPX_CSC,325154,330,330,-330
07/16/2018 06:35,SCH - OH - NY,23317,398.33,1900,-1750
07/16/2018 06:35,SCH - PJ - NY,23316,860.34,1800,-1100
07/16/2018 06:35,SCH - PJM_HTP,325905,370,660,-660
07/16/2018 06:35,SCH - PJM_NEPTUNE,325305,660,660,-660
07/16/2018 06:35,SCH - PJM_VFT,325658,315,315,-315
07/16/2018 06:35,SPR/DUN-SOUTH,23320,2977.27,4350,-9999
07/16/2018 06:35,TOTAL EAST,23314,3232.78,6800,-9999
07/16/2018 06:35,UPNY CONED,23315,2395.3,5700,-9999
07/16/2018 06:35,WEST CENTRAL,23312,-127.81,9999,-9999
07/16/2018 06:40,CENTRAL EAST - VC,23330,1660.63,2395,-9999
07/16/2018 06:40,DYSINGER EAST,23326,618.37,3150,-9999
07/16/2018 06:40,MOSES SOUTH,23319,1853.43,3150,-1600
07/16/2018 06:40,SCH - HQ - NY,23324,1500,1500,-1000
07/16/2018 06:40,SCH - HQ_CEDARS,325274,120,120,-40
07/16/2018 06:40,SCH - HQ_IMPORT_EXPORT,325376,1200,1310,-9999
07/16/2018 06:40,SCH - NE - NY,23318,-21.87,1400,-1600
07/16/2018 06:40,SCH - NPX_1385,325277,0,200,-200
07/16/2018 06:40,SCH - NPX_CSC,325154,330,330,-330
07/16/2018 06:40,SCH - OH - NY,23317,402.02,1900,-1750
07/16/2018 06:40,SCH - PJ - NY,23316,859.19,1800,-1100
07/16/2018 06:40,SCH - PJM_HTP,325905,370,660,-660
07/16/2018 06:40,SCH - PJM_NEPTUNE,325305,660,660,-660
07/16/2018 06:40,SCH - PJM_VFT,325658,315,315,-315
07/16/2018 06:40,SPR/DUN-SOUTH,23320,3013.44,4350,-9999
07/16/2018 06:40,TOTAL EAST,23314,3300.12,6800,-9999
07/16/2018 06:40,UPNY CONED,23315,2435.22,5700,-9999
07/16/2018 06:40,WEST CENTRAL,23312,-56.51,9999,-9999
07/16/2018 06:45,CENTRAL EAST - VC,23330,1645.22,2395,-9999
07/16/2018 06:45,DYSINGER EAST,23326,593.8,3150,-9999
07/16/2018 06:45,MOSES SOUTH,23319,1859.63,3150,-1600
07/16/2018 06:45,SCH - HQ - NY,23324,1500,1500,-1000
07/16/2018 06:45,SCH - HQ_CEDARS,325274,120,120,-40
07/16/2018 06:45,SCH - HQ_IMPORT_EXPORT,325376,1200,1310,-9999
07/16/2018 06:45,SCH - NE - NY,23318,43.17,1400,-1600
07/16/2018 06:45,SCH - NPX_1385,325277,0,200,-200
07/16/2018 06:45,SCH - NPX_CSC,325154,330,330,-330
07/16/2018 06:45,SCH - OH - NY,23317,403.68,1900,-1750
07/16/2018 06:45,SCH - PJ - NY,23316,855.62,1800,-1100
07/16/2018 06:45,SCH - PJM_HTP,325905,370,660,-660
07/16/2018 06:45,SCH - PJM_NEPTUNE,325305,660,660,-660
07/16/2018 06:45,SCH - PJM_VFT,325658,315,315,-315
07/16/2018 06:45,SPR/DUN-SOUTH,23320,3041.11,4350,-9999
07/16/2018 06:45,TOTAL EAST,23314,3256.98,6800,-9999
07/16/2018 06:45,UPNY CONED,23315,2470.31,5700,-9999
07/16/2018 06:45,WEST CENTRAL,23312,-87.29,9999,-9999
07/16/2018 06:50,CENTRAL EAST - VC,23330,1689.03,2395,-9999
07/16/2018 06:50,DYSINGER EAST,23326,681.71,3150,-9999
07/16/2018 06:50,MOSES SOUTH,23319,1859.42,3150,-1600
07/16/2018 06:50,SCH - HQ - NY,23324,1500,1500,-1000
07/16/2018 06:50,SCH - HQ_CEDARS,325274,120,120,-40
07/16/2018 06:50,SCH - HQ_IMPORT_EXPORT,325376,1200,1310,-9999
07/16/2018 06:50,SCH - NE - NY,23318,109.33,1400,-1600
07/16/2018 06:50,SCH - NPX_1385,325277,0,200,-200
07/16/2018 06:50,SCH - NPX_CSC,325154,330,330,-330
07/16/2018 06:50,SCH - OH - NY,23317,402.53,1900,-1750
07/16/2018 06:50,SCH - PJ - NY,23316,856.61,1800,-1100
07/16/2018 06:50,SCH - PJM_HTP,325905,370,660,-660
07/16/2018 06:50,SCH - PJM_NEPTUNE,325305,660,660,-660
07/16/2018 06:50,SCH - PJM_VFT,325658,315,315,-315
07/16/2018 06:50,SPR/DUN-SOUTH,23320,3110.74,4350,-9999
07/16/2018 06:50,TOTAL EAST,23314,3300.94,6800,-9999
07/16/2018 06:50,UPNY CONED,23315,2571.61,5700,-9999
07/16/2018 06:50,WEST CENTRAL,23312,-9.1,9999,-9999
07/16/2018 06:55,CENTRAL EAST - VC,23330,1731.12,2395,-9999
07/16/2018 06:55,DYSINGER EAST,23326,812.99,3150,-9999
07/16/2018 06:55,MOSES SOUTH,23319,1847.22,3150,-1600
07/16/2018 06:55,SCH - HQ - NY,23324,1500,1500,-1000
07/16/2018 06:55,SCH - HQ_CEDARS,325274,120,120,-40
07/16/2018 06:55,SCH - HQ_IMPORT_EXPORT,325376,1200,1310,-9999
07/16/2018 06:55,SCH - NE - NY,23318,109.35,1400,-1600
07/16/2018 06:55,SCH - NPX_1385,325277,0,200,-200
07/16/2018 06:55,SCH - NPX_CSC,325154,330,330,-330
07/16/2018 06:55,SCH - OH - NY,23317,402.42,1900,-1750
07/16/2018 06:55,SCH - PJ - NY,23316,854.22,1800,-1100
07/16/2018 06:55,SCH - PJM_HTP,325905,370,660,-660
07/16/2018 06:55,SCH - PJM_NEPTUNE,325305,660,660,-660
07/16/2018 06:55,SCH - PJM_VFT,325658,315,315,-315
07/16/2018 06:55,SPR/DUN-SOUTH,23320,3158.94,4350,-9999
07/16/2018 06:55,TOTAL EAST,23314,3405.37,6800,-9999
07/16/2018 06:55,UPNY CONED,23315,2634.9,5700,-9999
07/16/2018 06:55,WEST CENTRAL,23312,111.6,9999,-9999
07/16/2018 07:00,CENTRAL EAST - VC,23330,1738.62,2395,-9999
07/16/2018 07:00,DYSINGER EAST,23326,787.37,3150,-9999
07/16/2018 07:00,MOSES SOUTH,23319,1894.47,3150,-1600
07/16/2018 07:00,SCH - HQ - NY,23324,1500,1500,-1000
07/16/2018 07:00,SCH - HQ_CEDARS,325274,120,120,-40
07/16/2018 07:00,SCH - HQ_IMPORT_EXPORT,325376,1200,1310,-9999
07/16/2018 07:00,SCH - NE - NY,23318,61.15,1400,-1600
07/16/2018 07:00,SCH - NPX_1385,325277,28,200,-200
07/16/2018 07:00,SCH - NPX_CSC,325154,330,330,-330
07/16/2018 07:00,SCH - OH - NY,23317,375.01,1900,-1750
07/16/2018 07:00,SCH - PJ - NY,23316,895.93,1800,-1100
07/16/2018 07:00,SCH - PJM_HTP,325905,415,660,-660
07/16/2018 07:00,SCH - PJM_NEPTUNE,325305,660,660,-660
07/16/2018 07:00,SCH - PJM_VFT,325658,315,315,-315
07/16/2018 07:00,SPR/DUN-SOUTH,23320,3066.78,4350,-9999
07/16/2018 07:00,TOTAL EAST,23314,3424.66,6800,-9999
07/16/2018 07:00,UPNY CONED,23315,2540.31,5700,-9999
07/16/2018 07:00,WEST CENTRAL,23312,74.75,9999,-9999
07/16/2018 07:05,CENTRAL EAST - VC,23330,1830.19,2395,-9999
07/16/2018 07:05,DYSINGER EAST,23326,905.46,3150,-9999
07/16/2018 07:05,MOSES SOUTH,23319,1905.46,3150,-1600
07/16/2018 07:05,SCH - HQ - NY,23324,1500,1500,-1000
07/16/2018 07:05,SCH - HQ_CEDARS,325274,120,120,-40
07/16/2018 07:05,SCH - HQ_IMPORT_EXPORT,325376,1200,1310,-9999
07/16/2018 07:05,SCH - NE - NY,23318,13.95,1400,-1600
07/16/2018 07:05,SCH - NPX_1385,325277,57,200,-200
07/16/2018 07:05,SCH - NPX_CSC,325154,330,330,-330
07/16/2018 07:05,SCH - OH - NY,23317,350.08,1900,-1750
07/16/2018 07:05,SCH - PJ - NY,23316,934.12,1800,-1100
07/16/2018 07:05,SCH - PJM_HTP,325905,460,660,-660
07/16/2018 07:05,SCH - PJM_NEPTUNE,325305,660,660,-660
07/16/2018 07:05,SCH - PJM_VFT,325658,315,315,-315
07/16/2018 07:05,SPR/DUN-SOUTH,23320,3092.7,4350,-9999
07/16/2018 07:05,TOTAL EAST,23314,3578.6,6800,-9999
07/16/2018 07:05,UPNY CONED,23315,2580.86,5700,-9999
07/16/2018 07:05,WEST CENTRAL,23312,179.1,9999,-9999
07/16/2018 07:10,CENTRAL EAST - VC,23330,1839.56,2395,-9999
07/16/2018 07:10,DYSINGER EAST,23326,926.75,3150,-9999
07/16/2018 07:10,MOSES SOUTH,23319,1922.23,3150,-1600
07/16/2018 07:10,SCH - HQ - NY,23324,1500,1500,-1000
07/16/2018 07:10,SCH - HQ_CEDARS,325274,120,120,-40
07/16/2018 07:10,SCH - HQ_IMPORT_EXPORT,325376,1200,1310,-9999
07/16/2018 07:10,SCH - NE - NY,23318,13.99,1400,-1600
07/16/2018 07:10,SCH - NPX_1385,325277,57,200,-200
07/16/2018 07:10,SCH - NPX_CSC,325154,330,330,-330
07/16/2018 07:10,SCH - OH - NY,23317,350.06,1900,-1750
07/16/2018 07:10,SCH - PJ - NY,23316,933.83,1800,-1100
07/16/2018 07:10,SCH - PJM_HTP,325905,460,660,-660
07/16/2018 07:10,SCH - PJM_NEPTUNE,325305,660,660,-660
07/16/2018 07:10,SCH - PJM_VFT,325658,315,315,-315
07/16/2018 07:10,SPR/DUN-SOUTH,23320,3094.74,4350,-9999
07/16/2018 07:10,TOTAL EAST,23314,3598.79,6800,-9999
07/16/2018 07:10,UPNY CONED,23315,2615.73,5700,-9999
07/16/2018 07:10,WEST CENTRAL,23312,190.12,9999,-9999
07/16/2018 07:15,CENTRAL EAST - VC,23330,1848.44,2395,-9999
07/16/2018 07:15,DYSINGER EAST,23326,943.17,3150,-9999
07/16/2018 07:15,MOSES SOUTH,23319,1955.97,3150,-1600
07/16/2018 07:15,SCH - HQ - NY,23324,1500,1500,-1000
07/16/2018 07:15,SCH - HQ_CEDARS,325274,120,120,-40
07/16/2018 07:15,SCH - HQ_IMPORT_EXPORT,325376,1200,1310,-9999
07/16/2018 07:15,SCH - NE - NY,23318,80.91,1400,-1600
07/16/2018 07:15,SCH - NPX_1385,325277,57,200,-200
07/16/2018 07:15,SCH - NPX_CSC,325154,330,330,-330
07/16/2018 07:15,SCH - OH - NY,23317,353.81,1900,-1750
07/16/2018 07:15,SCH - PJ - NY,23316,941.1,1800,-1100
07/16/2018 07:15,SCH - PJM_HTP,325905,460,660,-660
07/16/2018 07:15,SCH - PJM_NEPTUNE,325305,660,660,-660
07/16/2018 07:15,SCH - PJM_VFT,325658,315,315,-315
07/16/2018 07:15,SPR/DUN-SOUTH,23320,3195.37,4350,-9999
07/16/2018 07:15,TOTAL EAST,23314,3717.13,6800,-9999
07/16/2018 07:15,UPNY CONED,23315,2760.94,5700,-9999
07/16/2018 07:15,WEST CENTRAL,23312,195.05,9999,-9999
07/16/2018 07:20,CENTRAL EAST - VC,23330,1857.67,2395,-9999
07/16/2018 07:20,DYSINGER EAST,23326,949.8,3150,-9999
07/16/2018 07:20,MOSES SOUTH,23319,1965.86,3150,-1600
07/16/2018 07:20,SCH - HQ - NY,23324,1500,1500,-1000
07/16/2018 07:20,SCH - HQ_CEDARS,325274,120,120,-40
07/16/2018 07:20,SCH - HQ_IMPORT_EXPORT,325376,1200,1310,-9999
07/16/2018 07:20,SCH - NE - NY,23318,146.06,1400,-1600
07/16/2018 07:20,SCH - NPX_1385,325277,57,200,-200
07/16/2018 07:20,SCH - NPX_CSC,325154,330,330,-330
07/16/2018 07:20,SCH - OH - NY,23317,353.71,1900,-1750
07/16/2018 07:20,SCH - PJ - NY,23316,955.93,1800,-1100
07/16/2018 07:20,SCH - PJM_HTP,325905,460,660,-660
07/16/2018 07:20,SCH - PJM_NEPTUNE,325305,660,660,-660
07/16/2018 07:20,SCH - PJM_VFT,325658,315,315,-315
07/16/2018 07:20,SPR/DUN-SOUTH,23320,3215.47,4350,-9999
07/16/2018 07:20,TOTAL EAST,23314,3698.66,6800,-9999
07/16/2018 07:20,UPNY CONED,23315,2832.62,5700,-9999
07/16/2018 07:20,WEST CENTRAL,23312,186.56,9999,-9999
07/16/2018 07:25,CENTRAL EAST - VC,23330,1838.8,2395,-9999
07/16/2018 07:25,DYSINGER EAST,23326,922.69,3150,-9999
07/16/2018 07:25,MOSES SOUTH,23319,1971.76,3150,-1600
07/16/2018 07:25,SCH - HQ - NY,23324,1500,1500,-1000
07/16/2018 07:25,SCH - HQ_CEDARS,325274,120,120,-40
07/16/2018 07:25,SCH - HQ_IMPORT_EXPORT,325376,1200,1310,-9999
07/16/2018 07:25,SCH - NE - NY,23318,150.78,1400,-1600
07/16/2018 07:25,SCH - NPX_1385,325277,57,200,-200
07/16/2018 07:25,SCH - NPX_CSC,325154,330,330,-330
07/16/2018 07:25,SCH - OH - NY,23317,347.79,1900,-1750
07/16/2018 07:25,SCH - PJ - NY,23316,955.95,1800,-1100
07/16/2018 07:25,SCH - PJM_HTP,325905,460,660,-660
07/16/2018 07:25,SCH - PJM_NEPTUNE,325305,660,660,-660
07/16/2018 07:25,SCH - PJM_VFT,325658,315,315,-315
07/16/2018 07:25,SPR/DUN-SOUTH,23320,3169.89,4350,-9999
07/16/2018 07:25,TOTAL EAST,23314,3715.03,6800,-9999
07/16/2018 07:25,UPNY CONED,23315,2806.69,5700,-9999
07/16/2018 07:25,WEST CENTRAL,23312,142.89,9999,-9999
07/16/2018 07:30,CENTRAL EAST - VC,23330,1798.21,2395,-9999
07/16/2018 07:30,DYSINGER EAST,23326,884.1,3150,-9999
07/16/2018 07:30,MOSES SOUTH,23319,1971.73,3150,-1600
07/16/2018 07:30,SCH - HQ - NY,23324,1500,1500,-1000
07/16/2018 07:30,SCH - HQ_CEDARS,325274,120,120,-40
07/16/2018 07:30,SCH - HQ_IMPORT_EXPORT,325376,1200,1310,-9999
07/16/2018 07:30,SCH - NE - NY,23318,158.09,1400,-1600
07/16/2018 07:30,SCH - NPX_1385,325277,57,200,-200
07/16/2018 07:30,SCH - NPX_CSC,325154,330,330,-330
07/16/2018 07:30,SCH - OH - NY,23317,349.73,1900,-1750
07/16/2018 07:30,SCH - PJ - NY,23316,954.75,1800,-1100
07/16/2018 07:30,SCH - PJM_HTP,325905,460,660,-660
07/16/2018 07:30,SCH - PJM_NEPTUNE,325305,660,660,-660
07/16/2018 07:30,SCH - PJM_VFT,325658,315,315,-315
07/16/2018 07:30,SPR/DUN-SOUTH,23320,3147.24,4350,-9999
07/16/2018 07:30,TOTAL EAST,23314,3747.52,6800,-9999
07/16/2018 07:30,UPNY CONED,23315,2827.59,5700,-9999
07/16/2018 07:30,WEST CENTRAL,23312,90.56,9999,-9999
07/16/2018 07:35,CENTRAL EAST - VC,23330,1837.83,2395,-9999
07/16/2018 07:35,DYSINGER EAST,23326,930.23,3150,-9999
07/16/2018 07:35,MOSES SOUTH,23319,1970.39,3150,-1600
07/16/2018 07:35,SCH - HQ - NY,23324,1500,1500,-1000
07/16/2018 07:35,SCH - HQ_CEDARS,325274,120,120,-40
07/16/2018 07:35,SCH - HQ_IMPORT_EXPORT,325376,1200,1310,-9999
07/16/2018 07:35,SCH - NE - NY,23318,166.08,1400,-1600
07/16/2018 07:35,SCH - NPX_1385,325277,57,200,-200
07/16/2018 07:35,SCH - NPX_CSC,325154,330,330,-330
07/16/2018 07:35,SCH - OH - NY,23317,349.92,1900,-1750
07/16/2018 07:35,SCH - PJ - NY,23316,952.45,1800,-1100
07/16/2018 07:35,SCH - PJM_HTP,325905,460,660,-660
07/16/2018 07:35,SCH - PJM_NEPTUNE,325305,660,660,-660
07/16/2018 07:35,SCH - PJM_VFT,325658,315,315,-315
07/16/2018 07:35,SPR/DUN-SOUTH,23320,3133.29,4350,-9999
07/16/2018 07:35,TOTAL EAST,23314,3762.47,6800,-9999
07/16/2018 07:35,UPNY CONED,23315,2844.19,5700,-9999
07/16/2018 07:35,WEST CENTRAL,23312,144.71,9999,-9999
07/16/2018 07:40,CENTRAL EAST - VC,23330,1836.62,2395,-9999
07/16/2018 07:40,DYSINGER EAST,23326,959.58,3150,-9999
07/16/2018 07:40,MOSES SOUTH,23319,1960.11,3150,-1600
07/16/2018 07:40,SCH - HQ - NY,23324,1500,1500,-1000
07/16/2018 07:40,SCH - HQ_CEDARS,325274,120,120,-40
07/16/2018 07:40,SCH - HQ_IMPORT_EXPORT,325376,1200,1310,-9999
07/16/2018 07:40,SCH - NE - NY,23318,165.79,1400,-1600
07/16/2018 07:40,SCH - NPX_1385,325277,57,200,-200
07/16/2018 07:40,SCH - NPX_CSC,325154,330,330,-330
07/16/2018 07:40,SCH - OH - NY,23317,349.77,1900,-1750
07/16/2018 07:40,SCH - PJ - NY,23316,953.3,1800,-1100
07/16/2018 07:40,SCH - PJM_HTP,325905,460,660,-660
07/16/2018 07:40,SCH - PJM_NEPTUNE,325305,660,660,-660
07/16/2018 07:40,SCH - PJM_VFT,325658,315,315,-315
07/16/2018 07:40,SPR/DUN-SOUTH,23320,3183.83,4350,-9999
07/16/2018 07:40,TOTAL EAST,23314,3782.03,6800,-9999
07/16/2018 07:40,UPNY CONED,23315,2907.36,5700,-9999
07/16/2018 07:40,WEST CENTRAL,23312,180.9,9999,-9999
07/16/2018 07:45,CENTRAL EAST - VC,23330,1824.46,2395,-9999
07/16/2018 07:45,DYSINGER EAST,23326,947.45,3150,-9999
07/16/2018 07:45,MOSES SOUTH,23319,1951.15,3150,-1600
07/16/2018 07:45,SCH - HQ - NY,23324,1500,1500,-1000
07/16/2018 07:45,SCH - HQ_CEDARS,325274,120,120,-40
07/16/2018 07:45,SCH - HQ_IMPORT_EXPORT,325376,1200,1310,-9999
07/16/2018 07:45,SCH - NE - NY,23318,163.12,1400,-1600
07/16/2018 07:45,SCH - NPX_1385,325277,57,200,-200
07/16/2018 07:45,SCH - NPX_CSC,325154,330,330,-330
07/16/2018 07:45,SCH - OH - NY,23317,349.91,1900,-1750
07/16/2018 07:45,SCH - PJ - NY,23316,955.79,1800,-1100
07/16/2018 07:45,SCH - PJM_HTP,325905,460,660,-660
07/16/2018 07:45,SCH - PJM_NEPTUNE,325305,660,660,-660
07/16/2018 07:45,SCH - PJM_VFT,325658,315,315,-315
07/16/2018 07:45,SPR/DUN-SOUTH,23320,3174.04,4350,-9999
07/16/2018 07:45,TOTAL EAST,23314,3815.74,6800,-9999
07/16/2018 07:45,UPNY CONED,23315,2913.52,5700,-9999
07/16/2018 07:45,WEST CENTRAL,23312,166.88,9999,-9999
07/16/2018 07:50,CENTRAL EAST - VC,23330,1851.37,2395,-9999
07/16/2018 07:50,DYSINGER EAST,23326,973.81,3150,-9999
07/16/2018 07:50,MOSES SOUTH,23319,1945.27,3150,-1600
07/16/2018 07:50,SCH - HQ - NY,23324,1500,1500,-1000
07/16/2018 07:50,SCH - HQ_CEDARS,325274,120,120,-40
07/16/2018 07:50,SCH - HQ_IMPORT_EXPORT,325376,1200,1310,-9999
07/16/2018 07:50,SCH - NE - NY,23318,161.09,1400,-1600
07/16/2018 07:50,SCH - NPX_1385,325277,57,200,-200
07/16/2018 07:50,SCH - NPX_CSC,325154,330,330,-330
07/16/2018 07:50,SCH - OH - NY,23317,349.91,1900,-1750
07/16/2018 07:50,SCH - PJ - NY,23316,951.95,1800,-1100
07/16/2018 07:50,SCH - PJM_HTP,325905,460,660,-660
07/16/2018 07:50,SCH - PJM_NEPTUNE,325305,660,660,-660
07/16/2018 07:50,SCH - PJM_VFT,325658,315,315,-315
07/16/2018 07:50,SPR/DUN-SOUTH,23320,3163.99,4350,-9999
07/16/2018 07:50,TOTAL EAST,23314,3796.93,6800,-9999
07/16/2018 07:50,UPNY CONED,23315,2926.95,5700,-9999
07/16/2018 07:50,WEST CENTRAL,23312,184.12,9999,-9999
07/16/2018 07:55,CENTRAL EAST - VC,23330,1847.87,2395,-9999
07/16/2018 07:55,DYSINGER EAST,23326,1028.04,3150,-9999
07/16/2018 07:55,MOSES SOUTH,23319,1945.95,3150,-1600
07/16/2018 07:55,SCH - HQ - NY,23324,1500,1500,-1000
07/16/2018 07:55,SCH - HQ_CEDARS,325274,120,120,-40
07/16/2018 07:55,SCH - HQ_IMPORT_EXPORT,325376,1200,1310,-9999
07/16/2018 07:55,SCH - NE - NY,23318,160.78,1400,-1600
07/16/2018 07:55,SCH - NPX_1385,325277,57,200,-200
07/16/2018 07:55,SCH - NPX_CSC,325154,330,330,-330
07/16/2018 07:55,SCH - OH - NY,23317,347.8,1900,-1750
07/16/2018 07:55,SCH - PJ - NY,23316,957.06,1800,-1100
07/16/2018 07:55,SCH - PJM_HTP,325905,460,660,-660
07/16/2018 07:55,SCH - PJM_NEPTUNE,325305,660,660,-660
07/16/2018 07:55,SCH - PJM_VFT,325658,315,315,-315
07/16/2018 07:55,SPR/DUN-SOUTH,23320,3205.46,4350,-9999
07/16/2018 07:55,TOTAL EAST,23314,3780.64,6800,-9999
07/16/2018 07:55,UPNY CONED,23315,2916.93,5700,-9999
07/16/2018 07:55,WEST CENTRAL,23312,225.87,9999,-9999
07/16/2018 08:00,CENTRAL EAST - VC,23330,1786.19,2395,-9999
07/16/2018 08:00,DYSINGER EAST,23326,988.85,3150,-9999
07/16/2018 08:00,MOSES SOUTH,23319,1941.66,3150,-1600
07/16/2018 08:00,SCH - HQ - NY,23324,1500,1500,-1000
07/16/2018 08:00,SCH - HQ_CEDARS,325274,120,120,-40
07/16/2018 08:00,SCH - HQ_IMPORT_EXPORT,325376,1200,1310,-9999
07/16/2018 08:00,SCH - NE - NY,23318,62.81,1400,-1600
07/16/2018 08:00,SCH - NPX_1385,325277,103,200,-200
07/16/2018 08:00,SCH - NPX_CSC,325154,330,330,-330
07/16/2018 08:00,SCH - OH - NY,23317,326.08,1900,-1750
07/16/2018 08:00,SCH - PJ - NY,23316,1198.29,1800,-1100
07/16/2018 08:00,SCH - PJM_HTP,325905,460,660,-660
07/16/2018 08:00,SCH - PJM_NEPTUNE,325305,660,660,-660
07/16/2018 08:00,SCH - PJM_VFT,325658,315,315,-315
07/16/2018 08:00,SPR/DUN-SOUTH,23320,3282.32,4350,-9999
07/16/2018 08:00,TOTAL EAST,23314,3840.62,6800,-9999
07/16/2018 08:00,UPNY CONED,23315,2896.3,5700,-9999
07/16/2018 08:00,WEST CENTRAL,23312,179.55,9999,-9999
07/16/2018 08:05,CENTRAL EAST - VC,23330,1859.39,2395,-9999
07/16/2018 08:05,DYSINGER EAST,23326,998.47,3150,-9999
07/16/2018 08:05,MOSES SOUTH,23319,1932.11,3150,-1600
07/16/2018 08:05,SCH - HQ - NY,23324,1500,1500,-1000
07/16/2018 08:05,SCH - HQ_CEDARS,325274,120,120,-40
07/16/2018 08:05,SCH - HQ_IMPORT_EXPORT,325376,1200,1310,-9999
07/16/2018 08:05,SCH - NE - NY,23318,-38.42,1400,-1600
07/16/2018 08:05,SCH - NPX_1385,325277,149,200,-200
07/16/2018 08:05,SCH - NPX_CSC,325154,330,330,-330
07/16/2018 08:05,SCH - OH - NY,23317,295.95,1900,-1750
07/16/2018 08:05,SCH - PJ - NY,23316,1451.89,1800,-1100
07/16/2018 08:05,SCH - PJM_HTP,325905,460,660,-660
07/16/2018 08:05,SCH - PJM_NEPTUNE,325305,660,660,-660
07/16/2018 08:05,SCH - PJM_VFT,325658,315,315,-315
07/16/2018 08:05,SPR/DUN-SOUTH,23320,3309.63,4350,-9999
07/16/2018 08:05,TOTAL EAST,23314,4020.39,6800,-9999
07/16/2018 08:05,UPNY CONED,23315,2925.86,5700,-9999
07/16/2018 08:05,WEST CENTRAL,23312,175.04,9999,-9999
07/16/2018 08:10,CENTRAL EAST - VC,23330,1879.38,2395,-9999
07/16/2018 08:10,DYSINGER EAST,23326,1026.63,3150,-9999
07/16/2018 08:10,MOSES SOUTH,23319,1922.73,3150,-1600
07/16/2018 08:10,SCH - HQ - NY,23324,1500,1500,-1000
07/16/2018 08:10,SCH - HQ_CEDARS,325274,120,120,-40
07/16/2018 08:10,SCH - HQ_IMPORT_EXPORT,325376,1200,1310,-9999
07/16/2018 08:10,SCH - NE - NY,23318,-38.35,1400,-1600
07/16/2018 08:10,SCH - NPX_1385,325277,149,200,-200
07/16/2018 08:10,SCH - NPX_CSC,325154,330,330,-330
07/16/2018 08:10,SCH - OH - NY,23317,292.03,1900,-1750
07/16/2018 08:10,SCH - PJ - NY,23316,1457.15,1800,-1100
07/16/2018 08:10,SCH - PJM_HTP,325905,460,660,-660
07/16/2018 08:10,SCH - PJM_NEPTUNE,325305,660,660,-660
07/16/2018 08:10,SCH - PJM_VFT,325658,315,315,-315
07/16/2018 08:10,SPR/DUN-SOUTH,23320,3310.58,4350,-9999
07/16/2018 08:10,TOTAL EAST,23314,4052.98,6800,-9999
07/16/2018 08:10,UPNY CONED,23315,2928.92,5700,-9999
07/16/2018 08:10,WEST CENTRAL,23312,196.49,9999,-9999
07/16/2018 08:15,CENTRAL EAST - VC,23330,1835,2395,-9999
07/16/2018 08:15,DYSINGER EAST,23326,956.19,3150,-9999
07/16/2018 08:15,MOSES SOUTH,23319,1940.99,3150,-1600
07/16/2018 08:15,SCH - HQ - NY,23324,1500,1500,-1000
07/16/2018 08:15,SCH - HQ_CEDARS,325274,120,120,-40
07/16/2018 08:15,SCH - HQ_IMPORT_EXPORT,325376,1200,1310,-9999
07/16/2018 08:15,SCH - NE - NY,23318,-33.73,1400,-1600
07/16/2018 08:15,SCH - NPX_1385,325277,149,200,-200
07/16/2018 08:15,SCH - NPX_CSC,325154,330,330,-330
07/16/2018 08:15,SCH - OH - NY,23317,294.9,1900,-1750
07/16/2018 08:15,SCH - PJ - NY,23316,1477.63,1800,-1100
07/16/2018 08:15,SCH - PJM_HTP,325905,460,660,-660
07/16/2018 08:15,SCH - PJM_NEPTUNE,325305,660,660,-660
07/16/2018 08:15,SCH - PJM_VFT,325658,315,315,-315
07/16/2018 08:15,SPR/DUN-SOUTH,23320,3307.28,4350,-9999
07/16/2018 08:15,TOTAL EAST,23314,4051.71,6800,-9999
07/16/2018 08:15,UPNY CONED,23315,2941.88,5700,-9999
07/16/2018 08:15,WEST CENTRAL,23312,122.51,9999,-9999
07/16/2018 08:20,CENTRAL EAST - VC,23330,1805.15,2395,-9999
07/16/2018 08:20,DYSINGER EAST,23326,943.72,3150,-9999
07/16/2018 08:20,MOSES SOUTH,23319,1933.32,3150,-1600
07/16/2018 08:20,SCH - HQ - NY,23324,1500,1500,-1000
07/16/2018 08:20,SCH - HQ_CEDARS,325274,120,120,-40
07/16/2018 08:20,SCH - HQ_IMPORT_EXPORT,325376,1200,1310,-9999
07/16/2018 08:20,SCH - NE - NY,23318,-28.77,1400,-1600
07/16/2018 08:20,SCH - NPX_1385,325277,149,200,-200
07/16/2018 08:20,SCH - NPX_CSC,325154,330,330,-330
07/16/2018 08:20,SCH - OH - NY,23317,294.9,1900,-1750
07/16/2018 08:20,SCH - PJ - NY,23316,1498.47,1800,-1100
07/16/2018 08:20,SCH - PJM_HTP,325905,460,660,-660
07/16/2018 08:20,SCH - PJM_NEPTUNE,325305,660,660,-660
07/16/2018 08:20,SCH - PJM_VFT,325658,315,315,-315
07/16/2018 08:20,SPR/DUN-SOUTH,23320,3284.62,4350,-9999
07/16/2018 08:20,TOTAL EAST,23314,4077.59,6800,-9999
07/16/2018 08:20,UPNY CONED,23315,2937.17,5700,-9999
07/16/2018 08:20,WEST CENTRAL,23312,97.64,9999,-9999
07/16/2018 08:25,CENTRAL EAST - VC,23330,1765.27,2425,-9999
07/16/2018 08:25,DYSINGER EAST,23326,920.3,3150,-9999
07/16/2018 08:25,MOSES SOUTH,23319,1931.02,3150,-1600
07/16/2018 08:25,SCH - HQ - NY,23324,1500,1500,-1000
07/16/2018 08:25,SCH - HQ_CEDARS,325274,120,120,-40
07/16/2018 08:25,SCH - HQ_IMPORT_EXPORT,325376,1200,1310,-9999
07/16/2018 08:25,SCH - NE - NY,23318,-28.9,1400,-1600
07/16/2018 08:25,SCH - NPX_1385,325277,149,200,-200
07/16/2018 08:25,SCH - NPX_CSC,325154,330,330,-330
07/16/2018 08:25,SCH - OH - NY,23317,294.93,1900,-1750
07/16/2018 08:25,SCH - PJ - NY,23316,1502.29,1800,-1100
07/16/2018 08:25,SCH - PJM_HTP,325905,460,660,-660
07/16/2018 08:25,SCH - PJM_NEPTUNE,325305,660,660,-660
07/16/2018 08:25,SCH - PJM_VFT,325658,315,315,-315
07/16/2018 08:25,SPR/DUN-SOUTH,23320,3249.43,4350,-9999
07/16/2018 08:25,TOTAL EAST,23314,4099.32,6800,-9999
07/16/2018 08:25,UPNY CONED,23315,2933.08,5700,-9999
07/16/2018 08:25,WEST CENTRAL,23312,62.83,9999,-9999
07/16/2018 08:30,CENTRAL EAST - VC,23330,1714.24,2425,-9999
07/16/2018 08:30,DYSINGER EAST,23326,910.3,3150,-9999
07/16/2018 08:30,MOSES SOUTH,23319,1931.81,3150,-1600
07/16/2018 08:30,SCH - HQ - NY,23324,1500,1500,-1000
07/16/2018 08:30,SCH - HQ_CEDARS,325274,120,120,-40
07/16/2018 08:30,SCH - HQ_IMPORT_EXPORT,325376,1200,1310,-9999
07/16/2018 08:30,SCH - NE - NY,23318,12.11,1400,-1600
07/16/2018 08:30,SCH - NPX_1385,325277,149,200,-200
07/16/2018 08:30,SCH - NPX_CSC,325154,330,330,-330
07/16/2018 08:30,SCH - OH - NY,23317,294.94,1900,-1750
07/16/2018 08:30,SCH - PJ - NY,23316,1500.5,1800,-1100
07/16/2018 08:30,SCH - PJM_HTP,325905,460,660,-660
07/16/2018 08:30,SCH - PJM_NEPTUNE,325305,660,660,-660
07/16/2018 08:30,SCH - PJM_VFT,325658,315,315,-315
07/16/2018 08:30,SPR/DUN-SOUTH,23320,3351.55,4350,-9999
07/16/2018 08:30,TOTAL EAST,23314,4030.63,6800,-9999
07/16/2018 08:30,UPNY CONED,23315,3058.02,5700,-9999
07/16/2018 08:30,WEST CENTRAL,23312,54.71,9999,-9999
07/16/2018 08:35,CENTRAL EAST - VC,23330,1701.29,2425,-9999
07/16/2018 08:35,DYSINGER EAST,23326,853.75,3150,-9999
07/16/2018 08:35,MOSES SOUTH,23319,1906.9,3150,-1600
07/16/2018 08:35,SCH - HQ - NY,23324,1500,1500,-1000
07/16/2018 08:35,SCH - HQ_CEDARS,325274,120,120,-40
07/16/2018 08:35,SCH - HQ_IMPORT_EXPORT,325376,1200,1310,-9999
07/16/2018 08:35,SCH - NE - NY,23318,53.13,1400,-1600
07/16/2018 08:35,SCH - NPX_1385,325277,149,200,-200
07/16/2018 08:35,SCH - NPX_CSC,325154,330,330,-330
07/16/2018 08:35,SCH - OH - NY,23317,294.94,1900,-1750
07/16/2018 08:35,SCH - PJ - NY,23316,1499.77,1800,-1100
07/16/2018 08:35,SCH - PJM_HTP,325905,460,660,-660
07/16/2018 08:35,SCH - PJM_NEPTUNE,325305,660,660,-660
07/16/2018 08:35,SCH - PJM_VFT,325658,315,315,-315
07/16/2018 08:35,SPR/DUN-SOUTH,23320,3355.14,4350,-9999
07/16/2018 08:35,TOTAL EAST,23314,3958.63,6800,-9999
07/16/2018 08:35,UPNY CONED,23315,3098.3,5700,-9999
07/16/2018 08:35,WEST CENTRAL,23312,-11.79,9999,-9999
07/16/2018 08:40,CENTRAL EAST - VC,23330,1664.23,2425,-9999
07/16/2018 08:40,DYSINGER EAST,23326,853.29,3150,-9999
07/16/2018 08:40,MOSES SOUTH,23319,1898.47,3150,-1600
07/16/2018 08:40,SCH - HQ - NY,23324,1500,1500,-1000
07/16/2018 08:40,SCH - HQ_CEDARS,325274,120,120,-40
07/16/2018 08:40,SCH - HQ_IMPORT_EXPORT,325376,1200,1310,-9999
07/16/2018 08:40,SCH - NE - NY,23318,53.14,1400,-1600
07/16/2018 08:40,SCH - NPX_1385,325277,149,200,-200
07/16/2018 08:40,SCH - NPX_CSC,325154,330,330,-330
07/16/2018 08:40,SCH - OH - NY,23317,294.92,1900,-1750
07/16/2018 08:40,SCH - PJ - NY,23316,1502.34,1800,-1100
07/16/2018 08:40,SCH - PJM_HTP,325905,460,660,-660
07/16/2018 08:40,SCH - PJM_NEPTUNE,325305,660,660,-660
07/16/2018 08:40,SCH - PJM_VFT,325658,315,315,-315
07/16/2018 08:40,SPR/DUN-SOUTH,23320,3354.37,4350,-9999
07/16/2018 08:40,TOTAL EAST,23314,3929.94,6800,-9999
07/16/2018 08:40,UPNY CONED,23315,3085.24,5700,-9999
07/16/2018 08:40,WEST CENTRAL,23312,-24.65,9999,-9999
07/16/2018 08:45,CENTRAL EAST - VC,23330,1612.5,2425,-9999
07/16/2018 08:45,DYSINGER EAST,23326,797.81,3150,-9999
07/16/2018 08:45,MOSES SOUTH,23319,1874.79,3150,-1600
07/16/2018 08:45,SCH - HQ - NY,23324,1500,1500,-1000
07/16/2018 08:45,SCH - HQ_CEDARS,325274,120,120,-40
07/16/2018 08:45,SCH - HQ_IMPORT_EXPORT,325376,1200,1310,-9999
07/16/2018 08:45,SCH - NE - NY,23318,85.18,1400,-1600
07/16/2018 08:45,SCH - NPX_1385,325277,149,200,-200
07/16/2018 08:45,SCH - NPX_CSC,325154,330,330,-330
07/16/2018 08:45,SCH - OH - NY,23317,294.89,1900,-1750
07/16/2018 08:45,SCH - PJ - NY,23316,1442.97,1800,-1100
07/16/2018 08:45,SCH - PJM_HTP,325905,460,660,-660
07/16/2018 08:45,SCH - PJM_NEPTUNE,325305,660,660,-660
07/16/2018 08:45,SCH - PJM_VFT,325658,296,315,-315
07/16/2018 08:45,SPR/DUN-SOUTH,23320,3358.42,4350,-9999
07/16/2018 08:45,TOTAL EAST,23314,3823.41,6800,-9999
07/16/2018 08:45,UPNY CONED,23315,3083.03,5700,-9999
07/16/2018 08:45,WEST CENTRAL,23312,-86.39,9999,-9999
07/16/2018 08:50,CENTRAL EAST - VC,23330,1589.34,2425,-9999
07/16/2018 08:50,DYSINGER EAST,23326,839.9,3150,-9999
07/16/2018 08:50,MOSES SOUTH,23319,1862.92,3150,-1600
07/16/2018 08:50,SCH - HQ - NY,23324,1500,1500,-1000
07/16/2018 08:50,SCH - HQ_CEDARS,325274,120,120,-40
07/16/2018 08:50,SCH - HQ_IMPORT_EXPORT,325376,1200,1310,-9999
07/16/2018 08:50,SCH - NE - NY,23318,117.15,1400,-1600
07/16/2018 08:50,SCH - NPX_1385,325277,149,200,-200
07/16/2018 08:50,SCH - NPX_CSC,325154,330,330,-330
07/16/2018 08:50,SCH - OH - NY,23317,294.87,1900,-1750
07/16/2018 08:50,SCH - PJ - NY,23316,1385.92,1800,-1100
07/16/2018 08:50,SCH - PJM_HTP,325905,460,660,-660
07/16/2018 08:50,SCH - PJM_NEPTUNE,325305,660,660,-660
07/16/2018 08:50,SCH - PJM_VFT,325658,277,315,-315
07/16/2018 08:50,SPR/DUN-SOUTH,23320,3359.39,4350,-9999
07/16/2018 08:50,TOTAL EAST,23314,3821.99,6800,-9999
07/16/2018 08:50,UPNY CONED,23315,3109.22,5700,-9999
07/16/2018 08:50,WEST CENTRAL,23312,-58.89,9999,-9999
07/16/2018 08:55,CENTRAL EAST - VC,23330,1591.62,2425,-9999
07/16/2018 08:55,DYSINGER EAST,23326,822.15,3150,-9999
07/16/2018 08:55,MOSES SOUTH,23319,1858.24,3150,-1600
07/16/2018 08:55,SCH - HQ - NY,23324,1500,1500,-1000
07/16/2018 08:55,SCH - HQ_CEDARS,325274,120,120,-40
07/16/2018 08:55,SCH - HQ_IMPORT_EXPORT,325376,1200,1310,-9999
07/16/2018 08:55,SCH - NE - NY,23318,117.13,1400,-1600
07/16/2018 08:55,SCH - NPX_1385,325277,149,200,-200
07/16/2018 08:55,SCH - NPX_CSC,325154,330,330,-330
07/16/2018 08:55,SCH - OH - NY,23317,294.9,1900,-1750
07/16/2018 08:55,SCH - PJ - NY,23316,1383.49,1800,-1100
07/16/2018 08:55,SCH - PJM_HTP,325905,460,660,-660
07/16/2018 08:55,SCH - PJM_NEPTUNE,325305,660,660,-660
07/16/2018 08:55,SCH - PJM_VFT,325658,277,315,-315
07/16/2018 08:55,SPR/DUN-SOUTH,23320,3358.65,4350,-9999
07/16/2018 08:55,TOTAL EAST,23314,3782.73,6800,-9999
07/16/2018 08:55,UPNY CONED,23315,3062.88,5700,-9999
07/16/2018 08:55,WEST CENTRAL,23312,-90.15,9999,-9999
07/16/2018 09:00,CENTRAL EAST - VC,23330,1468.67,2425,-9999
07/16/2018 09:00,DYSINGER EAST,23326,655.17,3150,-9999
07/16/2018 09:00,MOSES SOUTH,23319,1849.12,3150,-1600
07/16/2018 09:00,SCH - HQ - NY,23324,1500,1500,-1000
07/16/2018 09:00,SCH - HQ_CEDARS,325274,120,120,-40
07/16/2018 09:00,SCH - HQ_IMPORT_EXPORT,325376,1200,1310,-9999
07/16/2018 09:00,SCH - NE - NY,23318,177.12,1400,-1600
07/16/2018 09:00,SCH - NPX_1385,325277,124,200,-200
07/16/2018 09:00,SCH - NPX_CSC,325154,330,330,-330
07/16/2018 09:00,SCH - OH - NY,23317,161.19,1900,-1750
07/16/2018 09:00,SCH - PJ - NY,23316,1122.95,1800,-1100
07/16/2018 09:00,SCH - PJM_HTP,325905,460,660,-660
07/16/2018 09:00,SCH - PJM_NEPTUNE,325305,660,660,-660
07/16/2018 09:00,SCH - PJM_VFT,325658,296,315,-315
07/16/2018 09:00,SPR/DUN-SOUTH,23320,3168.01,4350,-9999
07/16/2018 09:00,TOTAL EAST,23314,3411.3,6800,-9999
07/16/2018 09:00,UPNY CONED,23315,2854.4,5700,-9999
07/16/2018 09:00,WEST CENTRAL,23312,-266.45,9999,-9999
07/16/2018 09:05,CENTRAL EAST - VC,23330,1389.94,2425,-9999
07/16/2018 09:05,DYSINGER EAST,23326,663.82,3150,-9999
07/16/2018 09:05,MOSES SOUTH,23319,1843.91,3150,-1600
07/16/2018 09:05,SCH - HQ - NY,23324,1500,1500,-1000
07/16/2018 09:05,SCH - HQ_CEDARS,325274,120,120,-40
07/16/2018 09:05,SCH - HQ_IMPORT_EXPORT,325376,1200,1310,-9999
07/16/2018 09:05,SCH - NE - NY,23318,237.11,1400,-1600
07/16/2018 09:05,SCH - NPX_1385,325277,99,200,-200
07/16/2018 09:05,SCH - NPX_CSC,325154,330,330,-330
07/16/2018 09:05,SCH - OH - NY,23317,28.23,1900,-1750
07/16/2018 09:05,SCH - PJ - NY,23316,856.51,1800,-1100
07/16/2018 09:05,SCH - PJM_HTP,325905,460,660,-660
07/16/2018 09:05,SCH - PJM_NEPTUNE,325305,660,660,-660
07/16/2018 09:05,SCH - PJM_VFT,325658,315,315,-315
07/16/2018 09:05,SPR/DUN-SOUTH,23320,3045.94,4350,-9999
07/16/2018 09:05,TOTAL EAST,23314,3193.45,6800,-9999
07/16/2018 09:05,UPNY CONED,23315,2742.49,5700,-9999
07/16/2018 09:05,WEST CENTRAL,23312,-273.02,9999,-9999
07/16/2018 09:10,CENTRAL EAST - VC,23330,1489.8,2425,-9999
07/16/2018 09:10,DYSINGER EAST,23326,877.53,3150,-9999
07/16/2018 09:10,MOSES SOUTH,23319,1831.81,3150,-1600
07/16/2018 09:10,SCH - HQ - NY,23324,1500,1500,-1000
07/16/2018 09:10,SCH - HQ_CEDARS,325274,120,120,-40
07/16/2018 09:10,SCH - HQ_IMPORT_EXPORT,325376,1200,1310,-9999
07/16/2018 09:10,SCH - NE - NY,23318,237.19,1400,-1600
07/16/2018 09:10,SCH - NPX_1385,325277,99,200,-200
07/16/2018 09:10,SCH - NPX_CSC,325154,330,330,-330
07/16/2018 09:10,SCH - OH - NY,23317,27.93,1900,-1750
07/16/2018 09:10,SCH - PJ - NY,23316,860.12,1800,-1100
07/16/2018 09:10,SCH - PJM_HTP,325905,460,660,-660
07/16/2018 09:10,SCH - PJM_NEPTUNE,325305,660,660,-660
07/16/2018 09:10,SCH - PJM_VFT,325658,315,315,-315
07/16/2018 09:10,SPR/DUN-SOUTH,23320,3172.72,4350,-9999
07/16/2018 09:10,TOTAL EAST,23314,3257.73,6800,-9999
07/16/2018 09:10,UPNY CONED,23315,2905.79,5700,-9999
07/16/2018 09:10,WEST CENTRAL,23312,-68.43,9999,-9999
07/16/2018 09:15,CENTRAL EAST - VC,23330,1484.34,2425,-9999
07/16/2018 09:15,DYSINGER EAST,23326,890.92,3150,-9999
07/16/2018 09:15,MOSES SOUTH,23319,1857.7,3150,-1600
07/16/2018 09:15,SCH - HQ - NY,23324,1500,1500,-1000
07/16/2018 09:15,SCH - HQ_CEDARS,325274,120,120,-40
07/16/2018 09:15,SCH - HQ_IMPORT_EXPORT,325376,1200,1310,-9999
07/16/2018 09:15,SCH - NE - NY,23318,238.2,1400,-1600
07/16/2018 09:15,SCH - NPX_1385,325277,99,200,-200
07/16/2018 09:15,SCH - NPX_CSC,325154,330,330,-330
07/16/2018 09:15,SCH - OH - NY,23317,27.94,1900,-1750
07/16/2018 09:15,SCH - PJ - NY,23316,829.89,1800,-1100
07/16/2018 09:15,SCH - PJM_HTP,325905,460,660,-660
07/16/2018 09:15,SCH - PJM_NEPTUNE,325305,660,660,-660
07/16/2018 09:15,SCH - PJM_VFT,325658,315,315,-315
07/16/2018 09:15,SPR/DUN-SOUTH,23320,3146.51,4350,-9999
07/16/2018 09:15,TOTAL EAST,23314,3181.44,6800,-9999
07/16/2018 09:15,UPNY CONED,23315,2853.91,5700,-9999
07/16/2018 09:15,WEST CENTRAL,23312,-58.6,9999,-9999
07/16/2018 09:20,CENTRAL EAST - VC,23330,1530.71,2425,-9999
07/16/2018 09:20,DYSINGER EAST,23326,1010.31,3150,-9999
07/16/2018 09:20,MOSES SOUTH,23319,1855,3150,-1600
07/16/2018 09:20,SCH - HQ - NY,23324,1500,1500,-1000
07/16/2018 09:20,SCH - HQ_CEDARS,325274,120,120,-40
07/16/2018 09:20,SCH - HQ_IMPORT_EXPORT,325376,1200,1310,-9999
07/16/2018 09:20,SCH - NE - NY,23318,239.18,1400,-1600
07/16/2018 09:20,SCH - NPX_1385,325277,99,200,-200
07/16/2018 09:20,SCH - NPX_CSC,325154,330,330,-330
07/16/2018 09:20,SCH - OH - NY,23317,27.93,1900,-1750
07/16/2018 09:20,SCH - PJ - NY,23316,802.32,1800,-1100
07/16/2018 09:20,SCH - PJM_HTP,325905,460,660,-660
07/16/2018 09:20,SCH - PJM_NEPTUNE,325305,660,660,-660
07/16/2018 09:20,SCH - PJM_VFT,325658,315,315,-315
07/16/2018 09:20,SPR/DUN-SOUTH,23320,3178.24,4350,-9999
07/16/2018 09:20,TOTAL EAST,23314,3221.5,6800,-9999
07/16/2018 09:20,UPNY CONED,23315,2893.06,5700,-9999
07/16/2018 09:20,WEST CENTRAL,23312,50.22,9999,-9999
07/16/2018 09:25,CENTRAL EAST - VC,23330,1596.23,2425,-9999
07/16/2018 09:25,DYSINGER EAST,23326,1113.59,3150,-9999
07/16/2018 09:25,MOSES SOUTH,23319,1831.48,3150,-1600
07/16/2018 09:25,SCH - HQ - NY,23324,1500,1500,-1000
07/16/2018 09:25,SCH - HQ_CEDARS,325274,120,120,-40
07/16/2018 09:25,SCH - HQ_IMPORT_EXPORT,325376,1200,1310,-9999
07/16/2018 09:25,SCH - NE - NY,23318,239.23,1400,-1600
07/16/2018 09:25,SCH - NPX_1385,325277,99,200,-200
07/16/2018 09:25,SCH - NPX_CSC,325154,330,330,-330
07/16/2018 09:25,SCH - OH - NY,23317,27.89,1900,-1750
07/16/2018 09:25,SCH - PJ - NY,23316,804.28,1800,-1100
07/16/2018 09:25,SCH - PJM_HTP,325905,460,660,-660
07/16/2018 09:25,SCH - PJM_NEPTUNE,325305,660,660,-660
07/16/2018 09:25,SCH - PJM_VFT,325658,315,315,-315
07/16/2018 09:25,SPR/DUN-SOUTH,23320,3212.16,4350,-9999
07/16/2018 09:25,TOTAL EAST,23314,3241.68,6800,-9999
07/16/2018 09:25,UPNY CONED,23315,2942.87,5700,-9999
07/16/2018 09:25,WEST CENTRAL,23312,142.63,9999,-9999
07/16/2018 09:30,CENTRAL EAST - VC,23330,1564.9,2425,-9999
07/16/2018 09:30,DYSINGER EAST,23326,1112.69,3150,-9999
07/16/2018 09:30,MOSES SOUTH,23319,1815.13,3150,-1600
07/16/2018 09:30,SCH - HQ - NY,23324,1500,1500,-1000
07/16/2018 09:30,SCH - HQ_CEDARS,325274,120,120,-40
07/16/2018 09:30,SCH - HQ_IMPORT_EXPORT,325376,1200,1310,-9999
07/16/2018 09:30,SCH - NE - NY,23318,239.23,1400,-1600
07/16/2018 09:30,SCH - NPX_1385,325277,99,200,-200
07/16/2018 09:30,SCH - NPX_CSC,325154,330,330,-330
07/16/2018 09:30,SCH - OH - NY,23317,27.87,1900,-1750
07/16/2018 09:30,SCH - PJ - NY,23316,804.41,1800,-1100
07/16/2018 09:30,SCH - PJM_HTP,325905,460,660,-660
07/16/2018 09:30,SCH - PJM_NEPTUNE,325305,660,660,-660
07/16/2018 09:30,SCH - PJM_VFT,325658,315,315,-315
07/16/2018 09:30,SPR/DUN-SOUTH,23320,3201.34,4350,-9999
07/16/2018 09:30,TOTAL EAST,23314,3236.94,6800,-9999
07/16/2018 09:30,UPNY CONED,23315,2947.62,5700,-9999
07/16/2018 09:30,WEST CENTRAL,23312,136.29,9999,-9999
07/16/2018 09:35,CENTRAL EAST - VC,23330,1572.18,2425,-9999
07/16/2018 09:35,DYSINGER EAST,23326,1162.25,3150,-9999
07/16/2018 09:35,MOSES SOUTH,23319,1831.29,3150,-1600
07/16/2018 09:35,SCH - HQ - NY,23324,1500,1500,-1000
07/16/2018 09:35,SCH - HQ_CEDARS,325274,120,120,-40
07/16/2018 09:35,SCH - HQ_IMPORT_EXPORT,325376,1200,1310,-9999
07/16/2018 09:35,SCH - NE - NY,23318,239.24,1400,-1600
07/16/2018 09:35,SCH - NPX_1385,325277,99,200,-200
07/16/2018 09:35,SCH - NPX_CSC,325154,330,330,-330
07/16/2018 09:35,SCH - OH - NY,23317,27.86,1900,-1750
07/16/2018 09:35,SCH - PJ - NY,23316,803.65,1800,-1100
07/16/2018 09:35,SCH - PJM_HTP,325905,460,660,-660
07/16/2018 09:35,SCH - PJM_NEPTUNE,325305,660,660,-660
07/16/2018 09:35,SCH - PJM_VFT,325658,315,315,-315
07/16/2018 09:35,SPR/DUN-SOUTH,23320,3141.19,4350,-9999
07/16/2018 09:35,TOTAL EAST,23314,3252.3,6800,-9999
07/16/2018 09:35,UPNY CONED,23315,2928.13,5700,-9999
07/16/2018 09:35,WEST CENTRAL,23312,173.03,9999,-9999
07/16/2018 09:40,CENTRAL EAST - VC,23330,1570.08,2425,-9999
07/16/2018 09:40,DYSINGER EAST,23326,1145.02,3150,-9999
07/16/2018 09:40,MOSES SOUTH,23319,1822.34,3150,-1600
07/16/2018 09:40,SCH - HQ - NY,23324,1500,1500,-1000
07/16/2018 09:40,SCH - HQ_CEDARS,325274,120,120,-40
07/16/2018 09:40,SCH - HQ_IMPORT_EXPORT,325376,1200,1310,-9999
07/16/2018 09:40,SCH - NE - NY,23318,239.23,1400,-1600
07/16/2018 09:40,SCH - NPX_1385,325277,99,200,-200
07/16/2018 09:40,SCH - NPX_CSC,325154,330,330,-330
07/16/2018 09:40,SCH - OH - NY,23317,27.94,1900,-1750
07/16/2018 09:40,SCH - PJ - NY,23316,804.49,1800,-1100
07/16/2018 09:40,SCH - PJM_HTP,325905,460,660,-660
07/16/2018 09:40,SCH - PJM_NEPTUNE,325305,660,660,-660
07/16/2018 09:40,SCH - PJM_VFT,325658,315,315,-315
07/16/2018 09:40,SPR/DUN-SOUTH,23320,3144.89,4350,-9999
07/16/2018 09:40,TOTAL EAST,23314,3272.92,6800,-9999
07/16/2018 09:40,UPNY CONED,23315,2934.18,5700,-9999
07/16/2018 09:40,WEST CENTRAL,23312,144.51,9999,-9999
07/16/2018 09:45,CENTRAL EAST - VC,23330,1549.89,2425,-9999
07/16/2018 09:45,DYSINGER EAST,23326,1133.3,3150,-9999
07/16/2018 09:45,MOSES SOUTH,23319,1834.05,3150,-1600
07/16/2018 09:45,SCH - HQ - NY,23324,1500,1500,-1000
07/16/2018 09:45,SCH - HQ_CEDARS,325274,120,120,-40
07/16/2018 09:45,SCH - HQ_IMPORT_EXPORT,325376,1200,1310,-9999
07/16/2018 09:45,SCH - NE - NY,23318,289.18,1400,-1600
07/16/2018 09:45,SCH - NPX_1385,325277,99,200,-200
07/16/2018 09:45,SCH - NPX_CSC,325154,330,330,-330
07/16/2018 09:45,SCH - OH - NY,23317,27.99,1900,-1750
07/16/2018 09:45,SCH - PJ - NY,23316,805.27,1800,-1100
07/16/2018 09:45,SCH - PJM_HTP,325905,460,660,-660
07/16/2018 09:45,SCH - PJM_NEPTUNE,325305,660,660,-660
07/16/2018 09:45,SCH - PJM_VFT,325658,315,315,-315
07/16/2018 09:45,SPR/DUN-SOUTH,23320,3166.09,4350,-9999
07/16/2018 09:45,TOTAL EAST,23314,3253.54,6800,-9999
07/16/2018 09:45,UPNY CONED,23315,2982.83,5700,-9999
07/16/2018 09:45,WEST CENTRAL,23312,127.44,9999,-9999
07/16/2018 09:50,CENTRAL EAST - VC,23330,1547.36,2425,-9999
07/16/2018 09:50,DYSINGER EAST,23326,1150.02,3150,-9999
07/16/2018 09:50,MOSES SOUTH,23319,1837.66,3150,-1600
07/16/2018 09:50,SCH - HQ - NY,23324,1500,1500,-1000
07/16/2018 09:50,SCH - HQ_CEDARS,325274,120,120,-40
07/16/2018 09:50,SCH - HQ_IMPORT_EXPORT,325376,1200,1310,-9999
07/16/2018 09:50,SCH - NE - NY,23318,339.16,1400,-1600
07/16/2018 09:50,SCH - NPX_1385,325277,99,200,-200
07/16/2018 09:50,SCH - NPX_CSC,325154,330,330,-330
07/16/2018 09:50,SCH - OH - NY,23317,28.03,1900,-1750
07/16/2018 09:50,SCH - PJ - NY,23316,803.1,1800,-1100
07/16/2018 09:50,SCH - PJM_HTP,325905,460,660,-660
07/16/2018 09:50,SCH - PJM_NEPTUNE,325305,660,660,-660
07/16/2018 09:50,SCH - PJM_VFT,325658,315,315,-315
07/16/2018 09:50,SPR/DUN-SOUTH,23320,3184.1,4350,-9999
07/16/2018 09:50,TOTAL EAST,23314,3225.29,6800,-9999
07/16/2018 09:50,UPNY CONED,23315,2989.13,5700,-9999
07/16/2018 09:50,WEST CENTRAL,23312,130.69,9999,-9999
07/16/2018 09:55,CENTRAL EAST - VC,23330,1576.94,2425,-9999
07/16/2018 09:55,DYSINGER EAST,23326,1225.23,3150,-9999
07/16/2018 09:55,MOSES SOUTH,23319,1840.57,3150,-1600
07/16/2018 09:55,SCH - HQ - NY,23324,1500,1500,-1000
07/16/2018 09:55,SCH - HQ_CEDARS,325274,120,120,-40
07/16/2018 09:55,SCH - HQ_IMPORT_EXPORT,325376,1200,1310,-9999
07/16/2018 09:55,SCH - NE - NY,23318,339.2,1400,-1600
07/16/2018 09:55,SCH - NPX_1385,325277,99,200,-200
07/16/2018 09:55,SCH - NPX_CSC,325154,330,330,-330
07/16/2018 09:55,SCH - OH - NY,23317,27.97,1900,-1750
07/16/2018 09:55,SCH - PJ - NY,23316,805.37,1800,-1100
07/16/2018 09:55,SCH - PJM_HTP,325905,460,660,-660
07/16/2018 09:55,SCH - PJM_NEPTUNE,325305,660,660,-660
07/16/2018 09:55,SCH - PJM_VFT,325658,315,315,-315
07/16/2018 09:55,SPR/DUN-SOUTH,23320,3250.99,4350,-9999
07/16/2018 09:55,TOTAL EAST,23314,3254.17,6800,-9999
07/16/2018 09:55,UPNY CONED,23315,3016.51,5700,-9999
07/16/2018 09:55,WEST CENTRAL,23312,194.96,9999,-9999
07/16/2018 10:00,CENTRAL EAST - VC,23330,1626.14,2425,-9999
07/16/2018 10:00,DYSINGER EAST,23326,1388.1,3150,-9999
07/16/2018 10:00,MOSES SOUTH,23319,1833.82,3150,-1600
07/16/2018 10:00,SCH - HQ - NY,23324,1500,1500,-1000
07/16/2018 10:00,SCH - HQ_CEDARS,325274,120,120,-40
07/16/2018 10:00,SCH - HQ_IMPORT_EXPORT,325376,1200,1310,-9999
07/16/2018 10:00,SCH - NE - NY,23318,281.2,1400,-1600
07/16/2018 10:00,SCH - NPX_1385,325277,89,200,-200
07/16/2018 10:00,SCH - NPX_CSC,325154,330,330,-330
07/16/2018 10:00,SCH - OH - NY,23317,188.84,1250,-1750
07/16/2018 10:00,SCH - PJ - NY,23316,780.36,1800,-1100
07/16/2018 10:00,SCH - PJM_HTP,325905,415,660,-660
07/16/2018 10:00,SCH - PJM_NEPTUNE,325305,660,660,-660
07/16/2018 10:00,SCH - PJM_VFT,325658,257,315,-315
07/16/2018 10:00,SPR/DUN-SOUTH,23320,3283.67,4350,-9999
07/16/2018 10:00,TOTAL EAST,23314,3392.25,6800,-9999
07/16/2018 10:00,UPNY CONED,23315,3121.87,5700,-9999
07/16/2018 10:00,WEST CENTRAL,23312,344.58,9999,-9999
07/16/2018 10:05,CENTRAL EAST - VC,23330,1692.34,2425,-9999
07/16/2018 10:05,DYSINGER EAST,23326,1452.73,3150,-9999
07/16/2018 10:05,MOSES SOUTH,23319,1867.27,3150,-1600
07/16/2018 10:05,SCH - HQ - NY,23324,1500,1500,-1000
07/16/2018 10:05,SCH - HQ_CEDARS,325274,120,120,-40
07/16/2018 10:05,SCH - HQ_IMPORT_EXPORT,325376,1200,1310,-9999
07/16/2018 10:05,SCH - NE - NY,23318,224.24,1400,-1600
07/16/2018 10:05,SCH - NPX_1385,325277,80,200,-200
07/16/2018 10:05,SCH - NPX_CSC,325154,330,330,-330
07/16/2018 10:05,SCH - OH - NY,23317,349.84,1250,-1750
07/16/2018 10:05,SCH - PJ - NY,23316,760.09,1800,-1100
07/16/2018 10:05,SCH - PJM_HTP,325905,370,660,-660
07/16/2018 10:05,SCH - PJM_NEPTUNE,325305,660,660,-660
07/16/2018 10:05,SCH - PJM_VFT,325658,200,315,-315
07/16/2018 10:05,SPR/DUN-SOUTH,23320,3342.66,4350,-9999
07/16/2018 10:05,TOTAL EAST,23314,3517.71,6800,-9999
07/16/2018 10:05,UPNY CONED,23315,3196.73,5700,-9999
07/16/2018 10:05,WEST CENTRAL,23312,399,9999,-9999
07/16/2018 10:10,CENTRAL EAST - VC,23330,1654.36,2425,-9999
07/16/2018 10:10,DYSINGER EAST,23326,1387.57,3150,-9999
07/16/2018 10:10,MOSES SOUTH,23319,1879.47,3150,-1600
07/16/2018 10:10,SCH - HQ - NY,23324,1500,1500,-1000
07/16/2018 10:10,SCH - HQ_CEDARS,325274,120,120,-40
07/16/2018 10:10,SCH - HQ_IMPORT_EXPORT,325376,1200,1310,-9999
07/16/2018 10:10,SCH - NE - NY,23318,224.18,1400,-1600
07/16/2018 10:10,SCH - NPX_1385,325277,80,200,-200
07/16/2018 10:10,SCH - NPX_CSC,325154,330,330,-330
07/16/2018 10:10,SCH - OH - NY,23317,349.91,1250,-1750
07/16/2018 10:10,SCH - PJ - NY,23316,759.74,1800,-1100
07/16/2018 10:10,SCH - PJM_HTP,325905,370,660,-660
07/16/2018 10:10,SCH - PJM_NEPTUNE,325305,660,660,-660
07/16/2018 10:10,SCH - PJM_VFT,325658,200,315,-315
07/16/2018 10:10,SPR/DUN-SOUTH,23320,3296.06,4350,-9999
07/16/2018 10:10,TOTAL EAST,23314,3497.73,6800,-9999
07/16/2018 10:10,UPNY CONED,23315,3149.13,5700,-9999
07/16/2018 10:10,WEST CENTRAL,23312,333.09,9999,-9999
07/16/2018 10:15,CENTRAL EAST - VC,23330,1646.44,2455,-9999
07/16/2018 10:15,DYSINGER EAST,23326,1379.36,3150,-9999
07/16/2018 10:15,MOSES SOUTH,23319,1913.26,3150,-1600
07/16/2018 10:15,SCH - HQ - NY,23324,1500,1500,-1000
07/16/2018 10:15,SCH - HQ_CEDARS,325274,120,120,-40
07/16/2018 10:15,SCH - HQ_IMPORT_EXPORT,325376,1200,1310,-9999
07/16/2018 10:15,SCH - NE - NY,23318,270.12,1400,-1600
07/16/2018 10:15,SCH - NPX_1385,325277,80,200,-200
07/16/2018 10:15,SCH - NPX_CSC,325154,330,330,-330
07/16/2018 10:15,SCH - OH - NY,23317,349.91,1250,-1750
07/16/2018 10:15,SCH - PJ - NY,23316,760.9,1800,-1100
07/16/2018 10:15,SCH - PJM_HTP,325905,370,660,-660
07/16/2018 10:15,SCH - PJM_NEPTUNE,325305,660,660,-660
07/16/2018 10:15,SCH - PJM_VFT,325658,200,315,-315
07/16/2018 10:15,SPR/DUN-SOUTH,23320,3191.49,4350,-9999
07/16/2018 10:15,TOTAL EAST,23314,3449,6800,-9999
07/16/2018 10:15,UPNY CONED,23315,3021.89,5700,-9999
07/16/2018 10:15,WEST CENTRAL,23312,323.35,9999,-9999
07/16/2018 10:20,CENTRAL EAST - VC,23330,1697.44,2455,-9999
07/16/2018 10:20,DYSINGER EAST,23326,1378.91,3150,-9999
07/16/2018 10:20,MOSES SOUTH,23319,1998.49,3150,-1600
07/16/2018 10:20,SCH - HQ - NY,23324,1500,1500,-1000
07/16/2018 10:20,SCH - HQ_CEDARS,325274,120,120,-40
07/16/2018 10:20,SCH - HQ_IMPORT_EXPORT,325376,1200,1310,-9999
07/16/2018 10:20,SCH - NE - NY,23318,316.09,1400,-1600
07/16/2018 10:20,SCH - NPX_1385,325277,80,200,-200
07/16/2018 10:20,SCH - NPX_CSC,325154,330,330,-330
07/16/2018 10:20,SCH - OH - NY,23317,349.85,1250,-1750
07/16/2018 10:20,SCH - PJ - NY,23316,761.9,1800,-1100
07/16/2018 10:20,SCH - PJM_HTP,325905,370,660,-660
07/16/2018 10:20,SCH - PJM_NEPTUNE,325305,660,660,-660
07/16/2018 10:20,SCH - PJM_VFT,325658,200,315,-315
07/16/2018 10:20,SPR/DUN-SOUTH,23320,3217.26,4350,-9999
07/16/2018 10:20,TOTAL EAST,23314,3392.45,6800,-9999
07/16/2018 10:20,UPNY CONED,23315,3058.92,5700,-9999
07/16/2018 10:20,WEST CENTRAL,23312,319.12,9999,-9999
07/16/2018 10:25,CENTRAL EAST - VC,23330,1666.88,2455,-9999
07/16/2018 10:25,DYSINGER EAST,23326,1338.38,3150,-9999
07/16/2018 10:25,MOSES SOUTH,23319,2069.5,3150,-1600
07/16/2018 10:25,SCH - HQ - NY,23324,1500,1500,-1000
07/16/2018 10:25,SCH - HQ_CEDARS,325274,120,120,-40
07/16/2018 10:25,SCH - HQ_IMPORT_EXPORT,325376,1200,1310,-9999
07/16/2018 10:25,SCH - NE - NY,23318,315.82,1400,-1600
07/16/2018 10:25,SCH - NPX_1385,325277,80,200,-200
07/16/2018 10:25,SCH - NPX_CSC,325154,330,330,-330
07/16/2018 10:25,SCH - OH - NY,23317,349.53,1250,-1750
07/16/2018 10:25,SCH - PJ - NY,23316,762.05,1800,-1100
07/16/2018 10:25,SCH - PJM_HTP,325905,370,660,-660
07/16/2018 10:25,SCH - PJM_NEPTUNE,325305,660,660,-660
07/16/2018 10:25,SCH - PJM_VFT,325658,200,315,-315
07/16/2018 10:25,SPR/DUN-SOUTH,23320,3226.44,4350,-9999
07/16/2018 10:25,TOTAL EAST,23314,3347.69,6800,-9999
07/16/2018 10:25,UPNY CONED,23315,3083.14,5700,-9999
07/16/2018 10:25,WEST CENTRAL,23312,274.14,9999,-9999
07/16/2018 10:30,CENTRAL EAST - VC,23330,1571.53,2455,-9999
07/16/2018 10:30,DYSINGER EAST,23326,1241.17,3150,-9999
07/16/2018 10:30,MOSES SOUTH,23319,2039.11,3150,-1600
07/16/2018 10:30,SCH - HQ - NY,23324,1500,1500,-1000
07/16/2018 10:30,SCH - HQ_CEDARS,325274,120,120,-40
07/16/2018 10:30,SCH - HQ_IMPORT_EXPORT,325376,1200,1310,-9999
07/16/2018 10:30,SCH - NE - NY,23318,346.82,1400,-1600
07/16/2018 10:30,SCH - NPX_1385,325277,80,200,-200
07/16/2018 10:30,SCH - NPX_CSC,325154,330,330,-330
07/16/2018 10:30,SCH - OH - NY,23317,348.11,1250,-1750
07/16/2018 10:30,SCH - PJ - NY,23316,762.49,1800,-1100
07/16/2018 10:30,SCH - PJM_HTP,325905,402,660,-660
07/16/2018 10:30,SCH - PJM_NEPTUNE,325305,660,660,-660
07/16/2018 10:30,SCH - PJM_VFT,325658,200,315,-315
07/16/2018 10:30,SPR/DUN-SOUTH,23320,3102.78,4350,-9999
07/16/2018 10:30,TOTAL EAST,23314,3142.79,6800,-9999
07/16/2018 10:30,UPNY CONED,23315,2922.48,5700,-9999
07/16/2018 10:30,WEST CENTRAL,23312,179.24,9999,-9999
07/16/2018 10:35,CENTRAL EAST - VC,23330,1473.04,2455,-9999
07/16/2018 10:35,DYSINGER EAST,23326,1104.98,3150,-9999
07/16/2018 10:35,MOSES SOUTH,23319,2036.26,3150,-1600
07/16/2018 10:35,SCH - HQ - NY,23324,1500,1500,-1000
07/16/2018 10:35,SCH - HQ_CEDARS,325274,120,120,-40
07/16/2018 10:35,SCH - HQ_IMPORT_EXPORT,325376,1200,1310,-9999
07/16/2018 10:35,SCH - NE - NY,23318,378.78,1400,-1600
07/16/2018 10:35,SCH - NPX_1385,325277,80,200,-200
07/16/2018 10:35,SCH - NPX_CSC,325154,330,330,-330
07/16/2018 10:35,SCH - OH - NY,23317,347.78,1250,-1750
07/16/2018 10:35,SCH - PJ - NY,23316,764.5,1800,-1100
07/16/2018 10:35,SCH - PJM_HTP,325905,435,660,-660
07/16/2018 10:35,SCH - PJM_NEPTUNE,325305,660,660,-660
07/16/2018 10:35,SCH - PJM_VFT,325658,200,315,-315
07/16/2018 10:35,SPR/DUN-SOUTH,23320,2963.66,4350,-9999
07/16/2018 10:35,TOTAL EAST,23314,3007.84,6800,-9999
07/16/2018 10:35,UPNY CONED,23315,2788.41,5700,-9999
07/16/2018 10:35,WEST CENTRAL,23312,44.81,9999,-9999
07/16/2018 10:40,CENTRAL EAST - VC,23330,1430.47,2455,-9999
07/16/2018 10:40,DYSINGER EAST,23326,1051.86,3150,-9999
07/16/2018 10:40,MOSES SOUTH,23319,2020.85,3150,-1600
07/16/2018 10:40,SCH - HQ - NY,23324,1500,1500,-1000
07/16/2018 10:40,SCH - HQ_CEDARS,325274,120,120,-40
07/16/2018 10:40,SCH - HQ_IMPORT_EXPORT,325376,1200,1310,-9999
07/16/2018 10:40,SCH - NE - NY,23318,378.77,1400,-1600
07/16/2018 10:40,SCH - NPX_1385,325277,80,200,-200
07/16/2018 10:40,SCH - NPX_CSC,325154,330,330,-330
07/16/2018 10:40,SCH - OH - NY,23317,349.24,1250,-1750
07/16/2018 10:40,SCH - PJ - NY,23316,762.44,1800,-1100
07/16/2018 10:40,SCH - PJM_HTP,325905,435,660,-660
07/16/2018 10:40,SCH - PJM_NEPTUNE,325305,660,660,-660
07/16/2018 10:40,SCH - PJM_VFT,325658,200,315,-315
07/16/2018 10:40,SPR/DUN-SOUTH,23320,2916.12,4350,-9999
07/16/2018 10:40,TOTAL EAST,23314,2884.07,6800,-9999
07/16/2018 10:40,UPNY CONED,23315,2678.68,5700,-9999
07/16/2018 10:40,WEST CENTRAL,23312,-21.49,9999,-9999
07/16/2018 10:45,CENTRAL EAST - VC,23330,1360.88,2455,-9999
07/16/2018 10:45,DYSINGER EAST,23326,987.95,3150,-9999
07/16/2018 10:45,MOSES SOUTH,23319,2005.79,3150,-1600
07/16/2018 10:45,SCH - HQ - NY,23324,1500,1500,-1000
07/16/2018 10:45,SCH - HQ_CEDARS,325274,120,120,-40
07/16/2018 10:45,SCH - HQ_IMPORT_EXPORT,325376,1200,1310,-9999
07/16/2018 10:45,SCH - NE - NY,23318,397.77,1400,-1600
07/16/2018 10:45,SCH - NPX_1385,325277,80,200,-200
07/16/2018 10:45,SCH - NPX_CSC,325154,330,330,-330
07/16/2018 10:45,SCH - OH - NY,23317,354.3,1250,-1750
07/16/2018 10:45,SCH - PJ - NY,23316,756.93,1800,-1100
07/16/2018 10:45,SCH - PJM_HTP,325905,447,660,-660
07/16/2018 10:45,SCH - PJM_NEPTUNE,325305,660,660,-660
07/16/2018 10:45,SCH - PJM_VFT,325658,200,315,-315
07/16/2018 10:45,SPR/DUN-SOUTH,23320,2926.31,4350,-9999
07/16/2018 10:45,TOTAL EAST,23314,2723.34,6800,-9999
07/16/2018 10:45,UPNY CONED,23315,2628.98,5700,-9999
07/16/2018 10:45,WEST CENTRAL,23312,-98.21,9999,-9999
07/16/2018 10:50,CENTRAL EAST - VC,23330,1252.85,2455,-9999
07/16/2018 10:50,DYSINGER EAST,23326,839.45,3150,-9999
07/16/2018 10:50,MOSES SOUTH,23319,1993.35,3150,-1600
07/16/2018 10:50,SCH - HQ - NY,23324,1500,1500,-1000
07/16/2018 10:50,SCH - HQ_CEDARS,325274,120,120,-40
07/16/2018 10:50,SCH - HQ_IMPORT_EXPORT,325376,1200,1310,-9999
07/16/2018 10:50,SCH - NE - NY,23318,416.74,1400,-1600
07/16/2018 10:50,SCH - NPX_1385,325277,80,200,-200
07/16/2018 10:50,SCH - NPX_CSC,325154,330,330,-330
07/16/2018 10:50,SCH - OH - NY,23317,350.18,1250,-1750
07/16/2018 10:50,SCH - PJ - NY,23316,762.72,1800,-1100
07/16/2018 10:50,SCH - PJM_HTP,325905,460,660,-660
07/16/2018 10:50,SCH - PJM_NEPTUNE,325305,660,660,-660
07/16/2018 10:50,SCH - PJM_VFT,325658,200,315,-315
07/16/2018 10:50,SPR/DUN-SOUTH,23320,2842.09,4350,-9999
07/16/2018 10:50,TOTAL EAST,23314,2588.96,6800,-9999
07/16/2018 10:50,UPNY CONED,23315,2550.75,5700,-9999
07/16/2018 10:50,WEST CENTRAL,23312,-260.81,9999,-9999
07/16/2018 10:55,CENTRAL EAST - VC,23330,1234.78,2455,-9999
07/16/2018 10:55,DYSINGER EAST,23326,812.36,3150,-9999
07/16/2018 10:55,MOSES SOUTH,23319,1961.02,3150,-1600
07/16/2018 10:55,SCH - HQ - NY,23324,1500,1500,-1000
07/16/2018 10:55,SCH - HQ_CEDARS,325274,120,120,-40
07/16/2018 10:55,SCH - HQ_IMPORT_EXPORT,325376,1200,1310,-9999
07/16/2018 10:55,SCH - NE - NY,23318,416.72,1400,-1600
07/16/2018 10:55,SCH - NPX_1385,325277,80,200,-200
07/16/2018 10:55,SCH - NPX_CSC,325154,330,330,-330
07/16/2018 10:55,SCH - OH - NY,23317,348.52,1250,-1750
07/16/2018 10:55,SCH - PJ - NY,23316,763.52,1800,-1100
07/16/2018 10:55,SCH - PJM_HTP,325905,460,660,-660
07/16/2018 10:55,SCH - PJM_NEPTUNE,325305,660,660,-660
07/16/2018 10:55,SCH - PJM_VFT,325658,200,315,-315
07/16/2018 10:55,SPR/DUN-SOUTH,23320,2815.09,4350,-9999
07/16/2018 10:55,TOTAL EAST,23314,2505.87,6800,-9999
07/16/2018 10:55,UPNY CONED,23315,2549.9,5700,-9999
07/16/2018 10:55,WEST CENTRAL,23312,-300.49,9999,-9999
07/16/2018 11:00,CENTRAL EAST - VC,23330,1345.32,2455,-9999
07/16/2018 11:00,DYSINGER EAST,23326,996.71,3150,-9999
07/16/2018 11:00,MOSES SOUTH,23319,1999.53,3150,-1600
07/16/2018 11:00,SCH - HQ - NY,23324,1500,1500,-1000
07/16/2018 11:00,SCH - HQ_CEDARS,325274,120,120,-40
07/16/2018 11:00,SCH - HQ_IMPORT_EXPORT,325376,1200,1310,-9999
07/16/2018 11:00,SCH - NE - NY,23318,477.69,1400,-1600
07/16/2018 11:00,SCH - NPX_1385,325277,62,200,-200
07/16/2018 11:00,SCH - NPX_CSC,325154,330,330,-330
07/16/2018 11:00,SCH - OH - NY,23317,323.81,1250,-1750
07/16/2018 11:00,SCH - PJ - NY,23316,758.29,1800,-1100
07/16/2018 11:00,SCH - PJM_HTP,325905,460,660,-660
07/16/2018 11:00,SCH - PJM_NEPTUNE,325305,660,660,-660
07/16/2018 11:00,SCH - PJM_VFT,325658,147,315,-315
07/16/2018 11:00,SPR/DUN-SOUTH,23320,3069.3,4350,-9999
07/16/2018 11:00,TOTAL EAST,23314,2593.12,6800,-9999
07/16/2018 11:00,UPNY CONED,23315,2756.13,5700,-9999
07/16/2018 11:00,WEST CENTRAL,23312,-113.29,9999,-9999
07/16/2018 11:05,CENTRAL EAST - VC,23330,1414.06,2455,-9999
07/16/2018 11:05,DYSINGER EAST,23326,1148.22,3150,-9999
07/16/2018 11:05,MOSES SOUTH,23319,2034.38,3150,-1600
07/16/2018 11:05,SCH - HQ - NY,23324,1500,1500,-1000
07/16/2018 11:05,SCH - HQ_CEDARS,325274,120,120,-40
07/16/2018 11:05,SCH - HQ_IMPORT_EXPORT,325376,1200,1310,-9999
07/16/2018 11:05,SCH - NE - NY,23318,538.62,1400,-1600
07/16/2018 11:05,SCH - NPX_1385,325277,44,200,-200
07/16/2018 11:05,SCH - NPX_CSC,325154,330,330,-330
07/16/2018 11:05,SCH - OH - NY,23317,300.59,1250,-1750
07/16/2018 11:05,SCH - PJ - NY,23316,753.67,1800,-1100
07/16/2018 11:05,SCH - PJM_HTP,325905,460,660,-660
07/16/2018 11:05,SCH - PJM_NEPTUNE,325305,660,660,-660
07/16/2018 11:05,SCH - PJM_VFT,325658,95,315,-315
07/16/2018 11:05,SPR/DUN-SOUTH,23320,3176.56,4350,-9999
07/16/2018 11:05,TOTAL EAST,23314,2729.31,6800,-9999
07/16/2018 11:05,UPNY CONED,23315,2932.07,5700,-9999
07/16/2018 11:05,WEST CENTRAL,23312,41.92,9999,-9999
07/16/2018 11:10,CENTRAL EAST - VC,23330,1376.52,2455,-9999
07/16/2018 11:10,DYSINGER EAST,23326,1036.82,3150,-9999
07/16/2018 11:10,MOSES SOUTH,23319,2071.14,3150,-1600
07/16/2018 11:10,SCH - HQ - NY,23324,1500,1500,-1000
07/16/2018 11:10,SCH - HQ_CEDARS,325274,120,120,-40
07/16/2018 11:10,SCH - HQ_IMPORT_EXPORT,325376,1200,1310,-9999
07/16/2018 11:10,SCH - NE - NY,23318,538.58,1400,-1600
07/16/2018 11:10,SCH - NPX_1385,325277,45,200,-200
07/16/2018 11:10,SCH - NPX_CSC,325154,330,330,-330
07/16/2018 11:10,SCH - OH - NY,23317,298.67,1250,-1750
07/16/2018 11:10,SCH - PJ - NY,23316,755.93,1800,-1100
07/16/2018 11:10,SCH - PJM_HTP,325905,460,660,-660
07/16/2018 11:10,SCH - PJM_NEPTUNE,325305,660,660,-660
07/16/2018 11:10,SCH - PJM_VFT,325658,95,315,-315
07/16/2018 11:10,SPR/DUN-SOUTH,23320,3124.09,4350,-9999
07/16/2018 11:10,TOTAL EAST,23314,2598.66,6800,-9999
07/16/2018 11:10,UPNY CONED,23315,2874.94,5700,-9999
07/16/2018 11:10,WEST CENTRAL,23312,-57.73,9999,-9999
07/16/2018 11:15,CENTRAL EAST - VC,23330,1256.17,2455,-9999
07/16/2018 11:15,DYSINGER EAST,23326,838.17,3150,-9999
07/16/2018 11:15,MOSES SOUTH,23319,2061.32,3150,-1600
07/16/2018 11:15,SCH - HQ - NY,23324,1500,1500,-1000
07/16/2018 11:15,SCH - HQ_CEDARS,325274,120,120,-40
07/16/2018 11:15,SCH - HQ_IMPORT_EXPORT,325376,1200,1310,-9999
07/16/2018 11:15,SCH - NE - NY,23318,537.61,1400,-1600
07/16/2018 11:15,SCH - NPX_1385,325277,45,200,-200
07/16/2018 11:15,SCH - NPX_CSC,325154,330,330,-330
07/16/2018 11:15,SCH - OH - NY,23317,299.53,1250,-1750
07/16/2018 11:15,SCH - PJ - NY,23316,756.18,1800,-1100
07/16/2018 11:15,SCH - PJM_HTP,325905,460,660,-660
07/16/2018 11:15,SCH - PJM_NEPTUNE,325305,660,660,-660
07/16/2018 11:15,SCH - PJM_VFT,325658,95,315,-315
07/16/2018 11:15,SPR/DUN-SOUTH,23320,3051.58,4350,-9999
07/16/2018 11:15,TOTAL EAST,23314,2466.77,6800,-9999
07/16/2018 11:15,UPNY CONED,23315,2682.1,5700,-9999
07/16/2018 11:15,WEST CENTRAL,23312,-259.03,9999,-9999
07/16/2018 11:20,CENTRAL EAST - VC,23330,1332.03,2455,-9999
07/16/2018 11:20,DYSINGER EAST,23326,937.99,3150,-9999
07/16/2018 11:20,MOSES SOUTH,23319,2089.97,3150,-1600
07/16/2018 11:20,SCH - HQ - NY,23324,1500,1500,-1000
07/16/2018 11:20,SCH - HQ_CEDARS,325274,120,120,-40
07/16/2018 11:20,SCH - HQ_IMPORT_EXPORT,325376,1200,1310,-9999
07/16/2018 11:20,SCH - NE - NY,23318,536.6,1400,-1600
07/16/2018 11:20,SCH - NPX_1385,325277,45,200,-200
07/16/2018 11:20,SCH - NPX_CSC,325154,330,330,-330
07/16/2018 11:20,SCH - OH - NY,23317,298.66,1250,-1750
07/16/2018 11:20,SCH - PJ - NY,23316,757.19,1800,-1100
07/16/2018 11:20,SCH - PJM_HTP,325905,460,660,-660
07/16/2018 11:20,SCH - PJM_NEPTUNE,325305,660,660,-660
07/16/2018 11:20,SCH - PJM_VFT,325658,95,315,-315
07/16/2018 11:20,SPR/DUN-SOUTH,23320,3084.97,4350,-9999
07/16/2018 11:20,TOTAL EAST,23314,2483.95,6800,-9999
07/16/2018 11:20,UPNY CONED,23315,2725.78,5700,-9999
07/16/2018 11:20,WEST CENTRAL,23312,-175.17,9999,-9999
07/16/2018 11:25,CENTRAL EAST - VC,23330,1431.32,2455,-9999
07/16/2018 11:25,DYSINGER EAST,23326,1189.55,3150,-9999
07/16/2018 11:25,MOSES SOUTH,23319,2025.3,3150,-1600
07/16/2018 11:25,SCH - HQ - NY,23324,1500,1500,-1000
07/16/2018 11:25,SCH - HQ_CEDARS,325274,120,120,-40
07/16/2018 11:25,SCH - HQ_IMPORT_EXPORT,325376,1200,1310,-9999
07/16/2018 11:25,SCH - NE - NY,23318,536.63,1400,-1600
07/16/2018 11:25,SCH - NPX_1385,325277,45,200,-200
07/16/2018 11:25,SCH - NPX_CSC,325154,330,330,-330
07/16/2018 11:25,SCH - OH - NY,23317,298.89,1250,-1750
07/16/2018 11:25,SCH - PJ - NY,23316,753.76,1800,-1100
07/16/2018 11:25,SCH - PJM_HTP,325905,460,660,-660
07/16/2018 11:25,SCH - PJM_NEPTUNE,325305,660,660,-660
07/16/2018 11:25,SCH - PJM_VFT,325658,95,315,-315
07/16/2018 11:25,SPR/DUN-SOUTH,23320,3190.7,4350,-9999
07/16/2018 11:25,TOTAL EAST,23314,2600.89,6800,-9999
07/16/2018 11:25,UPNY CONED,23315,2848.06,5700,-9999
07/16/2018 11:25,WEST CENTRAL,23312,43.46,9999,-9999
07/16/2018 11:30,CENTRAL EAST - VC,23330,1529.87,2455,-9999
07/16/2018 11:30,DYSINGER EAST,23326,1339.82,3150,-9999
07/16/2018 11:30,MOSES SOUTH,23319,2036.42,3150,-1600
07/16/2018 11:30,SCH - HQ - NY,23324,1500,1500,-1000
07/16/2018 11:30,SCH - HQ_CEDARS,325274,120,120,-40
07/16/2018 11:30,SCH - HQ_IMPORT_EXPORT,325376,1200,1310,-9999
07/16/2018 11:30,SCH - NE - NY,23318,474.72,1400,-1600
07/16/2018 11:30,SCH - NPX_1385,325277,45,200,-200
07/16/2018 11:30,SCH - NPX_CSC,325154,330,330,-330
07/16/2018 11:30,SCH - OH - NY,23317,298.87,1250,-1750
07/16/2018 11:30,SCH - PJ - NY,23316,755.91,1800,-1100
07/16/2018 11:30,SCH - PJM_HTP,325905,460,660,-660
07/16/2018 11:30,SCH - PJM_NEPTUNE,325305,660,660,-660
07/16/2018 11:30,SCH - PJM_VFT,325658,95,315,-315
07/16/2018 11:30,SPR/DUN-SOUTH,23320,3245.57,4350,-9999
07/16/2018 11:30,TOTAL EAST,23314,2726.24,6800,-9999
07/16/2018 11:30,UPNY CONED,23315,2915.03,5700,-9999
07/16/2018 11:30,WEST CENTRAL,23312,171.9,9999,-9999
07/16/2018 11:35,CENTRAL EAST - VC,23330,1555.89,2455,-9999
07/16/2018 11:35,DYSINGER EAST,23326,1242.56,3150,-9999
07/16/2018 11:35,MOSES SOUTH,23319,2110.52,3150,-1600
07/16/2018 11:35,SCH - HQ - NY,23324,1500,1500,-1000
07/16/2018 11:35,SCH - HQ_CEDARS,325274,120,120,-40
07/16/2018 11:35,SCH - HQ_IMPORT_EXPORT,325376,1200,1310,-9999
07/16/2018 11:35,SCH - NE - NY,23318,412.77,1400,-1600
07/16/2018 11:35,SCH - NPX_1385,325277,45,200,-200
07/16/2018 11:35,SCH - NPX_CSC,325154,330,330,-330
07/16/2018 11:35,SCH - OH - NY,23317,298.67,1250,-1750
07/16/2018 11:35,SCH - PJ - NY,23316,753.25,1800,-1100
07/16/2018 11:35,SCH - PJM_HTP,325905,460,660,-660
07/16/2018 11:35,SCH - PJM_NEPTUNE,325305,660,660,-660
07/16/2018 11:35,SCH - PJM_VFT,325658,95,315,-315
07/16/2018 11:35,SPR/DUN-SOUTH,23320,3147.56,4350,-9999
07/16/2018 11:35,TOTAL EAST,23314,2703.18,6800,-9999
07/16/2018 11:35,UPNY CONED,23315,2846.93,5700,-9999
07/16/2018 11:35,WEST CENTRAL,23312,81.27,9999,-9999
07/16/2018 11:40,CENTRAL EAST - VC,23330,1565.64,2455,-9999
07/16/2018 11:40,DYSINGER EAST,23326,1309.51,3150,-9999
07/16/2018 11:40,MOSES SOUTH,23319,2118.15,3150,-1600
07/16/2018 11:40,SCH - HQ - NY,23324,1500,1500,-1000
07/16/2018 11:40,SCH - HQ_CEDARS,325274,120,120,-40
07/16/2018 11:40,SCH - HQ_IMPORT_EXPORT,325376,1200,1310,-9999
07/16/2018 11:40,SCH - NE - NY,23318,412.79,1400,-1600
07/16/2018 11:40,SCH - NPX_1385,325277,45,200,-200
07/16/2018 11:40,SCH - NPX_CSC,325154,330,330,-330
07/16/2018 11:40,SCH - OH - NY,23317,301.57,600,-1750
07/16/2018 11:40,SCH - PJ - NY,23316,754.15,1800,-1100
07/16/2018 11:40,SCH - PJM_HTP,325905,460,660,-660
07/16/2018 11:40,SCH - PJM_NEPTUNE,325305,660,660,-660
07/16/2018 11:40,SCH - PJM_VFT,325658,95,315,-315
07/16/2018 11:40,SPR/DUN-SOUTH,23320,3171.14,4350,-9999
07/16/2018 11:40,TOTAL EAST,23314,2773.53,6800,-9999
07/16/2018 11:40,UPNY CONED,23315,2893.29,5700,-9999
07/16/2018 11:40,WEST CENTRAL,23312,136.51,9999,-9999
07/16/2018 11:45,CENTRAL EAST - VC,23330,1538.96,2455,-9999
07/16/2018 11:45,DYSINGER EAST,23326,1260.71,3150,-9999
07/16/2018 11:45,MOSES SOUTH,23319,2123.04,3150,-1600
07/16/2018 11:45,SCH - HQ - NY,23324,1500,1500,-1000
07/16/2018 11:45,SCH - HQ_CEDARS,325274,120,120,-40
07/16/2018 11:45,SCH - HQ_IMPORT_EXPORT,325376,1200,1310,-9999
07/16/2018 11:45,SCH - NE - NY,23318,384.78,1400,-1600
07/16/2018 11:45,SCH - NPX_1385,325277,45,200,-200
07/16/2018 11:45,SCH - NPX_CSC,325154,330,330,-330
07/16/2018 11:45,SCH - OH - NY,23317,298.21,600,-1750
07/16/2018 11:45,SCH - PJ - NY,23316,757.81,1800,-1100
07/16/2018 11:45,SCH - PJM_HTP,325905,460,660,-660
07/16/2018 11:45,SCH - PJM_NEPTUNE,325305,660,660,-660
07/16/2018 11:45,SCH - PJM_VFT,325658,95,315,-315
07/16/2018 11:45,SPR/DUN-SOUTH,23320,3192.15,4350,-9999
07/16/2018 11:45,TOTAL EAST,23314,2723.08,6800,-9999
07/16/2018 11:45,UPNY CONED,23315,2957.54,5700,-9999
07/16/2018 11:45,WEST CENTRAL,23312,80.98,9999,-9999
07/16/2018 11:50,CENTRAL EAST - VC,23330,1471.87,2455,-9999
07/16/2018 11:50,DYSINGER EAST,23326,1189.97,3150,-9999
07/16/2018 11:50,MOSES SOUTH,23319,2030.73,3150,-1600
07/16/2018 11:50,SCH - HQ - NY,23324,1500,1500,-1000
07/16/2018 11:50,SCH - HQ_CEDARS,325274,120,120,-40
07/16/2018 11:50,SCH - HQ_IMPORT_EXPORT,325376,1200,1310,-9999
07/16/2018 11:50,SCH - NE - NY,23318,356.78,1400,-1600
07/16/2018 11:50,SCH - NPX_1385,325277,45,200,-200
07/16/2018 11:50,SCH - NPX_CSC,325154,330,330,-330
07/16/2018 11:50,SCH - OH - NY,23317,300.8,600,-1750
07/16/2018 11:50,SCH - PJ - NY,23316,753.87,1800,-1100
07/16/2018 11:50,SCH - PJM_HTP,325905,460,660,-660
07/16/2018 11:50,SCH - PJM_NEPTUNE,325305,660,660,-660
07/16/2018 11:50,SCH - PJM_VFT,325658,95,315,-315
07/16/2018 11:50,SPR/DUN-SOUTH,23320,3122,4350,-9999
07/16/2018 11:50,TOTAL EAST,23314,2631.27,6800,-9999
07/16/2018 11:50,UPNY CONED,23315,2904.26,5700,-9999
07/16/2018 11:50,WEST CENTRAL,23312,10.41,9999,-9999
07/16/2018 11:55,CENTRAL EAST - VC,23330,1553.35,2455,-9999
07/16/2018 11:55,DYSINGER EAST,23326,1354.29,3150,-9999
07/16/2018 11:55,MOSES SOUTH,23319,2047.75,3150,-1600
07/16/2018 11:55,SCH - HQ - NY,23324,1500,1500,-1000
07/16/2018 11:55,SCH - HQ_CEDARS,325274,120,120,-40
07/16/2018 11:55,SCH - HQ_IMPORT_EXPORT,325376,1200,1310,-9999
07/16/2018 11:55,SCH - NE - NY,23318,356.78,1400,-1600
07/16/2018 11:55,SCH - NPX_1385,325277,45,200,-200
07/16/2018 11:55,SCH - NPX_CSC,325154,330,330,-330
07/16/2018 11:55,SCH - OH - NY,23317,301.34,600,-1750
07/16/2018 11:55,SCH - PJ - NY,23316,755.48,1800,-1100
07/16/2018 11:55,SCH - PJM_HTP,325905,460,660,-660
07/16/2018 11:55,SCH - PJM_NEPTUNE,325305,660,660,-660
07/16/2018 11:55,SCH - PJM_VFT,325658,95,315,-315
07/16/2018 11:55,SPR/DUN-SOUTH,23320,3148.84,4350,-9999
07/16/2018 11:55,TOTAL EAST,23314,2749.7,6800,-9999
07/16/2018 11:55,UPNY CONED,23315,2955.63,5700,-9999
07/16/2018 11:55,WEST CENTRAL,23312,153.97,9999,-9999
07/16/2018 12:00,CENTRAL EAST - VC,23330,1517.08,2455,-9999
07/16/2018 12:00,DYSINGER EAST,23326,1242.01,3150,-9999
07/16/2018 12:00,MOSES SOUTH,23319,2058.48,3150,-1600
07/16/2018 12:00,SCH - HQ - NY,23324,1500,1500,-1000
07/16/2018 12:00,SCH - HQ_CEDARS,325274,120,120,-40
07/16/2018 12:00,SCH - HQ_IMPORT_EXPORT,325376,1200,1310,-9999
07/16/2018 12:00,SCH - NE - NY,23318,298.76,1400,-1600
07/16/2018 12:00,SCH - NPX_1385,325277,9,200,-200
07/16/2018 12:00,SCH - NPX_CSC,325154,330,330,-330
07/16/2018 12:00,SCH - OH - NY,23317,298.77,600,-1750
07/16/2018 12:00,SCH - PJ - NY,23316,1004.58,1800,-1100
07/16/2018 12:00,SCH - PJM_HTP,325905,395,660,-660
07/16/2018 12:00,SCH - PJM_NEPTUNE,325305,660,660,-660
07/16/2018 12:00,SCH - PJM_VFT,325658,58,315,-315
07/16/2018 12:00,SPR/DUN-SOUTH,23320,3162.09,4350,-9999
07/16/2018 12:00,TOTAL EAST,23314,2843.19,6800,-9999
07/16/2018 12:00,UPNY CONED,23315,3033.71,5700,-9999
07/16/2018 12:00,WEST CENTRAL,23312,46.68,9999,-9999
07/16/2018 12:05,CENTRAL EAST - VC,23330,1638.76,2455,-9999
07/16/2018 12:05,DYSINGER EAST,23326,1436.35,3150,-9999
07/16/2018 12:05,MOSES SOUTH,23319,2074.71,3150,-1600
07/16/2018 12:05,SCH - HQ - NY,23324,1500,1500,-1000
07/16/2018 12:05,SCH - HQ_CEDARS,325274,120,120,-40
07/16/2018 12:05,SCH - HQ_IMPORT_EXPORT,325376,1200,1310,-9999
07/16/2018 12:05,SCH - NE - NY,23318,241.77,1400,-1600
07/16/2018 12:05,SCH - NPX_1385,325277,-26,200,-200
07/16/2018 12:05,SCH - NPX_CSC,325154,330,330,-330
07/16/2018 12:05,SCH - OH - NY,23317,298.76,600,-1750
07/16/2018 12:05,SCH - PJ - NY,23316,1255.28,1800,-1100
07/16/2018 12:05,SCH - PJM_HTP,325905,330,660,-660
07/16/2018 12:05,SCH - PJM_NEPTUNE,325305,660,660,-660
07/16/2018 12:05,SCH - PJM_VFT,325658,21,315,-315
07/16/2018 12:05,SPR/DUN-SOUTH,23320,3267.97,4350,-9999
07/16/2018 12:05,TOTAL EAST,23314,3158.62,6800,-9999
07/16/2018 12:05,UPNY CONED,23315,3194.44,5700,-9999
07/16/2018 12:05,WEST CENTRAL,23312,239.78,9999,-9999
07/16/2018 12:10,CENTRAL EAST - VC,23330,1689.01,2455,-9999
07/16/2018 12:10,DYSINGER EAST,23326,1550.66,3150,-9999
07/16/2018 12:10,MOSES SOUTH,23319,2032.18,3150,-1600
07/16/2018 12:10,SCH - HQ - NY,23324,1500,1500,-1000
07/16/2018 12:10,SCH - HQ_CEDARS,325274,120,120,-40
07/16/2018 12:10,SCH - HQ_IMPORT_EXPORT,325376,1200,1310,-9999
07/16/2018 12:10,SCH - NE - NY,23318,241.99,1400,-1600
07/16/2018 12:10,SCH - NPX_1385,325277,-26,200,-200
07/16/2018 12:10,SCH - NPX_CSC,325154,330,330,-330
07/16/2018 12:10,SCH - OH - NY,23317,298.92,600,-1750
07/16/2018 12:10,SCH - PJ - NY,23316,1256.25,1800,-1100
07/16/2018 12:10,SCH - PJM_HTP,325905,330,660,-660
07/16/2018 12:10,SCH - PJM_NEPTUNE,325305,660,660,-660
07/16/2018 12:10,SCH - PJM_VFT,325658,21,315,-315
07/16/2018 12:10,SPR/DUN-SOUTH,23320,3302.31,4350,-9999
07/16/2018 12:10,TOTAL EAST,23314,3248.88,6800,-9999
07/16/2018 12:10,UPNY CONED,23315,3255.8,5700,-9999
07/16/2018 12:10,WEST CENTRAL,23312,341,9999,-9999
07/16/2018 12:15,CENTRAL EAST - VC,23330,1690.13,2455,-9999
07/16/2018 12:15,DYSINGER EAST,23326,1496.35,3150,-9999
07/16/2018 12:15,MOSES SOUTH,23319,2115.93,3150,-1600
07/16/2018 12:15,SCH - HQ - NY,23324,1500,1500,-1000
07/16/2018 12:15,SCH - HQ_CEDARS,325274,120,120,-40
07/16/2018 12:15,SCH - HQ_IMPORT_EXPORT,325376,1200,1310,-9999
07/16/2018 12:15,SCH - NE - NY,23318,144.85,1400,-1600
07/16/2018 12:15,SCH - NPX_1385,325277,-26,200,-200
07/16/2018 12:15,SCH - NPX_CSC,325154,330,330,-330
07/16/2018 12:15,SCH - OH - NY,23317,298.5,600,-1750
07/16/2018 12:15,SCH - PJ - NY,23316,1377.61,1800,-1100
07/16/2018 12:15,SCH - PJM_HTP,325905,330,660,-660
07/16/2018 12:15,SCH - PJM_NEPTUNE,325305,660,660,-660
07/16/2018 12:15,SCH - PJM_VFT,325658,30,315,-315
07/16/2018 12:15,SPR/DUN-SOUTH,23320,3308.5,4350,-9999
07/16/2018 12:15,TOTAL EAST,23314,3325.6,6800,-9999
07/16/2018 12:15,UPNY CONED,23315,3298.22,5700,-9999
07/16/2018 12:15,WEST CENTRAL,23312,283.66,9999,-9999
07/16/2018 12:20,CENTRAL EAST - VC,23330,1732.55,2455,-9999
07/16/2018 12:20,DYSINGER EAST,23326,1607.97,3150,-9999
07/16/2018 12:20,MOSES SOUTH,23319,1977.89,3150,-1600
07/16/2018 12:20,SCH - HQ - NY,23324,1500,1500,-1000
07/16/2018 12:20,SCH - HQ_CEDARS,325274,120,120,-40
07/16/2018 12:20,SCH - HQ_IMPORT_EXPORT,325376,1200,1310,-9999
07/16/2018 12:20,SCH - NE - NY,23318,48.21,1400,-1600
07/16/2018 12:20,SCH - NPX_1385,325277,-26,200,-200
07/16/2018 12:20,SCH - NPX_CSC,325154,330,330,-330
07/16/2018 12:20,SCH - OH - NY,23317,299.06,600,-1750
07/16/2018 12:20,SCH - PJ - NY,23316,1497.51,1800,-1100
07/16/2018 12:20,SCH - PJM_HTP,325905,330,660,-660
07/16/2018 12:20,SCH - PJM_NEPTUNE,325305,660,660,-660
07/16/2018 12:20,SCH - PJM_VFT,325658,40,315,-315
07/16/2018 12:20,SPR/DUN-SOUTH,23320,3325.46,4350,-9999
07/16/2018 12:20,TOTAL EAST,23314,3462.01,6800,-9999
07/16/2018 12:20,UPNY CONED,23315,3345.03,5700,-9999
07/16/2018 12:20,WEST CENTRAL,23312,393.03,9999,-9999
07/16/2018 12:25,CENTRAL EAST - VC,23330,1681.39,2455,-9999
07/16/2018 12:25,DYSINGER EAST,23326,1558.29,3150,-9999
07/16/2018 12:25,MOSES SOUTH,23319,1930.18,3150,-1600
07/16/2018 12:25,SCH - HQ - NY,23324,1500,1500,-1000
07/16/2018 12:25,SCH - HQ_CEDARS,325274,120,120,-40
07/16/2018 12:25,SCH - HQ_IMPORT_EXPORT,325376,1200,1310,-9999
07/16/2018 12:25,SCH - NE - NY,23318,48.2,1400,-1600
07/16/2018 12:25,SCH - NPX_1385,325277,-26,200,-200
07/16/2018 12:25,SCH - NPX_CSC,325154,330,330,-330
07/16/2018 12:25,SCH - OH - NY,23317,299.02,600,-1750
07/16/2018 12:25,SCH - PJ - NY,23316,1499.84,1800,-1100
07/16/2018 12:25,SCH - PJM_HTP,325905,330,660,-660
07/16/2018 12:25,SCH - PJM_NEPTUNE,325305,660,660,-660
07/16/2018 12:25,SCH - PJM_VFT,325658,40,315,-315
07/16/2018 12:25,SPR/DUN-SOUTH,23320,3266.65,4350,-9999
07/16/2018 12:25,TOTAL EAST,23314,3456.92,6800,-9999
07/16/2018 12:25,UPNY CONED,23315,3328.87,5700,-9999
07/16/2018 12:25,WEST CENTRAL,23312,331.03,9999,-9999
07/16/2018 12:30,CENTRAL EAST - VC,23330,1658.43,2455,-9999
07/16/2018 12:30,DYSINGER EAST,23326,1502.65,3150,-9999
07/16/2018 12:30,MOSES SOUTH,23319,1924.23,3150,-1600
07/16/2018 12:30,SCH - HQ - NY,23324,1500,1500,-1000
07/16/2018 12:30,SCH - HQ_CEDARS,325274,120,120,-40
07/16/2018 12:30,SCH - HQ_IMPORT_EXPORT,325376,1200,1310,-9999
07/16/2018 12:30,SCH - NE - NY,23318,72.14,1400,-1600
07/16/2018 12:30,SCH - NPX_1385,325277,-26,200,-200
07/16/2018 12:30,SCH - NPX_CSC,325154,330,330,-330
07/16/2018 12:30,SCH - OH - NY,23317,298.74,600,-1750
07/16/2018 12:30,SCH - PJ - NY,23316,1501.78,1800,-1100
07/16/2018 12:30,SCH - PJM_HTP,325905,332,660,-660
07/16/2018 12:30,SCH - PJM_NEPTUNE,325305,660,660,-660
07/16/2018 12:30,SCH - PJM_VFT,325658,19,315,-315
07/16/2018 12:30,SPR/DUN-SOUTH,23320,3296.57,4350,-9999
07/16/2018 12:30,TOTAL EAST,23314,3452.34,6800,-9999
07/16/2018 12:30,UPNY CONED,23315,3367.87,5700,-9999
07/16/2018 12:30,WEST CENTRAL,23312,268.09,9999,-9999
07/16/2018 12:35,CENTRAL EAST - VC,23330,1618.02,2455,-9999
07/16/2018 12:35,DYSINGER EAST,23326,1431.24,3150,-9999
07/16/2018 12:35,MOSES SOUTH,23319,1927.94,3150,-1600
07/16/2018 12:35,SCH - HQ - NY,23324,1500,1500,-1000
07/16/2018 12:35,SCH - HQ_CEDARS,325274,120,120,-40
07/16/2018 12:35,SCH - HQ_IMPORT_EXPORT,325376,1200,1310,-9999
07/16/2018 12:35,SCH - NE - NY,23318,97.09,1400,-1600
07/16/2018 12:35,SCH - NPX_1385,325277,-26,200,-200
07/16/2018 12:35,SCH - NPX_CSC,325154,330,330,-330
07/16/2018 12:35,SCH - OH - NY,23317,298.93,600,-1750
07/16/2018 12:35,SCH - PJ - NY,23316,1497.08,1800,-1100
07/16/2018 12:35,SCH - PJM_HTP,325905,334,660,-660
07/16/2018 12:35,SCH - PJM_NEPTUNE,325305,660,660,-660
07/16/2018 12:35,SCH - PJM_VFT,325658,0,315,-315
07/16/2018 12:35,SPR/DUN-SOUTH,23320,3288.09,4350,-9999
07/16/2018 12:35,TOTAL EAST,23314,3449.61,6800,-9999
07/16/2018 12:35,UPNY CONED,23315,3383.28,5700,-9999
07/16/2018 12:35,WEST CENTRAL,23312,186.57,9999,-9999
07/16/2018 12:40,CENTRAL EAST - VC,23330,1598.9,2455,-9999
07/16/2018 12:40,DYSINGER EAST,23326,1434.98,3150,-9999
07/16/2018 12:40,MOSES SOUTH,23319,1917.31,3150,-1600
07/16/2018 12:40,SCH - HQ - NY,23324,1500,1500,-1000
07/16/2018 12:40,SCH - HQ_CEDARS,325274,120,120,-40
07/16/2018 12:40,SCH - HQ_IMPORT_EXPORT,325376,1200,1310,-9999
07/16/2018 12:40,SCH - NE - NY,23318,97.08,1400,-1600
07/16/2018 12:40,SCH - NPX_1385,325277,-26,200,-200
07/16/2018 12:40,SCH - NPX_CSC,325154,330,330,-330
07/16/2018 12:40,SCH - OH - NY,23317,295.73,600,-1750
07/16/2018 12:40,SCH - PJ - NY,23316,1504.87,1800,-1100
07/16/2018 12:40,SCH - PJM_HTP,325905,334,660,-660
07/16/2018 12:40,SCH - PJM_NEPTUNE,325305,660,660,-660
07/16/2018 12:40,SCH - PJM_VFT,325658,0,315,-315
07/16/2018 12:40,SPR/DUN-SOUTH,23320,3271.28,4350,-9999
07/16/2018 12:40,TOTAL EAST,23314,3452.48,6800,-9999
07/16/2018 12:40,UPNY CONED,23315,3381.86,5700,-9999
07/16/2018 12:40,WEST CENTRAL,23312,188.89,9999,-9999
07/16/2018 12:45,CENTRAL EAST - VC,23330,1570.11,2455,-9999
07/16/2018 12:45,DYSINGER EAST,23326,1376.75,3150,-9999
07/16/2018 12:45,MOSES SOUTH,23319,1972.82,3150,-1600
07/16/2018 12:45,SCH - HQ - NY,23324,1500,1500,-1000
07/16/2018 12:45,SCH - HQ_CEDARS,325274,120,120,-40
07/16/2018 12:45,SCH - HQ_IMPORT_EXPORT,325376,1200,1310,-9999
07/16/2018 12:45,SCH - NE - NY,23318,139.07,1400,-1600
07/16/2018 12:45,SCH - NPX_1385,325277,-26,200,-200
07/16/2018 12:45,SCH - NPX_CSC,325154,330,330,-330
07/16/2018 12:45,SCH - OH - NY,23317,298.9,600,-1750
07/16/2018 12:45,SCH - PJ - NY,23316,1499.69,1800,-1100
07/16/2018 12:45,SCH - PJM_HTP,325905,364,660,-660
07/16/2018 12:45,SCH - PJM_NEPTUNE,325305,660,660,-660
07/16/2018 12:45,SCH - PJM_VFT,325658,0,315,-315
07/16/2018 12:45,SPR/DUN-SOUTH,23320,3269.36,4350,-9999
07/16/2018 12:45,TOTAL EAST,23314,3414.38,6800,-9999
07/16/2018 12:45,UPNY CONED,23315,3404.72,5700,-9999
07/16/2018 12:45,WEST CENTRAL,23312,118.99,9999,-9999
07/16/2018 12:50,CENTRAL EAST - VC,23330,1515.74,2455,-9999
07/16/2018 12:50,DYSINGER EAST,23326,1305.08,3150,-9999
07/16/2018 12:50,MOSES SOUTH,23319,1978.53,3150,-1600
07/16/2018 12:50,SCH - HQ - NY,23324,1500,1500,-1000
07/16/2018 12:50,SCH - HQ_CEDARS,325274,120,120,-40
07/16/2018 12:50,SCH - HQ_IMPORT_EXPORT,325376,1200,1310,-9999
07/16/2018 12:50,SCH - NE - NY,23318,182.01,1400,-1600
07/16/2018 12:50,SCH - NPX_1385,325277,-26,200,-200
07/16/2018 12:50,SCH - NPX_CSC,325154,330,330,-330
07/16/2018 12:50,SCH - OH - NY,23317,298.89,600,-1750
07/16/2018 12:50,SCH - PJ - NY,23316,1500.64,1800,-1100
07/16/2018 12:50,SCH - PJM_HTP,325905,395,660,-660
07/16/2018 12:50,SCH - PJM_NEPTUNE,325305,660,660,-660
07/16/2018 12:50,SCH - PJM_VFT,325658,0,315,-315
07/16/2018 12:50,SPR/DUN-SOUTH,23320,3256.36,4350,-9999
07/16/2018 12:50,TOTAL EAST,23314,3371.96,6800,-9999
07/16/2018 12:50,UPNY CONED,23315,3410.19,5700,-9999
07/16/2018 12:50,WEST CENTRAL,23312,36.61,9999,-9999
07/16/2018 12:55,CENTRAL EAST - VC,23330,1542.48,2455,-9999
07/16/2018 12:55,DYSINGER EAST,23326,1360.94,3150,-9999
07/16/2018 12:55,MOSES SOUTH,23319,2000.68,3150,-1600
07/16/2018 12:55,SCH - HQ - NY,23324,1500,1500,-1000
07/16/2018 12:55,SCH - HQ_CEDARS,325274,120,120,-40
07/16/2018 12:55,SCH - HQ_IMPORT_EXPORT,325376,1200,1310,-9999
07/16/2018 12:55,SCH - NE - NY,23318,181.99,1400,-1600
07/16/2018 12:55,SCH - NPX_1385,325277,-26,200,-200
07/16/2018 12:55,SCH - NPX_CSC,325154,330,330,-330
07/16/2018 12:55,SCH - OH - NY,23317,298.87,600,-1750
07/16/2018 12:55,SCH - PJ - NY,23316,1502.4,1800,-1100
07/16/2018 12:55,SCH - PJM_HTP,325905,395,660,-660
07/16/2018 12:55,SCH - PJM_NEPTUNE,325305,660,660,-660
07/16/2018 12:55,SCH - PJM_VFT,325658,0,315,-315
07/16/2018 12:55,SPR/DUN-SOUTH,23320,3266.26,4350,-9999
07/16/2018 12:55,TOTAL EAST,23314,3369.76,6800,-9999
07/16/2018 12:55,UPNY CONED,23315,3434.43,5700,-9999
07/16/2018 12:55,WEST CENTRAL,23312,85.79,9999,-9999
07/16/2018 13:00,CENTRAL EAST - VC,23330,1544.05,2455,-9999
07/16/2018 13:00,DYSINGER EAST,23326,1402.41,3150,-9999
07/16/2018 13:00,MOSES SOUTH,23319,1955.69,3150,-1600
07/16/2018 13:00,SCH - HQ - NY,23324,1500,1500,-1000
07/16/2018 13:00,SCH - HQ_CEDARS,325274,120,120,-40
07/16/2018 13:00,SCH - HQ_IMPORT_EXPORT,325376,1200,1310,-9999
07/16/2018 13:00,SCH - NE - NY,23318,203.01,1400,-1600
07/16/2018 13:00,SCH - NPX_1385,325277,0,200,-200
07/16/2018 13:00,SCH - NPX_CSC,325154,330,330,-330
07/16/2018 13:00,SCH - OH - NY,23317,267.72,600,-1750
07/16/2018 13:00,SCH - PJ - NY,23316,1501.86,1800,-1100
07/16/2018 13:00,SCH - PJM_HTP,325905,415,660,-660
07/16/2018 13:00,SCH - PJM_NEPTUNE,325305,660,660,-660
07/16/2018 13:00,SCH - PJM_VFT,325658,0,315,-315
07/16/2018 13:00,SPR/DUN-SOUTH,23320,3216.08,4350,-9999
07/16/2018 13:00,TOTAL EAST,23314,3311.94,6800,-9999
07/16/2018 13:00,UPNY CONED,23315,3362.43,5700,-9999
07/16/2018 13:00,WEST CENTRAL,23312,118.63,9999,-9999
07/16/2018 13:05,CENTRAL EAST - VC,23330,1473.52,2455,-9999
07/16/2018 13:05,DYSINGER EAST,23326,1268.39,3150,-9999
07/16/2018 13:05,MOSES SOUTH,23319,2007.18,3150,-1600
07/16/2018 13:05,SCH - HQ - NY,23324,1500,1500,-1000
07/16/2018 13:05,SCH - HQ_CEDARS,325274,120,120,-40
07/16/2018 13:05,SCH - HQ_IMPORT_EXPORT,325376,1200,1310,-9999
07/16/2018 13:05,SCH - NE - NY,23318,224.77,1400,-1600
07/16/2018 13:05,SCH - NPX_1385,325277,26,200,-200
07/16/2018 13:05,SCH - NPX_CSC,325154,330,330,-330
07/16/2018 13:05,SCH - OH - NY,23317,236.73,600,-1750
07/16/2018 13:05,SCH - PJ - NY,23316,1500.46,1800,-1100
07/16/2018 13:05,SCH - PJM_HTP,325905,436,660,-660
07/16/2018 13:05,SCH - PJM_NEPTUNE,325305,660,660,-660
07/16/2018 13:05,SCH - PJM_VFT,325658,0,315,-315
07/16/2018 13:05,SPR/DUN-SOUTH,23320,3210.9,4350,-9999
07/16/2018 13:05,TOTAL EAST,23314,3156.18,6800,-9999
07/16/2018 13:05,UPNY CONED,23315,3346.9,5700,-9999
07/16/2018 13:05,WEST CENTRAL,23312,-14.48,9999,-9999
07/16/2018 13:10,CENTRAL EAST - VC,23330,1461.1,2455,-9999
07/16/2018 13:10,DYSINGER EAST,23326,1243.38,3150,-9999
07/16/2018 13:10,MOSES SOUTH,23319,2015.41,3150,-1600
07/16/2018 13:10,SCH - HQ - NY,23324,1500,1500,-1000
07/16/2018 13:10,SCH - HQ_CEDARS,325274,120,120,-40
07/16/2018 13:10,SCH - HQ_IMPORT_EXPORT,325376,1200,1310,-9999
07/16/2018 13:10,SCH - NE - NY,23318,224.76,1400,-1600
07/16/2018 13:10,SCH - NPX_1385,325277,26,200,-200
07/16/2018 13:10,SCH - NPX_CSC,325154,330,330,-330
07/16/2018 13:10,SCH - OH - NY,23317,236.74,600,-1750
07/16/2018 13:10,SCH - PJ - NY,23316,1498.69,1800,-1100
07/16/2018 13:10,SCH - PJM_HTP,325905,436,660,-660
07/16/2018 13:10,SCH - PJM_NEPTUNE,325305,660,660,-660
07/16/2018 13:10,SCH - PJM_VFT,325658,0,315,-315
07/16/2018 13:10,SPR/DUN-SOUTH,23320,3219.43,4350,-9999
07/16/2018 13:10,TOTAL EAST,23314,3062.52,6800,-9999
07/16/2018 13:10,UPNY CONED,23315,3393.75,5700,-9999
07/16/2018 13:10,WEST CENTRAL,23312,-45.5,9999,-9999
07/16/2018 13:15,CENTRAL EAST - VC,23330,1510.54,2455,-9999
07/16/2018 13:15,DYSINGER EAST,23326,1452.45,3150,-9999
07/16/2018 13:15,MOSES SOUTH,23319,1937.63,3150,-1600
07/16/2018 13:15,SCH - HQ - NY,23324,1500,1500,-1000
07/16/2018 13:15,SCH - HQ_CEDARS,325274,120,120,-40
07/16/2018 13:15,SCH - HQ_IMPORT_EXPORT,325376,1200,1310,-9999
07/16/2018 13:15,SCH - NE - NY,23318,273.99,1400,-1600
07/16/2018 13:15,SCH - NPX_1385,325277,26,200,-200
07/16/2018 13:15,SCH - NPX_CSC,325154,330,330,-330
07/16/2018 13:15,SCH - OH - NY,23317,236.97,600,-1750
07/16/2018 13:15,SCH - PJ - NY,23316,1501.19,1800,-1100
07/16/2018 13:15,SCH - PJM_HTP,325905,448,660,-660
07/16/2018 13:15,SCH - PJM_NEPTUNE,325305,660,660,-660
07/16/2018 13:15,SCH - PJM_VFT,325658,-48,315,-315
07/16/2018 13:15,SPR/DUN-SOUTH,23320,3114.34,4350,-9999
07/16/2018 13:15,TOTAL EAST,23314,3139.73,6800,-9999
07/16/2018 13:15,UPNY CONED,23315,3278.13,5700,-9999
07/16/2018 13:15,WEST CENTRAL,23312,140.07,9999,-9999
07/16/2018 13:20,CENTRAL EAST - VC,23330,1498.15,2455,-9999
07/16/2018 13:20,DYSINGER EAST,23326,1367.15,3150,-9999
07/16/2018 13:20,MOSES SOUTH,23319,1996.41,3150,-1600
07/16/2018 13:20,SCH - HQ - NY,23324,1500,1500,-1000
07/16/2018 13:20,SCH - HQ_CEDARS,325274,120,120,-40
07/16/2018 13:20,SCH - HQ_IMPORT_EXPORT,325376,1200,1310,-9999
07/16/2018 13:20,SCH - NE - NY,23318,322.83,1400,-1600
07/16/2018 13:20,SCH - NPX_1385,325277,26,200,-200
07/16/2018 13:20,SCH - NPX_CSC,325154,330,330,-330
07/16/2018 13:20,SCH - OH - NY,23317,236.94,600,-1750
07/16/2018 13:20,SCH - PJ - NY,23316,1500.81,1800,-1100
07/16/2018 13:20,SCH - PJM_HTP,325905,460,660,-660
07/16/2018 13:20,SCH - PJM_NEPTUNE,325305,660,660,-660
07/16/2018 13:20,SCH - PJM_VFT,325658,-97,315,-315
07/16/2018 13:20,SPR/DUN-SOUTH,23320,3126.68,4350,-9999
07/16/2018 13:20,TOTAL EAST,23314,3090.31,6800,-9999
07/16/2018 13:20,UPNY CONED,23315,3312.06,5700,-9999
07/16/2018 13:20,WEST CENTRAL,23312,57.04,9999,-9999
07/16/2018 13:25,CENTRAL EAST - VC,23330,1496.97,2455,-9999
07/16/2018 13:25,DYSINGER EAST,23326,1359.64,3150,-9999
07/16/2018 13:25,MOSES SOUTH,23319,1997.88,3150,-1600
07/16/2018 13:25,SCH - HQ - NY,23324,1500,1500,-1000
07/16/2018 13:25,SCH - HQ_CEDARS,325274,120,120,-40
07/16/2018 13:25,SCH - HQ_IMPORT_EXPORT,325376,1200,1310,-9999
07/16/2018 13:25,SCH - NE - NY,23318,322.73,1400,-1600
07/16/2018 13:25,SCH - NPX_1385,325277,26,200,-200
07/16/2018 13:25,SCH - NPX_CSC,325154,330,330,-330
07/16/2018 13:25,SCH - OH - NY,23317,236.93,600,-1750
07/16/2018 13:25,SCH - PJ - NY,23316,1496.33,1800,-1100
07/16/2018 13:25,SCH - PJM_HTP,325905,460,660,-660
07/16/2018 13:25,SCH - PJM_NEPTUNE,325305,660,660,-660
07/16/2018 13:25,SCH - PJM_VFT,325658,-98,315,-315
07/16/2018 13:25,SPR/DUN-SOUTH,23320,3145.2,4350,-9999
07/16/2018 13:25,TOTAL EAST,23314,3106.13,6800,-9999
07/16/2018 13:25,UPNY CONED,23315,3338.61,5700,-9999
07/16/2018 13:25,WEST CENTRAL,23312,49.64,9999,-9999
07/16/2018 13:30,CENTRAL EAST - VC,23330,1518.92,2455,-9999
07/16/2018 13:30,DYSINGER EAST,23326,1467.3,3150,-9999
07/16/2018 13:30,MOSES SOUTH,23319,1959.05,3150,-1600
07/16/2018 13:30,SCH - HQ - NY,23324,1500,1500,-1000
07/16/2018 13:30,SCH - HQ_CEDARS,325274,120,120,-40
07/16/2018 13:30,SCH - HQ_IMPORT_EXPORT,325376,1200,1310,-9999
07/16/2018 13:30,SCH - NE - NY,23318,348.7,1400,-1600
07/16/2018 13:30,SCH - NPX_1385,325277,26,200,-200
07/16/2018 13:30,SCH - NPX_CSC,325154,330,330,-330
07/16/2018 13:30,SCH - OH - NY,23317,236.98,600,-1750
07/16/2018 13:30,SCH - PJ - NY,23316,1501.43,1800,-1100
07/16/2018 13:30,SCH - PJM_HTP,325905,460,660,-660
07/16/2018 13:30,SCH - PJM_NEPTUNE,325305,660,660,-660
07/16/2018 13:30,SCH - PJM_VFT,325658,-49,315,-315
07/16/2018 13:30,SPR/DUN-SOUTH,23320,3162.05,4350,-9999
07/16/2018 13:30,TOTAL EAST,23314,3103.75,6800,-9999
07/16/2018 13:30,UPNY CONED,23315,3365.85,5700,-9999
07/16/2018 13:30,WEST CENTRAL,23312,141.09,9999,-9999
07/16/2018 13:35,CENTRAL EAST - VC,23330,1533.05,2455,-9999
07/16/2018 13:35,DYSINGER EAST,23326,1489.24,3150,-9999
07/16/2018 13:35,MOSES SOUTH,23319,1993.9,3150,-1600
07/16/2018 13:35,SCH - HQ - NY,23324,1500,1500,-1000
07/16/2018 13:35,SCH - HQ_CEDARS,325274,120,120,-40
07/16/2018 13:35,SCH - HQ_IMPORT_EXPORT,325376,1200,1310,-9999
07/16/2018 13:35,SCH - NE - NY,23318,375.69,1400,-1600
07/16/2018 13:35,SCH - NPX_1385,325277,26,200,-200
07/16/2018 13:35,SCH - NPX_CSC,325154,330,330,-330
07/16/2018 13:35,SCH - OH - NY,23317,237.06,600,-1750
07/16/2018 13:35,SCH - PJ - NY,23316,1499.86,1800,-1100
07/16/2018 13:35,SCH - PJM_HTP,325905,460,660,-660
07/16/2018 13:35,SCH - PJM_NEPTUNE,325305,660,660,-660
07/16/2018 13:35,SCH - PJM_VFT,325658,0,315,-315
07/16/2018 13:35,SPR/DUN-SOUTH,23320,3169.09,4350,-9999
07/16/2018 13:35,TOTAL EAST,23314,3063.87,6800,-9999
07/16/2018 13:35,UPNY CONED,23315,3375.71,5700,-9999
07/16/2018 13:35,WEST CENTRAL,23312,148.63,9999,-9999
07/16/2018 13:40,CENTRAL EAST - VC,23330,1508.74,2455,-9999
07/16/2018 13:40,DYSINGER EAST,23326,1389.28,3150,-9999
07/16/2018 13:40,MOSES SOUTH,23319,2020.86,3150,-1600
07/16/2018 13:40,SCH - HQ - NY,23324,1500,1500,-1000
07/16/2018 13:40,SCH - HQ_CEDARS,325274,120,120,-40
07/16/2018 13:40,SCH - HQ_IMPORT_EXPORT,325376,1200,1310,-9999
07/16/2018 13:40,SCH - NE - NY,23318,375.64,1400,-1600
07/16/2018 13:40,SCH - NPX_1385,325277,26,200,-200
07/16/2018 13:40,SCH - NPX_CSC,325154,330,330,-330
07/16/2018 13:40,SCH - OH - NY,23317,237.01,600,-1750
07/16/2018 13:40,SCH - PJ - NY,23316,1500.62,1800,-1100
07/16/2018 13:40,SCH - PJM_HTP,325905,460,660,-660
07/16/2018 13:40,SCH - PJM_NEPTUNE,325305,660,660,-660
07/16/2018 13:40,SCH - PJM_VFT,325658,0,315,-315
07/16/2018 13:40,SPR/DUN-SOUTH,23320,3119.46,4350,-9999
07/16/2018 13:40,TOTAL EAST,23314,2975.08,6800,-9999
07/16/2018 13:40,UPNY CONED,23315,3349.55,5700,-9999
07/16/2018 13:40,WEST CENTRAL,23312,61.08,9999,-9999
07/16/2018 13:43,CENTRAL EAST - VC,23330,1535.58,2455,-9999
07/16/2018 13:43,DYSINGER EAST,23326,1398.59,3150,-9999
07/16/2018 13:43,MOSES SOUTH,23319,2030.27,3150,-1600
07/16/2018 13:43,SCH - HQ - NY,23324,1500,1500,-1000
07/16/2018 13:43,SCH - HQ_CEDARS,325274,120,120,-40
07/16/2018 13:43,SCH - HQ_IMPORT_EXPORT,325376,1200,1310,-9999
07/16/2018 13:43,SCH - NE - NY,23318,315.79,1400,-1600
07/16/2018 13:43,SCH - NPX_1385,325277,26,200,-200
07/16/2018 13:43,SCH - NPX_CSC,325154,330,330,-330
07/16/2018 13:43,SCH - OH - NY,23317,237.17,600,-1750
07/16/2018 13:43,SCH - PJ - NY,23316,1499.65,1800,-1100
07/16/2018 13:43,SCH - PJM_HTP,325905,460,660,-660
07/16/2018 13:43,SCH - PJM_NEPTUNE,325305,660,660,-660
07/16/2018 13:43,SCH - PJM_VFT,325658,0,315,-315
07/16/2018 13:43,SPR/DUN-SOUTH,23320,3098.5,4350,-9999
07/16/2018 13:43,TOTAL EAST,23314,2940.36,6800,-9999
07/16/2018 13:43,UPNY CONED,23315,3303.15,5700,-9999
07/16/2018 13:43,WEST CENTRAL,23312,75.55,9999,-9999
07/16/2018 13:45,CENTRAL EAST - VC,23330,1551.49,2455,-9999
07/16/2018 13:45,DYSINGER EAST,23326,1446.93,3150,-9999
07/16/2018 13:45,MOSES SOUTH,23319,2022.85,3150,-1600
07/16/2018 13:45,SCH - HQ - NY,23324,1500,1500,-1000
07/16/2018 13:45,SCH - HQ_CEDARS,325274,120,120,-40
07/16/2018 13:45,SCH - HQ_IMPORT_EXPORT,325376,1200,1310,-9999
07/16/2018 13:45,SCH - NE - NY,23318,275.85,1400,-1600
07/16/2018 13:45,SCH - NPX_1385,325277,26,200,-200
07/16/2018 13:45,SCH - NPX_CSC,325154,330,330,-330
07/16/2018 13:45,SCH - OH - NY,23317,237.23,600,-1750
07/16/2018 13:45,SCH - PJ - NY,23316,1500.35,1800,-1100
07/16/2018 13:45,SCH - PJM_HTP,325905,460,660,-660
07/16/2018 13:45,SCH - PJM_NEPTUNE,325305,660,660,-660
07/16/2018 13:45,SCH - PJM_VFT,325658,0,315,-315
07/16/2018 13:45,SPR/DUN-SOUTH,23320,3018.94,4350,-9999
07/16/2018 13:45,TOTAL EAST,23314,2914.21,6800,-9999
07/16/2018 13:45,UPNY CONED,23315,3229.36,5700,-9999
07/16/2018 13:45,WEST CENTRAL,23312,121.1,9999,-9999
07/16/2018 13:55,CENTRAL EAST - VC,23330,1581.9,2455,-9999
07/16/2018 13:55,DYSINGER EAST,23326,1477.22,3150,-9999
07/16/2018 13:55,MOSES SOUTH,23319,1990.37,3150,-1600
07/16/2018 13:55,SCH - HQ - NY,23324,1500,1500,-1000
07/16/2018 13:55,SCH - HQ_CEDARS,325274,120,120,-40
07/16/2018 13:55,SCH - HQ_IMPORT_EXPORT,325376,1200,1310,-9999
07/16/2018 13:55,SCH - NE - NY,23318,176.13,1400,-1600
07/16/2018 13:55,SCH - NPX_1385,325277,26,200,-200
07/16/2018 13:55,SCH - NPX_CSC,325154,330,330,-330
07/16/2018 13:55,SCH - OH - NY,23317,237.19,600,-1750
07/16/2018 13:55,SCH - PJ - NY,23316,1499.44,1800,-1100
07/16/2018 13:55,SCH - PJM_HTP,325905,460,660,-660
07/16/2018 13:55,SCH - PJM_NEPTUNE,325305,660,660,-660
07/16/2018 13:55,SCH - PJM_VFT,325658,0,315,-315
07/16/2018 13:55,SPR/DUN-SOUTH,23320,2986.92,4350,-9999
07/16/2018 13:55,TOTAL EAST,23314,2997.85,6800,-9999
07/16/2018 13:55,UPNY CONED,23315,3210.17,5700,-9999
07/16/2018 13:55,WEST CENTRAL,23312,141.96,9999,-9999
07/16/2018 14:00,CENTRAL EAST - VC,23330,1470.15,2455,-9999
07/16/2018 14:00,DYSINGER EAST,23326,1341.81,3150,-9999
07/16/2018 14:00,MOSES SOUTH,23319,1955.34,3150,-1600
07/16/2018 14:00,SCH - HQ - NY,23324,1500,1500,-1000
07/16/2018 14:00,SCH - HQ_CEDARS,325274,120,120,-40
07/16/2018 14:00,SCH - HQ_IMPORT_EXPORT,325376,1200,1310,-9999
07/16/2018 14:00,SCH - NE - NY,23318,116.08,1400,-1600
07/16/2018 14:00,SCH - NPX_1385,325277,15,200,-200
07/16/2018 14:00,SCH - NPX_CSC,325154,330,330,-330
07/16/2018 14:00,SCH - OH - NY,23317,237.1,600,-1750
07/16/2018 14:00,SCH - PJ - NY,23316,1499.71,1800,-1100
07/16/2018 14:00,SCH - PJM_HTP,325905,460,660,-660
07/16/2018 14:00,SCH - PJM_NEPTUNE,325305,660,660,-660
07/16/2018 14:00,SCH - PJM_VFT,325658,52,315,-315
07/16/2018 14:00,SPR/DUN-SOUTH,23320,2876.7,4350,-9999
07/16/2018 14:00,TOTAL EAST,23314,2869.45,6800,-9999
07/16/2018 14:00,UPNY CONED,23315,3111.05,5700,-9999
07/16/2018 14:00,WEST CENTRAL,23312,1.04,9999,-9999
07/16/2018 14:05,CENTRAL EAST - VC,23330,1529.42,2455,-9999
07/16/2018 14:05,DYSINGER EAST,23326,1484.21,3150,-9999
07/16/2018 14:05,MOSES SOUTH,23319,1904.23,3150,-1600
07/16/2018 14:05,SCH - HQ - NY,23324,1500,1500,-1000
07/16/2018 14:05,SCH - HQ_CEDARS,325274,120,120,-40
07/16/2018 14:05,SCH - HQ_IMPORT_EXPORT,325376,1200,1310,-9999
07/16/2018 14:05,SCH - NE - NY,23318,56.13,1400,-1600
07/16/2018 14:05,SCH - NPX_1385,325277,5,200,-200
07/16/2018 14:05,SCH - NPX_CSC,325154,330,330,-330
07/16/2018 14:05,SCH - OH - NY,23317,237.03,600,-1750
07/16/2018 14:05,SCH - PJ - NY,23316,1498.69,1800,-1100
07/16/2018 14:05,SCH - PJM_HTP,325905,460,660,-660
07/16/2018 14:05,SCH - PJM_NEPTUNE,325305,660,660,-660
07/16/2018 14:05,SCH - PJM_VFT,325658,103,315,-315
07/16/2018 14:05,SPR/DUN-SOUTH,23320,2879.89,4350,-9999
07/16/2018 14:05,TOTAL EAST,23314,2976.33,6800,-9999
07/16/2018 14:05,UPNY CONED,23315,3134.58,5700,-9999
07/16/2018 14:05,WEST CENTRAL,23312,129.53,9999,-9999
07/16/2018 14:10,CENTRAL EAST - VC,23330,1592.6,2455,-9999
07/16/2018 14:10,DYSINGER EAST,23326,1602.14,3150,-9999
07/16/2018 14:10,MOSES SOUTH,23319,1879.17,3150,-1600
07/16/2018 14:10,SCH - HQ - NY,23324,1500,1500,-1000
07/16/2018 14:10,SCH - HQ_CEDARS,325274,120,120,-40
07/16/2018 14:10,SCH - HQ_IMPORT_EXPORT,325376,1200,1310,-9999
07/16/2018 14:10,SCH - NE - NY,23318,56.24,1400,-1600
07/16/2018 14:10,SCH - NPX_1385,325277,5,200,-200
07/16/2018 14:10,SCH - NPX_CSC,325154,330,330,-330
07/16/2018 14:10,SCH - OH - NY,23317,241.92,600,-1750
07/16/2018 14:10,SCH - PJ - NY,23316,1494.69,1800,-1100
07/16/2018 14:10,SCH - PJM_HTP,325905,460,660,-660
07/16/2018 14:10,SCH - PJM_NEPTUNE,325305,660,660,-660
07/16/2018 14:10,SCH - PJM_VFT,325658,103,315,-315
07/16/2018 14:10,SPR/DUN-SOUTH,23320,2881.48,4350,-9999
07/16/2018 14:10,TOTAL EAST,23314,3052.78,6800,-9999
07/16/2018 14:10,UPNY CONED,23315,3167.11,5700,-9999
07/16/2018 14:10,WEST CENTRAL,23312,239.13,9999,-9999
07/16/2018 14:15,CENTRAL EAST - VC,23330,1532.67,2455,-9999
07/16/2018 14:15,DYSINGER EAST,23326,1466.18,3150,-9999
07/16/2018 14:15,MOSES SOUTH,23319,1865.8,3150,-1600
07/16/2018 14:15,SCH - HQ - NY,23324,1500,1500,-1000
07/16/2018 14:15,SCH - HQ_CEDARS,325274,120,120,-40
07/16/2018 14:15,SCH - HQ_IMPORT_EXPORT,325376,1200,1310,-9999
07/16/2018 14:15,SCH - NE - NY,23318,116.21,1400,-1600
07/16/2018 14:15,SCH - NPX_1385,325277,5,200,-200
07/16/2018 14:15,SCH - NPX_CSC,325154,330,330,-330
07/16/2018 14:15,SCH - OH - NY,23317,235.29,600,-1750
07/16/2018 14:15,SCH - PJ - NY,23316,1498.29,1800,-1100
07/16/2018 14:15,SCH - PJM_HTP,325905,460,660,-660
07/16/2018 14:15,SCH - PJM_NEPTUNE,325305,660,660,-660
07/16/2018 14:15,SCH - PJM_VFT,325658,70,315,-315
07/16/2018 14:15,SPR/DUN-SOUTH,23320,2878.34,4350,-9999
07/16/2018 14:15,TOTAL EAST,23314,2986.03,6800,-9999
07/16/2018 14:15,UPNY CONED,23315,3194.15,5700,-9999
07/16/2018 14:15,WEST CENTRAL,23312,102.19,9999,-9999
07/16/2018 14:20,CENTRAL EAST - VC,23330,1539.28,2455,-9999
07/16/2018 14:20,DYSINGER EAST,23326,1425.59,3150,-9999
07/16/2018 14:20,MOSES SOUTH,23319,1869.65,3150,-1600
07/16/2018 14:20,SCH - HQ - NY,23324,1500,1500,-1000
07/16/2018 14:20,SCH - HQ_CEDARS,325274,120,120,-40
07/16/2018 14:20,SCH - HQ_IMPORT_EXPORT,325376,1200,1310,-9999
07/16/2018 14:20,SCH - NE - NY,23318,175.9,1400,-1600
07/16/2018 14:20,SCH - NPX_1385,325277,5,200,-200
07/16/2018 14:20,SCH - NPX_CSC,325154,330,330,-330
07/16/2018 14:20,SCH - OH - NY,23317,236.98,600,-1750
07/16/2018 14:20,SCH - PJ - NY,23316,1500.59,1800,-1100
07/16/2018 14:20,SCH - PJM_HTP,325905,460,660,-660
07/16/2018 14:20,SCH - PJM_NEPTUNE,325305,660,660,-660
07/16/2018 14:20,SCH - PJM_VFT,325658,37,315,-315
07/16/2018 14:20,SPR/DUN-SOUTH,23320,2916.97,4350,-9999
07/16/2018 14:20,TOTAL EAST,23314,3013.45,6800,-9999
07/16/2018 14:20,UPNY CONED,23315,3290.45,5700,-9999
07/16/2018 14:20,WEST CENTRAL,23312,63.36,9999,-9999
07/16/2018 14:25,CENTRAL EAST - VC,23330,1489.27,2455,-9999
07/16/2018 14:25,DYSINGER EAST,23326,1356.56,3150,-9999
07/16/2018 14:25,MOSES SOUTH,23319,1880.49,3150,-1600
07/16/2018 14:25,SCH - HQ - NY,23324,1500,1500,-1000
07/16/2018 14:25,SCH - HQ_CEDARS,325274,120,120,-40
07/16/2018 14:25,SCH - HQ_IMPORT_EXPORT,325376,1200,1310,-9999
07/16/2018 14:25,SCH - NE - NY,23318,175.58,1400,-1600
07/16/2018 14:25,SCH - NPX_1385,325277,5,200,-200
07/16/2018 14:25,SCH - NPX_CSC,325154,330,330,-330
07/16/2018 14:25,SCH - OH - NY,23317,237.02,600,-1750
07/16/2018 14:25,SCH - PJ - NY,23316,1503.25,1800,-1100
07/16/2018 14:25,SCH - PJM_HTP,325905,460,660,-660
07/16/2018 14:25,SCH - PJM_NEPTUNE,325305,660,660,-660
07/16/2018 14:25,SCH - PJM_VFT,325658,37,315,-315
07/16/2018 14:25,SPR/DUN-SOUTH,23320,2864.01,4350,-9999
07/16/2018 14:25,TOTAL EAST,23314,3011.16,6800,-9999
07/16/2018 14:25,UPNY CONED,23315,3230.56,5700,-9999
07/16/2018 14:25,WEST CENTRAL,23312,-3.91,9999,-9999
07/16/2018 14:30,CENTRAL EAST - VC,23330,1501.66,2455,-9999
07/16/2018 14:30,DYSINGER EAST,23326,1385.74,3150,-9999
07/16/2018 14:30,MOSES SOUTH,23319,1873.51,3150,-1600
07/16/2018 14:30,SCH - HQ - NY,23324,1500,1500,-1000
07/16/2018 14:30,SCH - HQ_CEDARS,325274,120,120,-40
07/16/2018 14:30,SCH - HQ_IMPORT_EXPORT,325376,1200,1310,-9999
07/16/2018 14:30,SCH - NE - NY,23318,75.87,1400,-1600
07/16/2018 14:30,SCH - NPX_1385,325277,5,200,-200
07/16/2018 14:30,SCH - NPX_CSC,325154,330,330,-330
07/16/2018 14:30,SCH - OH - NY,23317,237.02,600,-1750
07/16/2018 14:30,SCH - PJ - NY,23316,1501.38,1800,-1100
07/16/2018 14:30,SCH - PJM_HTP,325905,460,660,-660
07/16/2018 14:30,SCH - PJM_NEPTUNE,325305,660,660,-660
07/16/2018 14:30,SCH - PJM_VFT,325658,93,315,-315
07/16/2018 14:30,SPR/DUN-SOUTH,23320,2834.42,4350,-9999
07/16/2018 14:30,TOTAL EAST,23314,3037.81,6800,-9999
07/16/2018 14:30,UPNY CONED,23315,3156.43,5700,-9999
07/16/2018 14:30,WEST CENTRAL,23312,15.48,9999,-9999
07/16/2018 14:35,CENTRAL EAST - VC,23330,1509.76,2455,-9999
07/16/2018 14:35,DYSINGER EAST,23326,1402.01,3150,-9999
07/16/2018 14:35,MOSES SOUTH,23319,1886.95,3150,-1600
07/16/2018 14:35,SCH - HQ - NY,23324,1500,1500,-1000
07/16/2018 14:35,SCH - HQ_CEDARS,325274,120,120,-40
07/16/2018 14:35,SCH - HQ_IMPORT_EXPORT,325376,1200,1310,-9999
07/16/2018 14:35,SCH - NE - NY,23318,-23.86,1400,-1600
07/16/2018 14:35,SCH - NPX_1385,325277,5,200,-200
07/16/2018 14:35,SCH - NPX_CSC,325154,330,330,-330
07/16/2018 14:35,SCH - OH - NY,23317,236.98,600,-1750
07/16/2018 14:35,SCH - PJ - NY,23316,1499.23,1800,-1100
07/16/2018 14:35,SCH - PJM_HTP,325905,460,660,-660
07/16/2018 14:35,SCH - PJM_NEPTUNE,325305,660,660,-660
07/16/2018 14:35,SCH - PJM_VFT,325658,150,315,-315
07/16/2018 14:35,SPR/DUN-SOUTH,23320,2782.3,4350,-9999
07/16/2018 14:35,TOTAL EAST,23314,3082.85,6800,-9999
07/16/2018 14:35,UPNY CONED,23315,3081.47,5700,-9999
07/16/2018 14:35,WEST CENTRAL,23312,30.59,9999,-9999
07/16/2018 14:40,CENTRAL EAST - VC,23330,1538.16,2455,-9999
07/16/2018 14:40,DYSINGER EAST,23326,1416.94,3150,-9999
07/16/2018 14:40,MOSES SOUTH,23319,1885.9,3150,-1600
07/16/2018 14:40,SCH - HQ - NY,23324,1500,1500,-1000
07/16/2018 14:40,SCH - HQ_CEDARS,325274,120,120,-40
07/16/2018 14:40,SCH - HQ_IMPORT_EXPORT,325376,1200,1310,-9999
07/16/2018 14:40,SCH - NE - NY,23318,-23.64,1400,-1600
07/16/2018 14:40,SCH - NPX_1385,325277,5,200,-200
07/16/2018 14:40,SCH - NPX_CSC,325154,330,330,-330
07/16/2018 14:40,SCH - OH - NY,23317,236.97,600,-1750
07/16/2018 14:40,SCH - PJ - NY,23316,1501.64,1800,-1100
07/16/2018 14:40,SCH - PJM_HTP,325905,460,660,-660
07/16/2018 14:40,SCH - PJM_NEPTUNE,325305,660,660,-660
07/16/2018 14:40,SCH - PJM_VFT,325658,150,315,-315
07/16/2018 14:40,SPR/DUN-SOUTH,23320,2767.35,4350,-9999
07/16/2018 14:40,TOTAL EAST,23314,3056.82,6800,-9999
07/16/2018 14:40,UPNY CONED,23315,3078.02,5700,-9999
07/16/2018 14:40,WEST CENTRAL,23312,46.37,9999,-9999
07/16/2018 14:45,CENTRAL EAST - VC,23330,1536.23,2455,-9999
07/16/2018 14:45,DYSINGER EAST,23326,1391.43,3150,-9999
07/16/2018 14:45,MOSES SOUTH,23319,1893.74,3150,-1600
07/16/2018 14:45,SCH - HQ - NY,23324,1500,1500,-1000
07/16/2018 14:45,SCH - HQ_CEDARS,325274,120,120,-40
07/16/2018 14:45,SCH - HQ_IMPORT_EXPORT,325376,1200,1310,-9999
07/16/2018 14:45,SCH - NE - NY,23318,-89.59,1400,-1600
07/16/2018 14:45,SCH - NPX_1385,325277,5,200,-200
07/16/2018 14:45,SCH - NPX_CSC,325154,330,330,-330
07/16/2018 14:45,SCH - OH - NY,23317,237,600,-1750
07/16/2018 14:45,SCH - PJ - NY,23316,1501.35,1800,-1100
07/16/2018 14:45,SCH - PJM_HTP,325905,427,660,-660
07/16/2018 14:45,SCH - PJM_NEPTUNE,325305,660,660,-660
07/16/2018 14:45,SCH - PJM_VFT,325658,133,315,-315
07/16/2018 14:45,SPR/DUN-SOUTH,23320,2789.36,4350,-9999
07/16/2018 14:45,TOTAL EAST,23314,3059.23,6800,-9999
07/16/2018 14:45,UPNY CONED,23315,3066.38,5700,-9999
07/16/2018 14:45,WEST CENTRAL,23312,23.27,9999,-9999
07/16/2018 14:50,CENTRAL EAST - VC,23330,1559.44,2455,-9999
07/16/2018 14:50,DYSINGER EAST,23326,1395.81,3150,-9999
07/16/2018 14:50,MOSES SOUTH,23319,1892.83,3150,-1600
07/16/2018 14:50,SCH - HQ - NY,23324,1500,1500,-1000
07/16/2018 14:50,SCH - HQ_CEDARS,325274,120,120,-40
07/16/2018 14:50,SCH - HQ_IMPORT_EXPORT,325376,1200,1310,-9999
07/16/2018 14:50,SCH - NE - NY,23318,-156.36,1400,-1600
07/16/2018 14:50,SCH - NPX_1385,325277,5,200,-200
07/16/2018 14:50,SCH - NPX_CSC,325154,330,330,-330
07/16/2018 14:50,SCH - OH - NY,23317,237.02,600,-1750
07/16/2018 14:50,SCH - PJ - NY,23316,1498.25,1800,-1100
07/16/2018 14:50,SCH - PJM_HTP,325905,395,660,-660
07/16/2018 14:50,SCH - PJM_NEPTUNE,325305,660,660,-660
07/16/2018 14:50,SCH - PJM_VFT,325658,116,315,-315
07/16/2018 14:50,SPR/DUN-SOUTH,23320,2804.35,4350,-9999
07/16/2018 14:50,TOTAL EAST,23314,3080.38,6800,-9999
07/16/2018 14:50,UPNY CONED,23315,3021.2,5700,-9999
07/16/2018 14:50,WEST CENTRAL,23312,32.66,9999,-9999
07/16/2018 14:55,CENTRAL EAST - VC,23330,1557.54,2455,-9999
07/16/2018 14:55,DYSINGER EAST,23326,1396.83,3150,-9999
07/16/2018 14:55,MOSES SOUTH,23319,1892.25,3150,-1600
07/16/2018 14:55,SCH - HQ - NY,23324,1500,1500,-1000
07/16/2018 14:55,SCH - HQ_CEDARS,325274,120,120,-40
07/16/2018 14:55,SCH - HQ_IMPORT_EXPORT,325376,1200,1310,-9999
07/16/2018 14:55,SCH - NE - NY,23318,-156.57,1400,-1600
07/16/2018 14:55,SCH - NPX_1385,325277,5,200,-200
07/16/2018 14:55,SCH - NPX_CSC,325154,330,330,-330
07/16/2018 14:55,SCH - OH - NY,23317,237,600,-1750
07/16/2018 14:55,SCH - PJ - NY,23316,1500.1,1800,-1100
07/16/2018 14:55,SCH - PJM_HTP,325905,395,660,-660
07/16/2018 14:55,SCH - PJM_NEPTUNE,325305,660,660,-660
07/16/2018 14:55,SCH - PJM_VFT,325658,116,315,-315
07/16/2018 14:55,SPR/DUN-SOUTH,23320,2827.46,4350,-9999
07/16/2018 14:55,TOTAL EAST,23314,3115.32,6800,-9999
07/16/2018 14:55,UPNY CONED,23315,3058.6,5700,-9999
07/16/2018 14:55,WEST CENTRAL,23312,40.04,9999,-9999
07/16/2018 15:00,CENTRAL EAST - VC,23330,1543.66,2455,-9999
07/16/2018 15:00,DYSINGER EAST,23326,1324.64,3150,-9999
07/16/2018 15:00,MOSES SOUTH,23319,1917.64,3150,-1600
07/16/2018 15:00,SCH - HQ - NY,23324,1500,1500,-1000
07/16/2018 15:00,SCH - HQ_CEDARS,325274,120,120,-40
07/16/2018 15:00,SCH - HQ_IMPORT_EXPORT,325376,1200,1310,-9999
07/16/2018 15:00,SCH - NE - NY,23318,-117.79,1400,-1600
07/16/2018 15:00,SCH - NPX_1385,325277,8,200,-200
07/16/2018 15:00,SCH - NPX_CSC,325154,330,330,-330
07/16/2018 15:00,SCH - OH - NY,23317,173.01,600,-1750
07/16/2018 15:00,SCH - PJ - NY,23316,1502.09,1800,-1100
07/16/2018 15:00,SCH - PJM_HTP,325905,362,660,-660
07/16/2018 15:00,SCH - PJM_NEPTUNE,325305,660,660,-660
07/16/2018 15:00,SCH - PJM_VFT,325658,129,315,-315
07/16/2018 15:00,SPR/DUN-SOUTH,23320,2896.23,4350,-9999
07/16/2018 15:00,TOTAL EAST,23314,3127.07,6800,-9999
07/16/2018 15:00,UPNY CONED,23315,3157.63,5700,-9999
07/16/2018 15:00,WEST CENTRAL,23312,-31.77,9999,-9999
07/16/2018 15:05,CENTRAL EAST - VC,23330,1537.73,2455,-9999
07/16/2018 15:05,DYSINGER EAST,23326,1330.99,3150,-9999
07/16/2018 15:05,MOSES SOUTH,23319,1937.57,3150,-1600
07/16/2018 15:05,SCH - HQ - NY,23324,1500,1500,-1000
07/16/2018 15:05,SCH - HQ_CEDARS,325274,120,120,-40
07/16/2018 15:05,SCH - HQ_IMPORT_EXPORT,325376,1200,1310,-9999
07/16/2018 15:05,SCH - NE - NY,23318,-79.93,1400,-1600
07/16/2018 15:05,SCH - NPX_1385,325277,10,200,-200
07/16/2018 15:05,SCH - NPX_CSC,325154,330,330,-330
07/16/2018 15:05,SCH - OH - NY,23317,110.04,600,-1750
07/16/2018 15:05,SCH - PJ - NY,23316,1497.38,1800,-1100
07/16/2018 15:05,SCH - PJM_HTP,325905,330,660,-660
07/16/2018 15:05,SCH - PJM_NEPTUNE,325305,660,660,-660
07/16/2018 15:05,SCH - PJM_VFT,325658,142,315,-315
07/16/2018 15:05,SPR/DUN-SOUTH,23320,2949.02,4350,-9999
07/16/2018 15:05,TOTAL EAST,23314,3134.94,6800,-9999
07/16/2018 15:05,UPNY CONED,23315,3215.28,5700,-9999
07/16/2018 15:05,WEST CENTRAL,23312,-25.71,9999,-9999
07/16/2018 15:10,CENTRAL EAST - VC,23330,1531.99,2455,-9999
07/16/2018 15:10,DYSINGER EAST,23326,1327.55,3150,-9999
07/16/2018 15:10,MOSES SOUTH,23319,1943.19,3150,-1600
07/16/2018 15:10,SCH - HQ - NY,23324,1500,1500,-1000
07/16/2018 15:10,SCH - HQ_CEDARS,325274,120,120,-40
07/16/2018 15:10,SCH - HQ_IMPORT_EXPORT,325376,1200,1310,-9999
07/16/2018 15:10,SCH - NE - NY,23318,-80.12,1400,-1600
07/16/2018 15:10,SCH - NPX_1385,325277,10,200,-200
07/16/2018 15:10,SCH - NPX_CSC,325154,330,330,-330
07/16/2018 15:10,SCH - OH - NY,23317,105.42,600,-1750
07/16/2018 15:10,SCH - PJ - NY,23316,1506.28,1800,-1100
07/16/2018 15:10,SCH - PJM_HTP,325905,330,660,-660
07/16/2018 15:10,SCH - PJM_NEPTUNE,325305,660,660,-660
07/16/2018 15:10,SCH - PJM_VFT,325658,142,315,-315
07/16/2018 15:10,SPR/DUN-SOUTH,23320,2924.56,4350,-9999
07/16/2018 15:10,TOTAL EAST,23314,3148,6800,-9999
07/16/2018 15:10,UPNY CONED,23315,3204.16,5700,-9999
07/16/2018 15:10,WEST CENTRAL,23312,-30.4,9999,-9999
07/16/2018 15:15,CENTRAL EAST - VC,23330,1608.21,2455,-9999
07/16/2018 15:15,DYSINGER EAST,23326,1423.31,3150,-9999
07/16/2018 15:15,MOSES SOUTH,23319,1915.35,3150,-1600
07/16/2018 15:15,SCH - HQ - NY,23324,1500,1500,-1000
07/16/2018 15:15,SCH - HQ_CEDARS,325274,120,120,-40
07/16/2018 15:15,SCH - HQ_IMPORT_EXPORT,325376,1200,1310,-9999
07/16/2018 15:15,SCH - NE - NY,23318,-133.48,1400,-1600
07/16/2018 15:15,SCH - NPX_1385,325277,10,200,-200
07/16/2018 15:15,SCH - NPX_CSC,325154,330,330,-330
07/16/2018 15:15,SCH - OH - NY,23317,107.27,600,-1750
07/16/2018 15:15,SCH - PJ - NY,23316,1503.6,1800,-1100
07/16/2018 15:15,SCH - PJM_HTP,325905,330,660,-660
07/16/2018 15:15,SCH - PJM_NEPTUNE,325305,660,660,-660
07/16/2018 15:15,SCH - PJM_VFT,325658,114,315,-315
07/16/2018 15:15,SPR/DUN-SOUTH,23320,2948.24,4350,-9999
07/16/2018 15:15,TOTAL EAST,23314,3209.22,6800,-9999
07/16/2018 15:15,UPNY CONED,23315,3227.14,5700,-9999
07/16/2018 15:15,WEST CENTRAL,23312,63.06,9999,-9999
07/16/2018 15:20,CENTRAL EAST - VC,23330,1578.47,2455,-9999
07/16/2018 15:20,DYSINGER EAST,23326,1481.06,3150,-9999
07/16/2018 15:20,MOSES SOUTH,23319,1832.52,3150,-1600
07/16/2018 15:20,SCH - HQ - NY,23324,1500,1500,-1000
07/16/2018 15:20,SCH - HQ_CEDARS,325274,120,120,-40
07/16/2018 15:20,SCH - HQ_IMPORT_EXPORT,325376,1200,1310,-9999
07/16/2018 15:20,SCH - NE - NY,23318,-188.12,1400,-1600
07/16/2018 15:20,SCH - NPX_1385,325277,10,200,-200
07/16/2018 15:20,SCH - NPX_CSC,325154,330,330,-330
07/16/2018 15:20,SCH - OH - NY,23317,109.83,600,-1750
07/16/2018 15:20,SCH - PJ - NY,23316,1498.94,1800,-1100
07/16/2018 15:20,SCH - PJM_HTP,325905,330,660,-660
07/16/2018 15:20,SCH - PJM_NEPTUNE,325305,660,660,-660
07/16/2018 15:20,SCH - PJM_VFT,325658,86,315,-315
07/16/2018 15:20,SPR/DUN-SOUTH,23320,2897.84,4350,-9999
07/16/2018 15:20,TOTAL EAST,23314,3216.59,6800,-9999
07/16/2018 15:20,UPNY CONED,23315,3156.48,5700,-9999
07/16/2018 15:20,WEST CENTRAL,23312,129.17,9999,-9999
07/16/2018 15:25,CENTRAL EAST - VC,23330,1480.81,2455,-9999
07/16/2018 15:25,DYSINGER EAST,23326,1256.88,3150,-9999
07/16/2018 15:25,MOSES SOUTH,23319,1834.52,3150,-1600
07/16/2018 15:25,SCH - HQ - NY,23324,1500,1500,-1000
07/16/2018 15:25,SCH - HQ_CEDARS,325274,120,120,-40
07/16/2018 15:25,SCH - HQ_IMPORT_EXPORT,325376,1200,1310,-9999
07/16/2018 15:25,SCH - NE - NY,23318,-55.82,1400,-1600
07/16/2018 15:25,SCH - NPX_1385,325277,10,200,-200
07/16/2018 15:25,SCH - NPX_CSC,325154,330,330,-330
07/16/2018 15:25,SCH - OH - NY,23317,-105.78,600,-1750
07/16/2018 15:25,SCH - PJ - NY,23316,1502.22,1800,-1100
07/16/2018 15:25,SCH - PJM_HTP,325905,330,660,-660
07/16/2018 15:25,SCH - PJM_NEPTUNE,325305,660,660,-660
07/16/2018 15:25,SCH - PJM_VFT,325658,86,315,-315
07/16/2018 15:25,SPR/DUN-SOUTH,23320,2842.32,4350,-9999
07/16/2018 15:25,TOTAL EAST,23314,3027.98,6800,-9999
07/16/2018 15:25,UPNY CONED,23315,3092.27,5700,-9999
07/16/2018 15:25,WEST CENTRAL,23312,-90.19,9999,-9999
07/16/2018 15:30,CENTRAL EAST - VC,23330,1590.29,2455,-9999
07/16/2018 15:30,DYSINGER EAST,23326,1386.41,3150,-9999
07/16/2018 15:30,MOSES SOUTH,23319,1851.25,3150,-1600
07/16/2018 15:30,SCH - HQ - NY,23324,1500,1500,-1000
07/16/2018 15:30,SCH - HQ_CEDARS,325274,120,120,-40
07/16/2018 15:30,SCH - HQ_IMPORT_EXPORT,325376,1200,1310,-9999
07/16/2018 15:30,SCH - NE - NY,23318,-80.02,1400,-1600
07/16/2018 15:30,SCH - NPX_1385,325277,10,200,-200
07/16/2018 15:30,SCH - NPX_CSC,325154,330,330,-330
07/16/2018 15:30,SCH - OH - NY,23317,-105.97,600,-1750
07/16/2018 15:30,SCH - PJ - NY,23316,1495.86,1800,-1100
07/16/2018 15:30,SCH - PJM_HTP,325905,330,660,-660
07/16/2018 15:30,SCH - PJM_NEPTUNE,325305,660,660,-660
07/16/2018 15:30,SCH - PJM_VFT,325658,64,315,-315
07/16/2018 15:30,SPR/DUN-SOUTH,23320,2841.54,4350,-9999
07/16/2018 15:30,TOTAL EAST,23314,3012.05,6800,-9999
07/16/2018 15:30,UPNY CONED,23315,3098.83,5700,-9999
07/16/2018 15:30,WEST CENTRAL,23312,44,9999,-9999
07/16/2018 15:35,CENTRAL EAST - VC,23330,1664.98,2455,-9999
07/16/2018 15:35,DYSINGER EAST,23326,1507.18,3150,-9999
07/16/2018 15:35,MOSES SOUTH,23319,1858.79,3150,-1600
07/16/2018 15:35,SCH - HQ - NY,23324,1500,1500,-1000
07/16/2018 15:35,SCH - HQ_CEDARS,325274,120,120,-40
07/16/2018 15:35,SCH - HQ_IMPORT_EXPORT,325376,1200,1310,-9999
07/16/2018 15:35,SCH - NE - NY,23318,-238.28,1400,-1600
07/16/2018 15:35,SCH - NPX_1385,325277,10,200,-200
07/16/2018 15:35,SCH - NPX_CSC,325154,330,330,-330
07/16/2018 15:35,SCH - OH - NY,23317,110.02,600,-1750
07/16/2018 15:35,SCH - PJ - NY,23316,1500.13,1800,-1100
07/16/2018 15:35,SCH - PJM_HTP,325905,330,660,-660
07/16/2018 15:35,SCH - PJM_NEPTUNE,325305,660,660,-660
07/16/2018 15:35,SCH - PJM_VFT,325658,43,315,-315
07/16/2018 15:35,SPR/DUN-SOUTH,23320,2865.17,4350,-9999
07/16/2018 15:35,TOTAL EAST,23314,3198.45,6800,-9999
07/16/2018 15:35,UPNY CONED,23315,3127.31,5700,-9999
07/16/2018 15:35,WEST CENTRAL,23312,162.12,9999,-9999
07/16/2018 15:40,CENTRAL EAST - VC,23330,1628.43,2455,-9999
07/16/2018 15:40,DYSINGER EAST,23326,1479.27,3150,-9999
07/16/2018 15:40,MOSES SOUTH,23319,1847.38,3150,-1600
07/16/2018 15:40,SCH - HQ - NY,23324,1500,1500,-1000
07/16/2018 15:40,SCH - HQ_CEDARS,325274,120,120,-40
07/16/2018 15:40,SCH - HQ_IMPORT_EXPORT,325376,1200,1310,-9999
07/16/2018 15:40,SCH - NE - NY,23318,-238.54,1400,-1600
07/16/2018 15:40,SCH - NPX_1385,325277,10,200,-200
07/16/2018 15:40,SCH - NPX_CSC,325154,330,330,-330
07/16/2018 15:40,SCH - OH - NY,23317,110.04,600,-1750
07/16/2018 15:40,SCH - PJ - NY,23316,1498.47,1800,-1100
07/16/2018 15:40,SCH - PJM_HTP,325905,330,660,-660
07/16/2018 15:40,SCH - PJM_NEPTUNE,325305,660,660,-660
07/16/2018 15:40,SCH - PJM_VFT,325658,43,315,-315
07/16/2018 15:40,SPR/DUN-SOUTH,23320,2905.64,4350,-9999
07/16/2018 15:40,TOTAL EAST,23314,3190.49,6800,-9999
07/16/2018 15:40,UPNY CONED,23315,3136.62,5700,-9999
07/16/2018 15:40,WEST CENTRAL,23312,138.83,9999,-9999
07/16/2018 15:45,CENTRAL EAST - VC,23330,1586.76,2455,-9999
07/16/2018 15:45,DYSINGER EAST,23326,1504.61,3150,-9999
07/16/2018 15:45,MOSES SOUTH,23319,1805.33,3150,-1600
07/16/2018 15:45,SCH - HQ - NY,23324,1440,1500,-1000
07/16/2018 15:45,SCH - HQ_CEDARS,325274,120,120,-40
07/16/2018 15:45,SCH - HQ_IMPORT_EXPORT,325376,1140,1310,-9999
07/16/2018 15:45,SCH - NE - NY,23318,-252,1400,-1600
07/16/2018 15:45,SCH - NPX_1385,325277,10,200,-200
07/16/2018 15:45,SCH - NPX_CSC,325154,330,330,-330
07/16/2018 15:45,SCH - OH - NY,23317,109.95,600,-1750
07/16/2018 15:45,SCH - PJ - NY,23316,1498.98,1800,-1100
07/16/2018 15:45,SCH - PJM_HTP,325905,330,660,-660
07/16/2018 15:45,SCH - PJM_NEPTUNE,325305,660,660,-660
07/16/2018 15:45,SCH - PJM_VFT,325658,51,315,-315
07/16/2018 15:45,SPR/DUN-SOUTH,23320,2874.41,4350,-9999
07/16/2018 15:45,TOTAL EAST,23314,3188.15,6800,-9999
07/16/2018 15:45,UPNY CONED,23315,3162.71,5700,-9999
07/16/2018 15:45,WEST CENTRAL,23312,167.2,9999,-9999
07/16/2018 15:50,CENTRAL EAST - VC,23330,1575.48,2455,-9999
07/16/2018 15:50,DYSINGER EAST,23326,1493.12,3150,-9999
07/16/2018 15:50,MOSES SOUTH,23319,1825.75,3150,-1600
07/16/2018 15:50,SCH - HQ - NY,23324,1440,1500,-1000
07/16/2018 15:50,SCH - HQ_CEDARS,325274,120,120,-40
07/16/2018 15:50,SCH - HQ_IMPORT_EXPORT,325376,1140,1310,-9999
07/16/2018 15:50,SCH - NE - NY,23318,-266.25,1400,-1600
07/16/2018 15:50,SCH - NPX_1385,325277,10,200,-200
07/16/2018 15:50,SCH - NPX_CSC,325154,330,330,-330
07/16/2018 15:50,SCH - OH - NY,23317,109.98,600,-1750
07/16/2018 15:50,SCH - PJ - NY,23316,1498.28,1800,-1100
07/16/2018 15:50,SCH - PJM_HTP,325905,330,660,-660
07/16/2018 15:50,SCH - PJM_NEPTUNE,325305,660,660,-660
07/16/2018 15:50,SCH - PJM_VFT,325658,59,315,-315
07/16/2018 15:50,SPR/DUN-SOUTH,23320,2872.46,4350,-9999
07/16/2018 15:50,TOTAL EAST,23314,3181.36,6800,-9999
07/16/2018 15:50,UPNY CONED,23315,3175.45,5700,-9999
07/16/2018 15:50,WEST CENTRAL,23312,157.08,9999,-9999
07/16/2018 15:55,CENTRAL EAST - VC,23330,1585.67,2455,-9999
07/16/2018 15:55,DYSINGER EAST,23326,1497.2,3150,-9999
07/16/2018 15:55,MOSES SOUTH,23319,1814.7,3150,-1600
07/16/2018 15:55,SCH - HQ - NY,23324,1440,1500,-1000
07/16/2018 15:55,SCH - HQ_CEDARS,325274,120,120,-40
07/16/2018 15:55,SCH - HQ_IMPORT_EXPORT,325376,1140,1310,-9999
07/16/2018 15:55,SCH - NE - NY,23318,-266.2,1400,-1600
07/16/2018 15:55,SCH - NPX_1385,325277,10,200,-200
07/16/2018 15:55,SCH - NPX_CSC,325154,330,330,-330
07/16/2018 15:55,SCH - OH - NY,23317,109.98,600,-1750
07/16/2018 15:55,SCH - PJ - NY,23316,1497.71,1800,-1100
07/16/2018 15:55,SCH - PJM_HTP,325905,330,660,-660
07/16/2018 15:55,SCH - PJM_NEPTUNE,325305,660,660,-660
07/16/2018 15:55,SCH - PJM_VFT,325658,59,315,-315
07/16/2018 15:55,SPR/DUN-SOUTH,23320,2888.95,4350,-9999
07/16/2018 15:55,TOTAL EAST,23314,3169.52,6800,-9999
07/16/2018 15:55,UPNY CONED,23315,3137.43,5700,-9999
07/16/2018 15:55,WEST CENTRAL,23312,163.09,9999,-9999
07/16/2018 16:00,CENTRAL EAST - VC,23330,1568.23,2455,-9999
07/16/2018 16:00,DYSINGER EAST,23326,1405.87,3150,-9999
07/16/2018 16:00,MOSES SOUTH,23319,1823.84,3150,-1600
07/16/2018 16:00,SCH - HQ - NY,23324,1440,1440,-1000
07/16/2018 16:00,SCH - HQ_CEDARS,325274,120,120,-40
07/16/2018 16:00,SCH - HQ_IMPORT_EXPORT,325376,1140,1310,-9999
07/16/2018 16:00,SCH - NE - NY,23318,-334.05,1400,-1600
07/16/2018 16:00,SCH - NPX_1385,325277,70,200,-200
07/16/2018 16:00,SCH - NPX_CSC,325154,330,330,-330
07/16/2018 16:00,SCH - OH - NY,23317,82.95,600,-1750
07/16/2018 16:00,SCH - PJ - NY,23316,1498.33,1800,-1100
07/16/2018 16:00,SCH - PJM_HTP,325905,330,660,-660
07/16/2018 16:00,SCH - PJM_NEPTUNE,325305,634,660,-660
07/16/2018 16:00,SCH - PJM_VFT,325658,104,315,-315
07/16/2018 16:00,SPR/DUN-SOUTH,23320,2892.02,4350,-9999
07/16/2018 16:00,TOTAL EAST,23314,3077.19,6800,-9999
07/16/2018 16:00,UPNY CONED,23315,3104.25,5700,-9999
07/16/2018 16:00,WEST CENTRAL,23312,74.24,9999,-9999
07/16/2018 16:05,CENTRAL EAST - VC,23330,1590.23,2455,-9999
07/16/2018 16:05,DYSINGER EAST,23326,1394.97,3150,-9999
07/16/2018 16:05,MOSES SOUTH,23319,1810.33,3150,-1600
07/16/2018 16:05,SCH - HQ - NY,23324,1440,1440,-1000
07/16/2018 16:05,SCH - HQ_CEDARS,325274,120,120,-40
07/16/2018 16:05,SCH - HQ_IMPORT_EXPORT,325376,1140,1310,-9999
07/16/2018 16:05,SCH - NE - NY,23318,-401.49,1400,-1600
07/16/2018 16:05,SCH - NPX_1385,325277,130,200,-200
07/16/2018 16:05,SCH - NPX_CSC,325154,330,330,-330
07/16/2018 16:05,SCH - OH - NY,23317,55.98,600,-1750
07/16/2018 16:05,SCH - PJ - NY,23316,1499.98,1800,-1100
07/16/2018 16:05,SCH - PJM_HTP,325905,330,660,-660
07/16/2018 16:05,SCH - PJM_NEPTUNE,325305,608,660,-660
07/16/2018 16:05,SCH - PJM_VFT,325658,150,315,-315
07/16/2018 16:05,SPR/DUN-SOUTH,23320,2903.6,4350,-9999
07/16/2018 16:05,TOTAL EAST,23314,3088.59,6800,-9999
07/16/2018 16:05,UPNY CONED,23315,3085.75,5700,-9999
07/16/2018 16:05,WEST CENTRAL,23312,67.51,9999,-9999
07/16/2018 16:10,CENTRAL EAST - VC,23330,1619.64,2455,-9999
07/16/2018 16:10,DYSINGER EAST,23326,1482.04,3150,-9999
07/16/2018 16:10,MOSES SOUTH,23319,1779.14,3150,-1600
07/16/2018 16:10,SCH - HQ - NY,23324,1440,1440,-1000
07/16/2018 16:10,SCH - HQ_CEDARS,325274,120,120,-40
07/16/2018 16:10,SCH - HQ_IMPORT_EXPORT,325376,1140,1310,-9999
07/16/2018 16:10,SCH - NE - NY,23318,-401.7,1400,-1600
07/16/2018 16:10,SCH - NPX_1385,325277,130,200,-200
07/16/2018 16:10,SCH - NPX_CSC,325154,330,330,-330
07/16/2018 16:10,SCH - OH - NY,23317,55.8,600,-1750
07/16/2018 16:10,SCH - PJ - NY,23316,1501.54,1800,-1100
07/16/2018 16:10,SCH - PJM_HTP,325905,330,660,-660
07/16/2018 16:10,SCH - PJM_NEPTUNE,325305,608,660,-660
07/16/2018 16:10,SCH - PJM_VFT,325658,150,315,-315
07/16/2018 16:10,SPR/DUN-SOUTH,23320,2912.6,4350,-9999
07/16/2018 16:10,TOTAL EAST,23314,3078.49,6800,-9999
07/16/2018 16:10,UPNY CONED,23315,3111.91,5700,-9999
07/16/2018 16:10,WEST CENTRAL,23312,152.44,9999,-9999
07/16/2018 16:15,CENTRAL EAST - VC,23330,1625.33,2455,-9999
07/16/2018 16:15,DYSINGER EAST,23326,1471.02,3150,-9999
07/16/2018 16:15,MOSES SOUTH,23319,1826.1,3150,-1600
07/16/2018 16:15,SCH - HQ - NY,23324,1440,1440,-1000
07/16/2018 16:15,SCH - HQ_CEDARS,325274,120,120,-40
07/16/2018 16:15,SCH - HQ_IMPORT_EXPORT,325376,1140,1310,-9999
07/16/2018 16:15,SCH - NE - NY,23318,-436.73,1400,-1600
07/16/2018 16:15,SCH - NPX_1385,325277,130,200,-200
07/16/2018 16:15,SCH - NPX_CSC,325154,330,330,-330
07/16/2018 16:15,SCH - OH - NY,23317,54.91,600,-1750
07/16/2018 16:15,SCH - PJ - NY,23316,1502.57,1800,-1100
07/16/2018 16:15,SCH - PJM_HTP,325905,395,660,-660
07/16/2018 16:15,SCH - PJM_NEPTUNE,325305,608,660,-660
07/16/2018 16:15,SCH - PJM_VFT,325658,150,315,-315
07/16/2018 16:15,SPR/DUN-SOUTH,23320,2842.08,4350,-9999
07/16/2018 16:15,TOTAL EAST,23314,3077.44,6800,-9999
07/16/2018 16:15,UPNY CONED,23315,3049.26,5700,-9999
07/16/2018 16:15,WEST CENTRAL,23312,142.8,9999,-9999
07/16/2018 16:20,CENTRAL EAST - VC,23330,1623.06,2455,-9999
07/16/2018 16:20,DYSINGER EAST,23326,1491.97,3150,-9999
07/16/2018 16:20,MOSES SOUTH,23319,1820.57,3150,-1600
07/16/2018 16:20,SCH - HQ - NY,23324,1440,1440,-1000
07/16/2018 16:20,SCH - HQ_CEDARS,325274,120,120,-40
07/16/2018 16:20,SCH - HQ_IMPORT_EXPORT,325376,1140,1310,-9999
07/16/2018 16:20,SCH - NE - NY,23318,-471.57,1400,-1600
07/16/2018 16:20,SCH - NPX_1385,325277,130,200,-200
07/16/2018 16:20,SCH - NPX_CSC,325154,330,330,-330
07/16/2018 16:20,SCH - OH - NY,23317,57.29,600,-1750
07/16/2018 16:20,SCH - PJ - NY,23316,1498.2,1800,-1100
07/16/2018 16:20,SCH - PJM_HTP,325905,460,660,-660
07/16/2018 16:20,SCH - PJM_NEPTUNE,325305,608,660,-660
07/16/2018 16:20,SCH - PJM_VFT,325658,150,315,-315
07/16/2018 16:20,SPR/DUN-SOUTH,23320,2813.48,4350,-9999
07/16/2018 16:20,TOTAL EAST,23314,3088.74,6800,-9999
07/16/2018 16:20,UPNY CONED,23315,3032.12,5700,-9999
07/16/2018 16:20,WEST CENTRAL,23312,161.42,9999,-9999
07/16/2018 16:25,CENTRAL EAST - VC,23330,1643.43,2455,-9999
07/16/2018 16:25,DYSINGER EAST,23326,1497.94,3150,-9999
07/16/2018 16:25,MOSES SOUTH,23319,1808.43,3150,-1600
07/16/2018 16:25,SCH - HQ - NY,23324,1440,1440,-1000
07/16/2018 16:25,SCH - HQ_CEDARS,325274,120,120,-40
07/16/2018 16:25,SCH - HQ_IMPORT_EXPORT,325376,1140,1310,-9999
07/16/2018 16:25,SCH - NE - NY,23318,-471.39,1400,-1600
07/16/2018 16:25,SCH - NPX_1385,325277,130,200,-200
07/16/2018 16:25,SCH - NPX_CSC,325154,330,330,-330
07/16/2018 16:25,SCH - OH - NY,23317,54.21,600,-1750
07/16/2018 16:25,SCH - PJ - NY,23316,1499.87,1800,-1100
07/16/2018 16:25,SCH - PJM_HTP,325905,460,660,-660
07/16/2018 16:25,SCH - PJM_NEPTUNE,325305,608,660,-660
07/16/2018 16:25,SCH - PJM_VFT,325658,150,315,-315
07/16/2018 16:25,SPR/DUN-SOUTH,23320,2851.01,4350,-9999
07/16/2018 16:25,TOTAL EAST,23314,3086.92,6800,-9999
07/16/2018 16:25,UPNY CONED,23315,3058.53,5700,-9999
07/16/2018 16:25,WEST CENTRAL,23312,169.44,9999,-9999
07/16/2018 16:30,CENTRAL EAST - VC,23330,1648.31,2455,-9999
07/16/2018 16:30,DYSINGER EAST,23326,1505.45,3150,-9999
07/16/2018 16:30,MOSES SOUTH,23319,1822.13,3150,-1600
07/16/2018 16:30,SCH - HQ - NY,23324,1440,1440,-1000
07/16/2018 16:30,SCH - HQ_CEDARS,325274,120,120,-40
07/16/2018 16:30,SCH - HQ_IMPORT_EXPORT,325376,1140,1310,-9999
07/16/2018 16:30,SCH - NE - NY,23318,-375.76,1400,-1600
07/16/2018 16:30,SCH - NPX_1385,325277,130,200,-200
07/16/2018 16:30,SCH - NPX_CSC,325154,330,330,-330
07/16/2018 16:30,SCH - OH - NY,23317,53.83,600,-1750
07/16/2018 16:30,SCH - PJ - NY,23316,1500.74,1800,-1100
07/16/2018 16:30,SCH - PJM_HTP,325905,395,660,-660
07/16/2018 16:30,SCH - PJM_NEPTUNE,325305,608,660,-660
07/16/2018 16:30,SCH - PJM_VFT,325658,150,315,-315
07/16/2018 16:30,SPR/DUN-SOUTH,23320,2943.03,4350,-9999
07/16/2018 16:30,TOTAL EAST,23314,3093.84,6800,-9999
07/16/2018 16:30,UPNY CONED,23315,3162.63,5700,-9999
07/16/2018 16:30,WEST CENTRAL,23312,186.06,9999,-9999
07/16/2018 16:35,CENTRAL EAST - VC,23330,1623.95,2455,-9999
07/16/2018 16:35,DYSINGER EAST,23326,1521.71,3150,-9999
07/16/2018 16:35,MOSES SOUTH,23319,1845.25,3150,-1600
07/16/2018 16:35,SCH - HQ - NY,23324,1440,1440,-1000
07/16/2018 16:35,SCH - HQ_CEDARS,325274,120,120,-40
07/16/2018 16:35,SCH - HQ_IMPORT_EXPORT,325376,1140,1310,-9999
07/16/2018 16:35,SCH - NE - NY,23318,-280.51,1400,-1600
07/16/2018 16:35,SCH - NPX_1385,325277,130,200,-200
07/16/2018 16:35,SCH - NPX_CSC,325154,330,330,-330
07/16/2018 16:35,SCH - OH - NY,23317,59.24,600,-1750
07/16/2018 16:35,SCH - PJ - NY,23316,1496.78,1800,-1100
07/16/2018 16:35,SCH - PJM_HTP,325905,330,660,-660
07/16/2018 16:35,SCH - PJM_NEPTUNE,325305,608,660,-660
07/16/2018 16:35,SCH - PJM_VFT,325658,150,315,-315
07/16/2018 16:35,SPR/DUN-SOUTH,23320,3039.07,4350,-9999
07/16/2018 16:35,TOTAL EAST,23314,3119.6,6800,-9999
07/16/2018 16:35,UPNY CONED,23315,3265.5,5700,-9999
07/16/2018 16:35,WEST CENTRAL,23312,208.41,9999,-9999
07/16/2018 16:40,CENTRAL EAST - VC,23330,1620.23,2455,-9999
07/16/2018 16:40,DYSINGER EAST,23326,1508.63,3150,-9999
07/16/2018 16:40,MOSES SOUTH,23319,1831.03,3150,-1600
07/16/2018 16:40,SCH - HQ - NY,23324,1440,1440,-1000
07/16/2018 16:40,SCH - HQ_CEDARS,325274,120,120,-40
07/16/2018 16:40,SCH - HQ_IMPORT_EXPORT,325376,1140,1310,-9999
07/16/2018 16:40,SCH - NE - NY,23318,-280.71,1400,-1600
07/16/2018 16:40,SCH - NPX_1385,325277,130,200,-200
07/16/2018 16:40,SCH - NPX_CSC,325154,330,330,-330
07/16/2018 16:40,SCH - OH - NY,23317,54.24,600,-1750
07/16/2018 16:40,SCH - PJ - NY,23316,1503.59,1800,-1100
07/16/2018 16:40,SCH - PJM_HTP,325905,330,660,-660
07/16/2018 16:40,SCH - PJM_NEPTUNE,325305,608,660,-660
07/16/2018 16:40,SCH - PJM_VFT,325658,150,315,-315
07/16/2018 16:40,SPR/DUN-SOUTH,23320,3082.58,4350,-9999
07/16/2018 16:40,TOTAL EAST,23314,3151.11,6800,-9999
07/16/2018 16:40,UPNY CONED,23315,3295.61,5700,-9999
07/16/2018 16:40,WEST CENTRAL,23312,202.06,9999,-9999
07/16/2018 16:45,CENTRAL EAST - VC,23330,1650.09,2455,-9999
07/16/2018 16:45,DYSINGER EAST,23326,1531.01,3150,-9999
07/16/2018 16:45,MOSES SOUTH,23319,1820.82,3150,-1600
07/16/2018 16:45,SCH - HQ - NY,23324,1440,1440,-1000
07/16/2018 16:45,SCH - HQ_CEDARS,325274,120,120,-40
07/16/2018 16:45,SCH - HQ_IMPORT_EXPORT,325376,1140,1310,-9999
07/16/2018 16:45,SCH - NE - NY,23318,-376.17,1400,-1600
07/16/2018 16:45,SCH - NPX_1385,325277,130,200,-200
07/16/2018 16:45,SCH - NPX_CSC,325154,330,330,-330
07/16/2018 16:45,SCH - OH - NY,23317,53.77,600,-1750
07/16/2018 16:45,SCH - PJ - NY,23316,1501.81,1800,-1100
07/16/2018 16:45,SCH - PJM_HTP,325905,395,660,-660
07/16/2018 16:45,SCH - PJM_NEPTUNE,325305,608,660,-660
07/16/2018 16:45,SCH - PJM_VFT,325658,150,315,-315
07/16/2018 16:45,SPR/DUN-SOUTH,23320,3038.59,4350,-9999
07/16/2018 16:45,TOTAL EAST,23314,3180.08,6800,-9999
07/16/2018 16:45,UPNY CONED,23315,3244.24,5700,-9999
07/16/2018 16:45,WEST CENTRAL,23312,235.82,9999,-9999
07/16/2018 16:50,CENTRAL EAST - VC,23330,1684.44,2455,-9999
07/16/2018 16:50,DYSINGER EAST,23326,1556.99,3150,-9999
07/16/2018 16:50,MOSES SOUTH,23319,1813.58,3150,-1600
07/16/2018 16:50,SCH - HQ - NY,23324,1440,1440,-1000
07/16/2018 16:50,SCH - HQ_CEDARS,325274,120,120,-40
07/16/2018 16:50,SCH - HQ_IMPORT_EXPORT,325376,1140,1310,-9999
07/16/2018 16:50,SCH - NE - NY,23318,-471.64,1400,-1600
07/16/2018 16:50,SCH - NPX_1385,325277,130,200,-200
07/16/2018 16:50,SCH - NPX_CSC,325154,330,330,-330
07/16/2018 16:50,SCH - OH - NY,23317,55.25,600,-1750
07/16/2018 16:50,SCH - PJ - NY,23316,1499.43,1800,-1100
07/16/2018 16:50,SCH - PJM_HTP,325905,460,660,-660
07/16/2018 16:50,SCH - PJM_NEPTUNE,325305,608,660,-660
07/16/2018 16:50,SCH - PJM_VFT,325658,150,315,-315
07/16/2018 16:50,SPR/DUN-SOUTH,23320,2979.32,4350,-9999
07/16/2018 16:50,TOTAL EAST,23314,3220.79,6800,-9999
07/16/2018 16:50,UPNY CONED,23315,3183.97,5700,-9999
07/16/2018 16:50,WEST CENTRAL,23312,278.55,9999,-9999
07/16/2018 16:55,CENTRAL EAST - VC,23330,1698.58,2455,-9999
07/16/2018 16:55,DYSINGER EAST,23326,1522.82,3150,-9999
07/16/2018 16:55,MOSES SOUTH,23319,1817.68,3150,-1600
07/16/2018 16:55,SCH - HQ - NY,23324,1440,1440,-1000
07/16/2018 16:55,SCH - HQ_CEDARS,325274,120,120,-40
07/16/2018 16:55,SCH - HQ_IMPORT_EXPORT,325376,1140,1310,-9999
07/16/2018 16:55,SCH - NE - NY,23318,-471.42,1400,-1600
07/16/2018 16:55,SCH - NPX_1385,325277,130,200,-200
07/16/2018 16:55,SCH - NPX_CSC,325154,330,330,-330
07/16/2018 16:55,SCH - OH - NY,23317,51.02,600,-1750
07/16/2018 16:55,SCH - PJ - NY,23316,1506.77,1800,-1100
07/16/2018 16:55,SCH - PJM_HTP,325905,460,660,-660
07/16/2018 16:55,SCH - PJM_NEPTUNE,325305,608,660,-660
07/16/2018 16:55,SCH - PJM_VFT,325658,150,315,-315
07/16/2018 16:55,SPR/DUN-SOUTH,23320,2965.92,4350,-9999
07/16/2018 16:55,TOTAL EAST,23314,3240.04,6800,-9999
07/16/2018 16:55,UPNY CONED,23315,3170.49,5700,-9999
07/16/2018 16:55,WEST CENTRAL,23312,264.47,9999,-9999
07/16/2018 17:00,CENTRAL EAST - VC,23330,1730.64,2455,-9999
07/16/2018 17:00,DYSINGER EAST,23326,1439.7,3150,-9999
07/16/2018 17:00,MOSES SOUTH,23319,1939.29,3150,-1600
07/16/2018 17:00,SCH - HQ - NY,23324,1440,1440,-1000
07/16/2018 17:00,SCH - HQ_CEDARS,325274,120,120,-40
07/16/2018 17:00,SCH - HQ_IMPORT_EXPORT,325376,1140,1310,-9999
07/16/2018 17:00,SCH - NE - NY,23318,-375.99,1400,-1600
07/16/2018 17:00,SCH - NPX_1385,325277,129,200,-200
07/16/2018 17:00,SCH - NPX_CSC,325154,330,330,-330
07/16/2018 17:00,SCH - OH - NY,23317,132.08,600,-1750
07/16/2018 17:00,SCH - PJ - NY,23316,1498.32,1800,-1100
07/16/2018 17:00,SCH - PJM_HTP,325905,460,660,-660
07/16/2018 17:00,SCH - PJM_NEPTUNE,325305,559,660,-660
07/16/2018 17:00,SCH - PJM_VFT,325658,11,315,-315
07/16/2018 17:00,SPR/DUN-SOUTH,23320,2973.55,4350,-9999
07/16/2018 17:00,TOTAL EAST,23314,3276.17,6800,-9999
07/16/2018 17:00,UPNY CONED,23315,3204.29,5700,-9999
07/16/2018 17:00,WEST CENTRAL,23312,203.34,9999,-9999
07/16/2018 17:05,CENTRAL EAST - VC,23330,1751.31,2455,-9999
07/16/2018 17:05,DYSINGER EAST,23326,1461.13,3150,-9999
07/16/2018 17:05,MOSES SOUTH,23319,1945.71,3150,-1600
07/16/2018 17:05,SCH - HQ - NY,23324,1440,1440,-1000
07/16/2018 17:05,SCH - HQ_CEDARS,325274,120,120,-40
07/16/2018 17:05,SCH - HQ_IMPORT_EXPORT,325376,1140,1310,-9999
07/16/2018 17:05,SCH - NE - NY,23318,-280.56,1400,-1600
07/16/2018 17:05,SCH - NPX_1385,325277,128,200,-200
07/16/2018 17:05,SCH - NPX_CSC,325154,330,330,-330
07/16/2018 17:05,SCH - OH - NY,23317,209.1,600,-1750
07/16/2018 17:05,SCH - PJ - NY,23316,1498.04,1800,-1100
07/16/2018 17:05,SCH - PJM_HTP,325905,460,660,-660
07/16/2018 17:05,SCH - PJM_NEPTUNE,325305,510,660,-660
07/16/2018 17:05,SCH - PJM_VFT,325658,-128,315,-315
07/16/2018 17:05,SPR/DUN-SOUTH,23320,3088.92,4350,-9999
07/16/2018 17:05,TOTAL EAST,23314,3368.13,6800,-9999
07/16/2018 17:05,UPNY CONED,23315,3352.58,5700,-9999
07/16/2018 17:05,WEST CENTRAL,23312,243.95,9999,-9999
07/16/2018 17:10,CENTRAL EAST - VC,23330,1731.23,2455,-9999
07/16/2018 17:10,DYSINGER EAST,23326,1450,3150,-9999
07/16/2018 17:10,MOSES SOUTH,23319,2016.3,3150,-1600
07/16/2018 17:10,SCH - HQ - NY,23324,1440,1440,-1000
07/16/2018 17:10,SCH - HQ_CEDARS,325274,120,120,-40
07/16/2018 17:10,SCH - HQ_IMPORT_EXPORT,325376,1140,1310,-9999
07/16/2018 17:10,SCH - NE - NY,23318,-280.79,1400,-1600
07/16/2018 17:10,SCH - NPX_1385,325277,128,200,-200
07/16/2018 17:10,SCH - NPX_CSC,325154,330,330,-330
07/16/2018 17:10,SCH - OH - NY,23317,209.01,600,-1750
07/16/2018 17:10,SCH - PJ - NY,23316,1499.51,1800,-1100
07/16/2018 17:10,SCH - PJM_HTP,325905,460,660,-660
07/16/2018 17:10,SCH - PJM_NEPTUNE,325305,510,660,-660
07/16/2018 17:10,SCH - PJM_VFT,325658,-128,315,-315
07/16/2018 17:10,SPR/DUN-SOUTH,23320,3053.75,4350,-9999
07/16/2018 17:10,TOTAL EAST,23314,3399.44,6800,-9999
07/16/2018 17:10,UPNY CONED,23315,3339.39,5700,-9999
07/16/2018 17:10,WEST CENTRAL,23312,237.89,9999,-9999
07/16/2018 17:15,CENTRAL EAST - VC,23330,1743.69,2455,-9999
07/16/2018 17:15,DYSINGER EAST,23326,1406.2,3150,-9999
07/16/2018 17:15,MOSES SOUTH,23319,2088.42,3150,-1600
07/16/2018 17:15,SCH - HQ - NY,23324,1440,1440,-1000
07/16/2018 17:15,SCH - HQ_CEDARS,325274,120,120,-40
07/16/2018 17:15,SCH - HQ_IMPORT_EXPORT,325376,1140,1310,-9999
07/16/2018 17:15,SCH - NE - NY,23318,-301.38,1400,-1600
07/16/2018 17:15,SCH - NPX_1385,325277,128,200,-200
07/16/2018 17:15,SCH - NPX_CSC,325154,330,330,-330
07/16/2018 17:15,SCH - OH - NY,23317,208.96,600,-1750
07/16/2018 17:15,SCH - PJ - NY,23316,1500.21,1800,-1100
07/16/2018 17:15,SCH - PJM_HTP,325905,460,660,-660
07/16/2018 17:15,SCH - PJM_NEPTUNE,325305,510,660,-660
07/16/2018 17:15,SCH - PJM_VFT,325658,-128,315,-315
07/16/2018 17:15,SPR/DUN-SOUTH,23320,3012.6,4350,-9999
07/16/2018 17:15,TOTAL EAST,23314,3395.82,6800,-9999
07/16/2018 17:15,UPNY CONED,23315,3314.85,5700,-9999
07/16/2018 17:15,WEST CENTRAL,23312,203.5,9999,-9999
07/16/2018 17:20,CENTRAL EAST - VC,23330,1743.69,2455,-9999
07/16/2018 17:20,DYSINGER EAST,23326,1397.19,3150,-9999
07/16/2018 17:20,MOSES SOUTH,23319,2116.94,3150,-1600
07/16/2018 17:20,SCH - HQ - NY,23324,1440,1440,-1000
07/16/2018 17:20,SCH - HQ_CEDARS,325274,120,120,-40
07/16/2018 17:20,SCH - HQ_IMPORT_EXPORT,325376,1140,1310,-9999
07/16/2018 17:20,SCH - NE - NY,23318,-323.24,1400,-1600
07/16/2018 17:20,SCH - NPX_1385,325277,128,200,-200
07/16/2018 17:20,SCH - NPX_CSC,325154,330,330,-330
07/16/2018 17:20,SCH - OH - NY,23317,208.83,600,-1750
07/16/2018 17:20,SCH - PJ - NY,23316,1502.06,1800,-1100
07/16/2018 17:20,SCH - PJM_HTP,325905,460,660,-660
07/16/2018 17:20,SCH - PJM_NEPTUNE,325305,510,660,-660
07/16/2018 17:20,SCH - PJM_VFT,325658,-128,315,-315
07/16/2018 17:20,SPR/DUN-SOUTH,23320,3014.3,4350,-9999
07/16/2018 17:20,TOTAL EAST,23314,3399.2,6800,-9999
07/16/2018 17:20,UPNY CONED,23315,3307.42,5700,-9999
07/16/2018 17:20,WEST CENTRAL,23312,211.16,9999,-9999
07/16/2018 17:25,CENTRAL EAST - VC,23330,1770.37,2455,-9999
07/16/2018 17:25,DYSINGER EAST,23326,1453.71,3150,-9999
07/16/2018 17:25,MOSES SOUTH,23319,2121.85,3150,-1600
07/16/2018 17:25,SCH - HQ - NY,23324,1440,1440,-1000
07/16/2018 17:25,SCH - HQ_CEDARS,325274,120,120,-40
07/16/2018 17:25,SCH - HQ_IMPORT_EXPORT,325376,1140,1310,-9999
07/16/2018 17:25,SCH - NE - NY,23318,-323.05,1400,-1600
07/16/2018 17:25,SCH - NPX_1385,325277,128,200,-200
07/16/2018 17:25,SCH - NPX_CSC,325154,330,330,-330
07/16/2018 17:25,SCH - OH - NY,23317,206.68,600,-1750
07/16/2018 17:25,SCH - PJ - NY,23316,1503.21,1800,-1100
07/16/2018 17:25,SCH - PJM_HTP,325905,460,660,-660
07/16/2018 17:25,SCH - PJM_NEPTUNE,325305,510,660,-660
07/16/2018 17:25,SCH - PJM_VFT,325658,-128,315,-315
07/16/2018 17:25,SPR/DUN-SOUTH,23320,3064.8,4350,-9999
07/16/2018 17:25,TOTAL EAST,23314,3423.53,6800,-9999
07/16/2018 17:25,UPNY CONED,23315,3355.78,5700,-9999
07/16/2018 17:25,WEST CENTRAL,23312,273.94,9999,-9999
07/16/2018 17:30,CENTRAL EAST - VC,23330,1789.77,2455,-9999
07/16/2018 17:30,DYSINGER EAST,23326,1477.35,3150,-9999
07/16/2018 17:30,MOSES SOUTH,23319,2121.86,3150,-1600
07/16/2018 17:30,SCH - HQ - NY,23324,1440,1440,-1000
07/16/2018 17:30,SCH - HQ_CEDARS,325274,120,120,-40
07/16/2018 17:30,SCH - HQ_IMPORT_EXPORT,325376,1140,1310,-9999
07/16/2018 17:30,SCH - NE - NY,23318,-336.06,1400,-1600
07/16/2018 17:30,SCH - NPX_1385,325277,128,200,-200
07/16/2018 17:30,SCH - NPX_CSC,325154,330,330,-330
07/16/2018 17:30,SCH - OH - NY,23317,206.44,600,-1750
07/16/2018 17:30,SCH - PJ - NY,23316,1502.46,1800,-1100
07/16/2018 17:30,SCH - PJM_HTP,325905,427,660,-660
07/16/2018 17:30,SCH - PJM_NEPTUNE,325305,510,660,-660
07/16/2018 17:30,SCH - PJM_VFT,325658,-128,315,-315
07/16/2018 17:30,SPR/DUN-SOUTH,23320,3076.26,4350,-9999
07/16/2018 17:30,TOTAL EAST,23314,3435.9,6800,-9999
07/16/2018 17:30,UPNY CONED,23315,3357.49,5700,-9999
07/16/2018 17:30,WEST CENTRAL,23312,303.32,9999,-9999
07/16/2018 17:35,CENTRAL EAST - VC,23330,1766.2,2455,-9999
07/16/2018 17:35,DYSINGER EAST,23326,1422.31,3150,-9999
07/16/2018 17:35,MOSES SOUTH,23319,2119.33,3150,-1600
07/16/2018 17:35,SCH - HQ - NY,23324,1440,1440,-1000
07/16/2018 17:35,SCH - HQ_CEDARS,325274,120,120,-40
07/16/2018 17:35,SCH - HQ_IMPORT_EXPORT,325376,1140,1310,-9999
07/16/2018 17:35,SCH - NE - NY,23318,-350.03,1400,-1600
07/16/2018 17:35,SCH - NPX_1385,325277,128,200,-200
07/16/2018 17:35,SCH - NPX_CSC,325154,330,330,-330
07/16/2018 17:35,SCH - OH - NY,23317,208.89,600,-1750
07/16/2018 17:35,SCH - PJ - NY,23316,1500.98,1800,-1100
07/16/2018 17:35,SCH - PJM_HTP,325905,395,660,-660
07/16/2018 17:35,SCH - PJM_NEPTUNE,325305,510,660,-660
07/16/2018 17:35,SCH - PJM_VFT,325658,-128,315,-315
07/16/2018 17:35,SPR/DUN-SOUTH,23320,3076.17,4350,-9999
07/16/2018 17:35,TOTAL EAST,23314,3458.57,6800,-9999
07/16/2018 17:35,UPNY CONED,23315,3353.89,5700,-9999
07/16/2018 17:35,WEST CENTRAL,23312,256.32,9999,-9999
07/16/2018 17:40,CENTRAL EAST - VC,23330,1765.03,2455,-9999
07/16/2018 17:40,DYSINGER EAST,23326,1385.94,3150,-9999
07/16/2018 17:40,MOSES SOUTH,23319,2099.39,3150,-1600
07/16/2018 17:40,SCH - HQ - NY,23324,1440,1440,-1000
07/16/2018 17:40,SCH - HQ_CEDARS,325274,120,120,-40
07/16/2018 17:40,SCH - HQ_IMPORT_EXPORT,325376,1140,1310,-9999
07/16/2018 17:40,SCH - NE - NY,23318,-349.91,1400,-1600
07/16/2018 17:40,SCH - NPX_1385,325277,128,200,-200
07/16/2018 17:40,SCH - NPX_CSC,325154,330,330,-330
07/16/2018 17:40,SCH - OH - NY,23317,208.97,600,-1750
07/16/2018 17:40,SCH - PJ - NY,23316,1499.22,1800,-1100
07/16/2018 17:40,SCH - PJM_HTP,325905,395,660,-660
07/16/2018 17:40,SCH - PJM_NEPTUNE,325305,510,660,-660
07/16/2018 17:40,SCH - PJM_VFT,325658,-128,315,-315
07/16/2018 17:40,SPR/DUN-SOUTH,23320,3057.11,4350,-9999
07/16/2018 17:40,TOTAL EAST,23314,3422.05,6800,-9999
07/16/2018 17:40,UPNY CONED,23315,3339.27,5700,-9999
07/16/2018 17:40,WEST CENTRAL,23312,225.84,9999,-9999
07/16/2018 17:45,CENTRAL EAST - VC,23330,1768.64,2455,-9999
07/16/2018 17:45,DYSINGER EAST,23326,1407.94,3150,-9999
07/16/2018 17:45,MOSES SOUTH,23319,2088.19,3150,-1600
07/16/2018 17:45,SCH - HQ - NY,23324,1440,1440,-1000
07/16/2018 17:45,SCH - HQ_CEDARS,325274,120,120,-40
07/16/2018 17:45,SCH - HQ_IMPORT_EXPORT,325376,1140,1310,-9999
07/16/2018 17:45,SCH - NE - NY,23318,-335.94,1400,-1600
07/16/2018 17:45,SCH - NPX_1385,325277,128,200,-200
07/16/2018 17:45,SCH - NPX_CSC,325154,330,330,-330
07/16/2018 17:45,SCH - OH - NY,23317,209.03,600,-1750
07/16/2018 17:45,SCH - PJ - NY,23316,1499.67,1800,-1100
07/16/2018 17:45,SCH - PJM_HTP,325905,362,660,-660
07/16/2018 17:45,SCH - PJM_NEPTUNE,325305,510,660,-660
07/16/2018 17:45,SCH - PJM_VFT,325658,-128,315,-315
07/16/2018 17:45,SPR/DUN-SOUTH,23320,3042.25,4350,-9999
07/16/2018 17:45,TOTAL EAST,23314,3492.21,6800,-9999
07/16/2018 17:45,UPNY CONED,23315,3286.83,5700,-9999
07/16/2018 17:45,WEST CENTRAL,23312,255.57,9999,-9999
07/16/2018 17:50,CENTRAL EAST - VC,23330,1765.09,2455,-9999
07/16/2018 17:50,DYSINGER EAST,23326,1406.46,3150,-9999
07/16/2018 17:50,MOSES SOUTH,23319,2093.55,3150,-1600
07/16/2018 17:50,SCH - HQ - NY,23324,1440,1440,-1000
07/16/2018 17:50,SCH - HQ_CEDARS,325274,120,120,-40
07/16/2018 17:50,SCH - HQ_IMPORT_EXPORT,325376,1140,1310,-9999
07/16/2018 17:50,SCH - NE - NY,23318,-323.23,1400,-1600
07/16/2018 17:50,SCH - NPX_1385,325277,128,200,-200
07/16/2018 17:50,SCH - NPX_CSC,325154,330,330,-330
07/16/2018 17:50,SCH - OH - NY,23317,208.93,600,-1750
07/16/2018 17:50,SCH - PJ - NY,23316,1498.9,1800,-1100
07/16/2018 17:50,SCH - PJM_HTP,325905,330,660,-660
07/16/2018 17:50,SCH - PJM_NEPTUNE,325305,510,660,-660
07/16/2018 17:50,SCH - PJM_VFT,325658,-128,315,-315
07/16/2018 17:50,SPR/DUN-SOUTH,23320,3039.57,4350,-9999
07/16/2018 17:50,TOTAL EAST,23314,3474.94,6800,-9999
07/16/2018 17:50,UPNY CONED,23315,3290.06,5700,-9999
07/16/2018 17:50,WEST CENTRAL,23312,259.32,9999,-9999
07/16/2018 17:55,CENTRAL EAST - VC,23330,1718.77,2455,-9999
07/16/2018 17:55,DYSINGER EAST,23326,1370.86,3150,-9999
07/16/2018 17:55,MOSES SOUTH,23319,2098.91,3150,-1600
07/16/2018 17:55,SCH - HQ - NY,23324,1440,1440,-1000
07/16/2018 17:55,SCH - HQ_CEDARS,325274,120,120,-40
07/16/2018 17:55,SCH - HQ_IMPORT_EXPORT,325376,1140,1310,-9999
07/16/2018 17:55,SCH - NE - NY,23318,-323.19,1400,-1600
07/16/2018 17:55,SCH - NPX_1385,325277,128,200,-200
07/16/2018 17:55,SCH - NPX_CSC,325154,330,330,-330
07/16/2018 17:55,SCH - OH - NY,23317,208.84,600,-1750
07/16/2018 17:55,SCH - PJ - NY,23316,1501.02,1800,-1100
07/16/2018 17:55,SCH - PJM_HTP,325905,330,660,-660
07/16/2018 17:55,SCH - PJM_NEPTUNE,325305,510,660,-660
07/16/2018 17:55,SCH - PJM_VFT,325658,-128,315,-315
07/16/2018 17:55,SPR/DUN-SOUTH,23320,2968.45,4350,-9999
07/16/2018 17:55,TOTAL EAST,23314,3428.48,6800,-9999
07/16/2018 17:55,UPNY CONED,23315,3215.63,5700,-9999
07/16/2018 17:55,WEST CENTRAL,23312,230.76,9999,-9999
07/16/2018 18:00,CENTRAL EAST - VC,23330,1751.56,2455,-9999
07/16/2018 18:00,DYSINGER EAST,23326,1491.28,3150,-9999
07/16/2018 18:00,MOSES SOUTH,23319,2105.78,3150,-1600
07/16/2018 18:00,SCH - HQ - NY,23324,1440,1440,-1000
07/16/2018 18:00,SCH - HQ_CEDARS,325274,120,120,-40
07/16/2018 18:00,SCH - HQ_IMPORT_EXPORT,325376,1140,1310,-9999
07/16/2018 18:00,SCH - NE - NY,23318,-416.06,1400,-1600
07/16/2018 18:00,SCH - NPX_1385,325277,129,200,-200
07/16/2018 18:00,SCH - NPX_CSC,325154,330,330,-330
07/16/2018 18:00,SCH - OH - NY,23317,253.82,600,-1750
07/16/2018 18:00,SCH - PJ - NY,23316,1440.96,1800,-1100
07/16/2018 18:00,SCH - PJM_HTP,325905,265,660,-660
07/16/2018 18:00,SCH - PJM_NEPTUNE,325305,551,660,-660
07/16/2018 18:00,SCH - PJM_VFT,325658,-42,315,-315
07/16/2018 18:00,SPR/DUN-SOUTH,23320,2933.99,4350,-9999
07/16/2018 18:00,TOTAL EAST,23314,3507.39,6800,-9999
07/16/2018 18:00,UPNY CONED,23315,3102.78,5700,-9999
07/16/2018 18:00,WEST CENTRAL,23312,361.02,9999,-9999
07/16/2018 18:05,CENTRAL EAST - VC,23330,1795.8,2455,-9999
07/16/2018 18:05,DYSINGER EAST,23326,1514.21,3150,-9999
07/16/2018 18:05,MOSES SOUTH,23319,2086.28,3150,-1600
07/16/2018 18:05,SCH - HQ - NY,23324,1440,1440,-1000
07/16/2018 18:05,SCH - HQ_CEDARS,325274,120,120,-40
07/16/2018 18:05,SCH - HQ_IMPORT_EXPORT,325376,1140,1310,-9999
07/16/2018 18:05,SCH - NE - NY,23318,-508.99,1400,-1600
07/16/2018 18:05,SCH - NPX_1385,325277,130,200,-200
07/16/2018 18:05,SCH - NPX_CSC,325154,330,330,-330
07/16/2018 18:05,SCH - OH - NY,23317,299.93,600,-1750
07/16/2018 18:05,SCH - PJ - NY,23316,1374.85,1800,-1100
07/16/2018 18:05,SCH - PJM_HTP,325905,200,660,-660
07/16/2018 18:05,SCH - PJM_NEPTUNE,325305,593,660,-660
07/16/2018 18:05,SCH - PJM_VFT,325658,45,315,-315
07/16/2018 18:05,SPR/DUN-SOUTH,23320,2916.97,4350,-9999
07/16/2018 18:05,TOTAL EAST,23314,3465.4,6800,-9999
07/16/2018 18:05,UPNY CONED,23315,3017.34,5700,-9999
07/16/2018 18:05,WEST CENTRAL,23312,391.79,9999,-9999
07/16/2018 18:10,CENTRAL EAST - VC,23330,1760.99,2455,-9999
07/16/2018 18:10,DYSINGER EAST,23326,1409.58,3150,-9999
07/16/2018 18:10,MOSES SOUTH,23319,2095.21,3150,-1600
07/16/2018 18:10,SCH - HQ - NY,23324,1440,1440,-1000
07/16/2018 18:10,SCH - HQ_CEDARS,325274,120,120,-40
07/16/2018 18:10,SCH - HQ_IMPORT_EXPORT,325376,1140,1310,-9999
07/16/2018 18:10,SCH - NE - NY,23318,-508.36,1400,-1600
07/16/2018 18:10,SCH - NPX_1385,325277,130,200,-200
07/16/2018 18:10,SCH - NPX_CSC,325154,330,330,-330
07/16/2018 18:10,SCH - OH - NY,23317,300,600,-1750
07/16/2018 18:10,SCH - PJ - NY,23316,1374.86,1800,-1100
07/16/2018 18:10,SCH - PJM_HTP,325905,200,660,-660
07/16/2018 18:10,SCH - PJM_NEPTUNE,325305,593,660,-660
07/16/2018 18:10,SCH - PJM_VFT,325658,45,315,-315
07/16/2018 18:10,SPR/DUN-SOUTH,23320,2880.82,4350,-9999
07/16/2018 18:10,TOTAL EAST,23314,3391.33,6800,-9999
07/16/2018 18:10,UPNY CONED,23315,2970.54,5700,-9999
07/16/2018 18:10,WEST CENTRAL,23312,283.03,9999,-9999
07/16/2018 18:15,CENTRAL EAST - VC,23330,1761.08,2455,-9999
07/16/2018 18:15,DYSINGER EAST,23326,1345.64,3150,-9999
07/16/2018 18:15,MOSES SOUTH,23319,2128.61,3150,-1600
07/16/2018 18:15,SCH - HQ - NY,23324,1440,1440,-1000
07/16/2018 18:15,SCH - HQ_CEDARS,325274,120,120,-40
07/16/2018 18:15,SCH - HQ_IMPORT_EXPORT,325376,1140,1310,-9999
07/16/2018 18:15,SCH - NE - NY,23318,-579.71,1400,-1600
07/16/2018 18:15,SCH - NPX_1385,325277,130,200,-200
07/16/2018 18:15,SCH - NPX_CSC,325154,330,330,-330
07/16/2018 18:15,SCH - OH - NY,23317,300.18,600,-1750
07/16/2018 18:15,SCH - PJ - NY,23316,1375.33,1800,-1100
07/16/2018 18:15,SCH - PJM_HTP,325905,200,660,-660
07/16/2018 18:15,SCH - PJM_NEPTUNE,325305,593,660,-660
07/16/2018 18:15,SCH - PJM_VFT,325658,50,315,-315
07/16/2018 18:15,SPR/DUN-SOUTH,23320,2880.53,4350,-9999
07/16/2018 18:15,TOTAL EAST,23314,3427.38,6800,-9999
07/16/2018 18:15,UPNY CONED,23315,2967.34,5700,-9999
07/16/2018 18:15,WEST CENTRAL,23312,221.41,9999,-9999
07/16/2018 18:20,CENTRAL EAST - VC,23330,1764.93,2455,-9999
07/16/2018 18:20,DYSINGER EAST,23326,1334.6,3150,-9999
07/16/2018 18:20,MOSES SOUTH,23319,2130.89,3150,-1600
07/16/2018 18:20,SCH - HQ - NY,23324,1440,1440,-1000
07/16/2018 18:20,SCH - HQ_CEDARS,325274,120,120,-40
07/16/2018 18:20,SCH - HQ_IMPORT_EXPORT,325376,1140,1310,-9999
07/16/2018 18:20,SCH - NE - NY,23318,-650.07,1400,-1600
07/16/2018 18:20,SCH - NPX_1385,325277,130,200,-200
07/16/2018 18:20,SCH - NPX_CSC,325154,330,330,-330
07/16/2018 18:20,SCH - OH - NY,23317,300.27,600,-1750
07/16/2018 18:20,SCH - PJ - NY,23316,1375.08,1800,-1100
07/16/2018 18:20,SCH - PJM_HTP,325905,200,660,-660
07/16/2018 18:20,SCH - PJM_NEPTUNE,325305,593,660,-660
07/16/2018 18:20,SCH - PJM_VFT,325658,55,315,-315
07/16/2018 18:20,SPR/DUN-SOUTH,23320,2798.39,4350,-9999
07/16/2018 18:20,TOTAL EAST,23314,3422.62,6800,-9999
07/16/2018 18:20,UPNY CONED,23315,2884.91,5700,-9999
07/16/2018 18:20,WEST CENTRAL,23312,217.49,9999,-9999
07/16/2018 18:25,CENTRAL EAST - VC,23330,1781.44,2455,-9999
07/16/2018 18:25,DYSINGER EAST,23326,1369.94,3150,-9999
07/16/2018 18:25,MOSES SOUTH,23319,2145.36,3150,-1600
07/16/2018 18:25,SCH - HQ - NY,23324,1440,1440,-1000
07/16/2018 18:25,SCH - HQ_CEDARS,325274,120,120,-40
07/16/2018 18:25,SCH - HQ_IMPORT_EXPORT,325376,1140,1310,-9999
07/16/2018 18:25,SCH - NE - NY,23318,-649.72,1400,-1600
07/16/2018 18:25,SCH - NPX_1385,325277,130,200,-200
07/16/2018 18:25,SCH - NPX_CSC,325154,330,330,-330
07/16/2018 18:25,SCH - OH - NY,23317,300.08,600,-1750
07/16/2018 18:25,SCH - PJ - NY,23316,1373.96,1800,-1100
07/16/2018 18:25,SCH - PJM_HTP,325905,200,660,-660
07/16/2018 18:25,SCH - PJM_NEPTUNE,325305,593,660,-660
07/16/2018 18:25,SCH - PJM_VFT,325658,55,315,-315
07/16/2018 18:25,SPR/DUN-SOUTH,23320,2827.12,4350,-9999
07/16/2018 18:25,TOTAL EAST,23314,3419.56,6800,-9999
07/16/2018 18:25,UPNY CONED,23315,2899.78,5700,-9999
07/16/2018 18:25,WEST CENTRAL,23312,238.19,9999,-9999
07/16/2018 18:30,CENTRAL EAST - VC,23330,1785.45,2455,-9999
07/16/2018 18:30,DYSINGER EAST,23326,1371.76,3150,-9999
07/16/2018 18:30,MOSES SOUTH,23319,2109.2,3150,-1600
07/16/2018 18:30,SCH - HQ - NY,23324,1440,1440,-1000
07/16/2018 18:30,SCH - HQ_CEDARS,325274,120,120,-40
07/16/2018 18:30,SCH - HQ_IMPORT_EXPORT,325376,1140,1310,-9999
07/16/2018 18:30,SCH - NE - NY,23318,-653.68,1400,-1600
07/16/2018 18:30,SCH - NPX_1385,325277,130,200,-200
07/16/2018 18:30,SCH - NPX_CSC,325154,330,330,-330
07/16/2018 18:30,SCH - OH - NY,23317,300.31,600,-1750
07/16/2018 18:30,SCH - PJ - NY,23316,1372.57,1800,-1100
07/16/2018 18:30,SCH - PJM_HTP,325905,200,660,-660
07/16/2018 18:30,SCH - PJM_NEPTUNE,325305,593,660,-660
07/16/2018 18:30,SCH - PJM_VFT,325658,35,315,-315
07/16/2018 18:30,SPR/DUN-SOUTH,23320,2879.71,4350,-9999
07/16/2018 18:30,TOTAL EAST,23314,3447.91,6800,-9999
07/16/2018 18:30,UPNY CONED,23315,2942.34,5700,-9999
07/16/2018 18:30,WEST CENTRAL,23312,247.38,9999,-9999
07/16/2018 18:35,CENTRAL EAST - VC,23330,1769.7,2455,-9999
07/16/2018 18:35,DYSINGER EAST,23326,1432.77,3150,-9999
07/16/2018 18:35,MOSES SOUTH,23319,1994.73,3150,-1600
07/16/2018 18:35,SCH - HQ - NY,23324,1440,1440,-1000
07/16/2018 18:35,SCH - HQ_CEDARS,325274,120,120,-40
07/16/2018 18:35,SCH - HQ_IMPORT_EXPORT,325376,1140,1310,-9999
07/16/2018 18:35,SCH - NE - NY,23318,-657.55,1400,-1600
07/16/2018 18:35,SCH - NPX_1385,325277,130,200,-200
07/16/2018 18:35,SCH - NPX_CSC,325154,330,330,-330
07/16/2018 18:35,SCH - OH - NY,23317,300.37,600,-1750
07/16/2018 18:35,SCH - PJ - NY,23316,1373.32,1800,-1100
07/16/2018 18:35,SCH - PJM_HTP,325905,200,660,-660
07/16/2018 18:35,SCH - PJM_NEPTUNE,325305,593,660,-660
07/16/2018 18:35,SCH - PJM_VFT,325658,14,315,-315
07/16/2018 18:35,SPR/DUN-SOUTH,23320,2919.28,4350,-9999
07/16/2018 18:35,TOTAL EAST,23314,3457.08,6800,-9999
07/16/2018 18:35,UPNY CONED,23315,2957.68,5700,-9999
07/16/2018 18:35,WEST CENTRAL,23312,314.07,9999,-9999
07/16/2018 18:40,CENTRAL EAST - VC,23330,1763.11,2455,-9999
07/16/2018 18:40,DYSINGER EAST,23326,1435.58,3150,-9999
07/16/2018 18:40,MOSES SOUTH,23319,1999.11,3150,-1600
07/16/2018 18:40,SCH - HQ - NY,23324,1440,1440,-1000
07/16/2018 18:40,SCH - HQ_CEDARS,325274,120,120,-40
07/16/2018 18:40,SCH - HQ_IMPORT_EXPORT,325376,1140,1310,-9999
07/16/2018 18:40,SCH - NE - NY,23318,-657.82,1400,-1600
07/16/2018 18:40,SCH - NPX_1385,325277,130,200,-200
07/16/2018 18:40,SCH - NPX_CSC,325154,330,330,-330
07/16/2018 18:40,SCH - OH - NY,23317,300.24,600,-1750
07/16/2018 18:40,SCH - PJ - NY,23316,1369.56,1800,-1100
07/16/2018 18:40,SCH - PJM_HTP,325905,200,660,-660
07/16/2018 18:40,SCH - PJM_NEPTUNE,325305,593,660,-660
07/16/2018 18:40,SCH - PJM_VFT,325658,15,315,-315
07/16/2018 18:40,SPR/DUN-SOUTH,23320,2895.95,4350,-9999
07/16/2018 18:40,TOTAL EAST,23314,3471.86,6800,-9999
07/16/2018 18:40,UPNY CONED,23315,2900.4,5700,-9999
07/16/2018 18:40,WEST CENTRAL,23312,318.18,9999,-9999
07/16/2018 18:45,CENTRAL EAST - VC,23330,1830.16,2455,-9999
07/16/2018 18:45,DYSINGER EAST,23326,1490.5,3150,-9999
07/16/2018 18:45,MOSES SOUTH,23319,2002.59,3150,-1600
07/16/2018 18:45,SCH - HQ - NY,23324,1440,1440,-1000
07/16/2018 18:45,SCH - HQ_CEDARS,325274,120,120,-40
07/16/2018 18:45,SCH - HQ_IMPORT_EXPORT,325376,1140,1310,-9999
07/16/2018 18:45,SCH - NE - NY,23318,-733.54,1400,-1600
07/16/2018 18:45,SCH - NPX_1385,325277,130,200,-200
07/16/2018 18:45,SCH - NPX_CSC,325154,330,330,-330
07/16/2018 18:45,SCH - OH - NY,23317,300.27,600,-1750
07/16/2018 18:45,SCH - PJ - NY,23316,1370.58,1800,-1100
07/16/2018 18:45,SCH - PJM_HTP,325905,200,660,-660
07/16/2018 18:45,SCH - PJM_NEPTUNE,325305,593,660,-660
07/16/2018 18:45,SCH - PJM_VFT,325658,31,315,-315
07/16/2018 18:45,SPR/DUN-SOUTH,23320,2938.39,4350,-9999
07/16/2018 18:45,TOTAL EAST,23314,3558.56,6800,-9999
07/16/2018 18:45,UPNY CONED,23315,2924.77,5700,-9999
07/16/2018 18:45,WEST CENTRAL,23312,386.1,9999,-9999
07/16/2018 18:50,CENTRAL EAST - VC,23330,1874.71,2455,-9999
07/16/2018 18:50,DYSINGER EAST,23326,1532.5,3150,-9999
07/16/2018 18:50,MOSES SOUTH,23319,2009.48,3150,-1600
07/16/2018 18:50,SCH - HQ - NY,23324,1440,1440,-1000
07/16/2018 18:50,SCH - HQ_CEDARS,325274,120,120,-40
07/16/2018 18:50,SCH - HQ_IMPORT_EXPORT,325376,1140,1310,-9999
07/16/2018 18:50,SCH - NE - NY,23318,-808.76,1400,-1600
07/16/2018 18:50,SCH - NPX_1385,325277,130,200,-200
07/16/2018 18:50,SCH - NPX_CSC,325154,330,330,-330
07/16/2018 18:50,SCH - OH - NY,23317,300.17,600,-1750
07/16/2018 18:50,SCH - PJ - NY,23316,1370.38,1800,-1100
07/16/2018 18:50,SCH - PJM_HTP,325905,200,660,-660
07/16/2018 18:50,SCH - PJM_NEPTUNE,325305,593,660,-660
07/16/2018 18:50,SCH - PJM_VFT,325658,47,315,-315
07/16/2018 18:50,SPR/DUN-SOUTH,23320,2916.74,4350,-9999
07/16/2018 18:50,TOTAL EAST,23314,3583.7,6800,-9999
07/16/2018 18:50,UPNY CONED,23315,2900.45,5700,-9999
07/16/2018 18:50,WEST CENTRAL,23312,431.26,9999,-9999
07/16/2018 18:55,CENTRAL EAST - VC,23330,1863.46,2455,-9999
07/16/2018 18:55,DYSINGER EAST,23326,1419.04,3150,-9999
07/16/2018 18:55,MOSES SOUTH,23319,1999.9,3150,-1600
07/16/2018 18:55,SCH - HQ - NY,23324,1440,1440,-1000
07/16/2018 18:55,SCH - HQ_CEDARS,325274,120,120,-40
07/16/2018 18:55,SCH - HQ_IMPORT_EXPORT,325376,1140,1310,-9999
07/16/2018 18:55,SCH - NE - NY,23318,-808.61,1400,-1600
07/16/2018 18:55,SCH - NPX_1385,325277,130,200,-200
07/16/2018 18:55,SCH - NPX_CSC,325154,330,330,-330
07/16/2018 18:55,SCH - OH - NY,23317,300.35,600,-1750
07/16/2018 18:55,SCH - PJ - NY,23316,1372.48,1800,-1100
07/16/2018 18:55,SCH - PJM_HTP,325905,200,660,-660
07/16/2018 18:55,SCH - PJM_NEPTUNE,325305,593,660,-660
07/16/2018 18:55,SCH - PJM_VFT,325658,47,315,-315
07/16/2018 18:55,SPR/DUN-SOUTH,23320,2943.55,4350,-9999
07/16/2018 18:55,TOTAL EAST,23314,3632.2,6800,-9999
07/16/2018 18:55,UPNY CONED,23315,2907.28,5700,-9999
07/16/2018 18:55,WEST CENTRAL,23312,314.2,9999,-9999
07/16/2018 19:00,CENTRAL EAST - VC,23330,1899.51,2455,-9999
07/16/2018 19:00,DYSINGER EAST,23326,1463.58,3150,-9999
07/16/2018 19:00,MOSES SOUTH,23319,2000.73,3150,-1600
07/16/2018 19:00,SCH - HQ - NY,23324,1440,1440,-1000
07/16/2018 19:00,SCH - HQ_CEDARS,325274,120,120,-40
07/16/2018 19:00,SCH - HQ_IMPORT_EXPORT,325376,1140,1310,-9999
07/16/2018 19:00,SCH - NE - NY,23318,-826.53,1400,-1600
07/16/2018 19:00,SCH - NPX_1385,325277,79,200,-200
07/16/2018 19:00,SCH - NPX_CSC,325154,330,330,-330
07/16/2018 19:00,SCH - OH - NY,23317,300.45,600,-1750
07/16/2018 19:00,SCH - PJ - NY,23316,1435.21,1800,-1100
07/16/2018 19:00,SCH - PJM_HTP,325905,265,660,-660
07/16/2018 19:00,SCH - PJM_NEPTUNE,325305,544,660,-660
07/16/2018 19:00,SCH - PJM_VFT,325658,118,315,-315
07/16/2018 19:00,SPR/DUN-SOUTH,23320,2824.38,4350,-9999
07/16/2018 19:00,TOTAL EAST,23314,3763.71,6800,-9999
07/16/2018 19:00,UPNY CONED,23315,2960.56,5700,-9999
07/16/2018 19:00,WEST CENTRAL,23312,373.93,9999,-9999
07/16/2018 19:05,CENTRAL EAST - VC,23330,1864.84,2455,-9999
07/16/2018 19:05,DYSINGER EAST,23326,1435.73,3150,-9999
07/16/2018 19:05,MOSES SOUTH,23319,1983.22,3150,-1600
07/16/2018 19:05,SCH - HQ - NY,23324,1440,1440,-1000
07/16/2018 19:05,SCH - HQ_CEDARS,325274,120,120,-40
07/16/2018 19:05,SCH - HQ_IMPORT_EXPORT,325376,1140,1310,-9999
07/16/2018 19:05,SCH - NE - NY,23318,-846.16,1400,-1600
07/16/2018 19:05,SCH - NPX_1385,325277,28,200,-200
07/16/2018 19:05,SCH - NPX_CSC,325154,330,330,-330
07/16/2018 19:05,SCH - OH - NY,23317,300.4,600,-1750
07/16/2018 19:05,SCH - PJ - NY,23316,1496.57,1800,-1100
07/16/2018 19:05,SCH - PJM_HTP,325905,330,660,-660
07/16/2018 19:05,SCH - PJM_NEPTUNE,325305,495,660,-660
07/16/2018 19:05,SCH - PJM_VFT,325658,190,315,-315
07/16/2018 19:05,SPR/DUN-SOUTH,23320,2743.67,4350,-9999
07/16/2018 19:05,TOTAL EAST,23314,3816.4,6800,-9999
07/16/2018 19:05,UPNY CONED,23315,2946.97,5700,-9999
07/16/2018 19:05,WEST CENTRAL,23312,352.76,9999,-9999
07/16/2018 19:10,CENTRAL EAST - VC,23330,1874.8,2455,-9999
07/16/2018 19:10,DYSINGER EAST,23326,1452.57,3150,-9999
07/16/2018 19:10,MOSES SOUTH,23319,1972.38,3150,-1600
07/16/2018 19:10,SCH - HQ - NY,23324,1440,1440,-1000
07/16/2018 19:10,SCH - HQ_CEDARS,325274,120,120,-40
07/16/2018 19:10,SCH - HQ_IMPORT_EXPORT,325376,1140,1310,-9999
07/16/2018 19:10,SCH - NE - NY,23318,-845.9,1400,-1600
07/16/2018 19:10,SCH - NPX_1385,325277,29,200,-200
07/16/2018 19:10,SCH - NPX_CSC,325154,330,330,-330
07/16/2018 19:10,SCH - OH - NY,23317,300.29,600,-1750
07/16/2018 19:10,SCH - PJ - NY,23316,1495.28,1800,-1100
07/16/2018 19:10,SCH - PJM_HTP,325905,330,660,-660
07/16/2018 19:10,SCH - PJM_NEPTUNE,325305,495,660,-660
07/16/2018 19:10,SCH - PJM_VFT,325658,190,315,-315
07/16/2018 19:10,SPR/DUN-SOUTH,23320,2722.26,4350,-9999
07/16/2018 19:10,TOTAL EAST,23314,3775.79,6800,-9999
07/16/2018 19:10,UPNY CONED,23315,2889.2,5700,-9999
07/16/2018 19:10,WEST CENTRAL,23312,372.35,9999,-9999
07/16/2018 19:15,CENTRAL EAST - VC,23330,1937.46,2455,-9999
07/16/2018 19:15,DYSINGER EAST,23326,1511.42,3150,-9999
07/16/2018 19:15,MOSES SOUTH,23319,1952.25,3150,-1600
07/16/2018 19:15,SCH - HQ - NY,23324,1440,1440,-1000
07/16/2018 19:15,SCH - HQ_CEDARS,325274,120,120,-40
07/16/2018 19:15,SCH - HQ_IMPORT_EXPORT,325376,1140,1310,-9999
07/16/2018 19:15,SCH - NE - NY,23318,-905.06,1400,-1600
07/16/2018 19:15,SCH - NPX_1385,325277,29,200,-200
07/16/2018 19:15,SCH - NPX_CSC,325154,330,330,-330
07/16/2018 19:15,SCH - OH - NY,23317,300.26,600,-1750
07/16/2018 19:15,SCH - PJ - NY,23316,1496.77,1800,-1100
07/16/2018 19:15,SCH - PJM_HTP,325905,330,660,-660
07/16/2018 19:15,SCH - PJM_NEPTUNE,325305,495,660,-660
07/16/2018 19:15,SCH - PJM_VFT,325658,190,315,-315
07/16/2018 19:15,SPR/DUN-SOUTH,23320,2690.69,4350,-9999
07/16/2018 19:15,TOTAL EAST,23314,3840.82,6800,-9999
07/16/2018 19:15,UPNY CONED,23315,2829.68,5700,-9999
07/16/2018 19:15,WEST CENTRAL,23312,438.8,9999,-9999
07/16/2018 19:20,CENTRAL EAST - VC,23330,1947.58,2455,-9999
07/16/2018 19:20,DYSINGER EAST,23326,1526.88,3150,-9999
07/16/2018 19:20,MOSES SOUTH,23319,1915.44,3150,-1600
07/16/2018 19:20,SCH - HQ - NY,23324,1440,1440,-1000
07/16/2018 19:20,SCH - HQ_CEDARS,325274,120,120,-40
07/16/2018 19:20,SCH - HQ_IMPORT_EXPORT,325376,1140,1310,-9999
07/16/2018 19:20,SCH - NE - NY,23318,-963.48,1400,-1600
07/16/2018 19:20,SCH - NPX_1385,325277,29,200,-200
07/16/2018 19:20,SCH - NPX_CSC,325154,330,330,-330
07/16/2018 19:20,SCH - OH - NY,23317,300.2,600,-1750
07/16/2018 19:20,SCH - PJ - NY,23316,1497.02,1800,-1100
07/16/2018 19:20,SCH - PJM_HTP,325905,330,660,-660
07/16/2018 19:20,SCH - PJM_NEPTUNE,325305,495,660,-660
07/16/2018 19:20,SCH - PJM_VFT,325658,190,315,-315
07/16/2018 19:20,SPR/DUN-SOUTH,23320,2672.71,4350,-9999
07/16/2018 19:20,TOTAL EAST,23314,3851.69,6800,-9999
07/16/2018 19:20,UPNY CONED,23315,2787.87,5700,-9999
07/16/2018 19:20,WEST CENTRAL,23312,460.21,9999,-9999
07/16/2018 19:25,CENTRAL EAST - VC,23330,1929.77,2455,-9999
07/16/2018 19:25,DYSINGER EAST,23326,1494.66,3150,-9999
07/16/2018 19:25,MOSES SOUTH,23319,1908.28,3150,-1600
07/16/2018 19:25,SCH - HQ - NY,23324,1440,1440,-1000
07/16/2018 19:25,SCH - HQ_CEDARS,325274,120,120,-40
07/16/2018 19:25,SCH - HQ_IMPORT_EXPORT,325376,1140,1310,-9999
07/16/2018 19:25,SCH - NE - NY,23318,-963.35,1400,-1600
07/16/2018 19:25,SCH - NPX_1385,325277,29,200,-200
07/16/2018 19:25,SCH - NPX_CSC,325154,330,330,-330
07/16/2018 19:25,SCH - OH - NY,23317,300.14,600,-1750
07/16/2018 19:25,SCH - PJ - NY,23316,1495.94,1800,-1100
07/16/2018 19:25,SCH - PJM_HTP,325905,330,660,-660
07/16/2018 19:25,SCH - PJM_NEPTUNE,325305,495,660,-660
07/16/2018 19:25,SCH - PJM_VFT,325658,190,315,-315
07/16/2018 19:25,SPR/DUN-SOUTH,23320,2664.48,4350,-9999
07/16/2018 19:25,TOTAL EAST,23314,3842.27,6800,-9999
07/16/2018 19:25,UPNY CONED,23315,2749.14,5700,-9999
07/16/2018 19:25,WEST CENTRAL,23312,433.95,9999,-9999
07/16/2018 19:30,CENTRAL EAST - VC,23330,1970.44,2455,-9999
07/16/2018 19:30,DYSINGER EAST,23326,1545.22,3150,-9999
07/16/2018 19:30,MOSES SOUTH,23319,1910.52,3150,-1600
07/16/2018 19:30,SCH - HQ - NY,23324,1440,1440,-1000
07/16/2018 19:30,SCH - HQ_CEDARS,325274,120,120,-40
07/16/2018 19:30,SCH - HQ_IMPORT_EXPORT,325376,1140,1310,-9999
07/16/2018 19:30,SCH - NE - NY,23318,-993.48,1400,-1600
07/16/2018 19:30,SCH - NPX_1385,325277,29,200,-200
07/16/2018 19:30,SCH - NPX_CSC,325154,330,330,-330
07/16/2018 19:30,SCH - OH - NY,23317,300.12,600,-1750
07/16/2018 19:30,SCH - PJ - NY,23316,1496.02,1800,-1100
07/16/2018 19:30,SCH - PJM_HTP,325905,297,660,-660
07/16/2018 19:30,SCH - PJM_NEPTUNE,325305,495,660,-660
07/16/2018 19:30,SCH - PJM_VFT,325658,190,315,-315
07/16/2018 19:30,SPR/DUN-SOUTH,23320,2664.12,4350,-9999
07/16/2018 19:30,TOTAL EAST,23314,3880.61,6800,-9999
07/16/2018 19:30,UPNY CONED,23315,2818.29,5700,-9999
07/16/2018 19:30,WEST CENTRAL,23312,488.47,9999,-9999
07/16/2018 19:35,CENTRAL EAST - VC,23330,1991.01,2455,-9999
07/16/2018 19:35,DYSINGER EAST,23326,1571.2,3150,-9999
07/16/2018 19:35,MOSES SOUTH,23319,1912.34,3150,-1600
07/16/2018 19:35,SCH - HQ - NY,23324,1440,1440,-1000
07/16/2018 19:35,SCH - HQ_CEDARS,325274,120,120,-40
07/16/2018 19:35,SCH - HQ_IMPORT_EXPORT,325376,1140,1310,-9999
07/16/2018 19:35,SCH - NE - NY,23318,-1028.21,1400,-1600
07/16/2018 19:35,SCH - NPX_1385,325277,29,200,-200
07/16/2018 19:35,SCH - NPX_CSC,325154,330,330,-330
07/16/2018 19:35,SCH - OH - NY,23317,300.09,600,-1750
07/16/2018 19:35,SCH - PJ - NY,23316,1498.67,1800,-1100
07/16/2018 19:35,SCH - PJM_HTP,325905,265,660,-660
07/16/2018 19:35,SCH - PJM_NEPTUNE,325305,495,660,-660
07/16/2018 19:35,SCH - PJM_VFT,325658,190,315,-315
07/16/2018 19:35,SPR/DUN-SOUTH,23320,2682.57,4350,-9999
07/16/2018 19:35,TOTAL EAST,23314,3892.57,6800,-9999
07/16/2018 19:35,UPNY CONED,23315,2797.52,5700,-9999
07/16/2018 19:35,WEST CENTRAL,23312,519,9999,-9999
07/16/2018 19:40,CENTRAL EAST - VC,23330,1964.58,2455,-9999
07/16/2018 19:40,DYSINGER EAST,23326,1542.41,3150,-9999
07/16/2018 19:40,MOSES SOUTH,23319,1906.5,3150,-1600
07/16/2018 19:40,SCH - HQ - NY,23324,1440,1440,-1000
07/16/2018 19:40,SCH - HQ_CEDARS,325274,120,120,-40
07/16/2018 19:40,SCH - HQ_IMPORT_EXPORT,325376,1140,1310,-9999
07/16/2018 19:40,SCH - NE - NY,23318,-1023.58,1400,-1600
07/16/2018 19:40,SCH - NPX_1385,325277,29,200,-200
07/16/2018 19:40,SCH - NPX_CSC,325154,330,330,-330
07/16/2018 19:40,SCH - OH - NY,23317,300.02,600,-1750
07/16/2018 19:40,SCH - PJ - NY,23316,1496.87,1800,-1100
07/16/2018 19:40,SCH - PJM_HTP,325905,265,660,-660
07/16/2018 19:40,SCH - PJM_NEPTUNE,325305,495,660,-660
07/16/2018 19:40,SCH - PJM_VFT,325658,190,315,-315
07/16/2018 19:40,SPR/DUN-SOUTH,23320,2678.82,4350,-9999
07/16/2018 19:40,TOTAL EAST,23314,3905.86,6800,-9999
07/16/2018 19:40,UPNY CONED,23315,2789.28,5700,-9999
07/16/2018 19:40,WEST CENTRAL,23312,500.12,9999,-9999
07/16/2018 19:45,CENTRAL EAST - VC,23330,1986.6,2455,-9999
07/16/2018 19:45,DYSINGER EAST,23326,1520.19,3150,-9999
07/16/2018 19:45,MOSES SOUTH,23319,1896.9,3150,-1600
07/16/2018 19:45,SCH - HQ - NY,23324,1440,1440,-1000
07/16/2018 19:45,SCH - HQ_CEDARS,325274,120,120,-40
07/16/2018 19:45,SCH - HQ_IMPORT_EXPORT,325376,1140,1310,-9999
07/16/2018 19:45,SCH - NE - NY,23318,-923.88,1400,-1600
07/16/2018 19:45,SCH - NPX_1385,325277,29,200,-200
07/16/2018 19:45,SCH - NPX_CSC,325154,330,330,-330
07/16/2018 19:45,SCH - OH - NY,23317,300.12,600,-1750
07/16/2018 19:45,SCH - PJ - NY,23316,1473.15,1800,-1100
07/16/2018 19:45,SCH - PJM_HTP,325905,265,660,-660
07/16/2018 19:45,SCH - PJM_NEPTUNE,325305,495,660,-660
07/16/2018 19:45,SCH - PJM_VFT,325658,190,315,-315
07/16/2018 19:45,SPR/DUN-SOUTH,23320,2676.95,4350,-9999
07/16/2018 19:45,TOTAL EAST,23314,3928.24,6800,-9999
07/16/2018 19:45,UPNY CONED,23315,2807.41,5700,-9999
07/16/2018 19:45,WEST CENTRAL,23312,484.33,9999,-9999
07/16/2018 19:50,CENTRAL EAST - VC,23330,1967.23,2455,-9999
07/16/2018 19:50,DYSINGER EAST,23326,1499.72,3150,-9999
07/16/2018 19:50,MOSES SOUTH,23319,1894.53,3150,-1600
07/16/2018 19:50,SCH - HQ - NY,23324,1440,1440,-1000
07/16/2018 19:50,SCH - HQ_CEDARS,325274,120,120,-40
07/16/2018 19:50,SCH - HQ_IMPORT_EXPORT,325376,1140,1310,-9999
07/16/2018 19:50,SCH - NE - NY,23318,-824.57,1400,-1600
07/16/2018 19:50,SCH - NPX_1385,325277,29,200,-200
07/16/2018 19:50,SCH - NPX_CSC,325154,330,330,-330
07/16/2018 19:50,SCH - OH - NY,23317,300.12,600,-1750
07/16/2018 19:50,SCH - PJ - NY,23316,1453.99,1800,-1100
07/16/2018 19:50,SCH - PJM_HTP,325905,265,660,-660
07/16/2018 19:50,SCH - PJM_NEPTUNE,325305,495,660,-660
07/16/2018 19:50,SCH - PJM_VFT,325658,190,315,-315
07/16/2018 19:50,SPR/DUN-SOUTH,23320,2695.92,4350,-9999
07/16/2018 19:50,TOTAL EAST,23314,3907.94,6800,-9999
07/16/2018 19:50,UPNY CONED,23315,2837.24,5700,-9999
07/16/2018 19:50,WEST CENTRAL,23312,471.38,9999,-9999
07/16/2018 19:55,CENTRAL EAST - VC,23330,1915.45,2455,-9999
07/16/2018 19:55,DYSINGER EAST,23326,1428.62,3150,-9999
07/16/2018 19:55,MOSES SOUTH,23319,1902.27,3150,-1600
07/16/2018 19:55,SCH - HQ - NY,23324,1440,1440,-1000
07/16/2018 19:55,SCH - HQ_CEDARS,325274,120,120,-40
07/16/2018 19:55,SCH - HQ_IMPORT_EXPORT,325376,1140,1310,-9999
07/16/2018 19:55,SCH - NE - NY,23318,-824.8,1400,-1600
07/16/2018 19:55,SCH - NPX_1385,325277,29,200,-200
07/16/2018 19:55,SCH - NPX_CSC,325154,330,330,-330
07/16/2018 19:55,SCH - OH - NY,23317,300.14,600,-1750
07/16/2018 19:55,SCH - PJ - NY,23316,1455.87,1800,-1100
07/16/2018 19:55,SCH - PJM_HTP,325905,265,660,-660
07/16/2018 19:55,SCH - PJM_NEPTUNE,325305,495,660,-660
07/16/2018 19:55,SCH - PJM_VFT,325658,190,315,-315
07/16/2018 19:55,SPR/DUN-SOUTH,23320,2698.86,4350,-9999
07/16/2018 19:55,TOTAL EAST,23314,3911.5,6800,-9999
07/16/2018 19:55,UPNY CONED,23315,2807.62,5700,-9999
07/16/2018 19:55,WEST CENTRAL,23312,409.92,9999,-9999
07/16/2018 20:00,CENTRAL EAST - VC,23330,1882.19,2455,-9999
07/16/2018 20:00,DYSINGER EAST,23326,1344.04,3150,-9999
07/16/2018 20:00,MOSES SOUTH,23319,1883.7,3150,-1600
07/16/2018 20:00,SCH - HQ - NY,23324,1440,1440,-1000
07/16/2018 20:00,SCH - HQ_CEDARS,325274,120,120,-40
07/16/2018 20:00,SCH - HQ_IMPORT_EXPORT,325376,1140,1310,-9999
07/16/2018 20:00,SCH - NE - NY,23318,-924.52,1400,-1600
07/16/2018 20:00,SCH - NPX_1385,325277,29,200,-200
07/16/2018 20:00,SCH - NPX_CSC,325154,330,330,-330
07/16/2018 20:00,SCH - OH - NY,23317,247.36,600,-1750
07/16/2018 20:00,SCH - PJ - NY,23316,1436.05,1800,-1100
07/16/2018 20:00,SCH - PJM_HTP,325905,297,660,-660
07/16/2018 20:00,SCH - PJM_NEPTUNE,325305,495,660,-660
07/16/2018 20:00,SCH - PJM_VFT,325658,242,315,-315
07/16/2018 20:00,SPR/DUN-SOUTH,23320,2649.06,4350,-9999
07/16/2018 20:00,TOTAL EAST,23314,3796.13,6800,-9999
07/16/2018 20:00,UPNY CONED,23315,2546.76,5700,-9999
07/16/2018 20:00,WEST CENTRAL,23312,321.02,9999,-9999
07/16/2018 20:05,CENTRAL EAST - VC,23330,1865.01,2455,-9999
07/16/2018 20:05,DYSINGER EAST,23326,1303.8,3150,-9999
07/16/2018 20:05,MOSES SOUTH,23319,1892.43,3150,-1600
07/16/2018 20:05,SCH - HQ - NY,23324,1440,1440,-1000
07/16/2018 20:05,SCH - HQ_CEDARS,325274,120,120,-40
07/16/2018 20:05,SCH - HQ_IMPORT_EXPORT,325376,1140,1310,-9999
07/16/2018 20:05,SCH - NE - NY,23318,-1023.97,1400,-1600
07/16/2018 20:05,SCH - NPX_1385,325277,30,200,-200
07/16/2018 20:05,SCH - NPX_CSC,325154,330,330,-330
07/16/2018 20:05,SCH - OH - NY,23317,195.28,600,-1750
07/16/2018 20:05,SCH - PJ - NY,23316,1419.63,1800,-1100
07/16/2018 20:05,SCH - PJM_HTP,325905,330,660,-660
07/16/2018 20:05,SCH - PJM_NEPTUNE,325305,495,660,-660
07/16/2018 20:05,SCH - PJM_VFT,325658,294,315,-315
07/16/2018 20:05,SPR/DUN-SOUTH,23320,2569.68,4350,-9999
07/16/2018 20:05,TOTAL EAST,23314,3775.2,6800,-9999
07/16/2018 20:05,UPNY CONED,23315,2442.84,5700,-9999
07/16/2018 20:05,WEST CENTRAL,23312,289.74,9999,-9999
07/16/2018 20:10,CENTRAL EAST - VC,23330,1872.23,2455,-9999
07/16/2018 20:10,DYSINGER EAST,23326,1372.1,3150,-9999
07/16/2018 20:10,MOSES SOUTH,23319,1879.52,3150,-1600
07/16/2018 20:10,SCH - HQ - NY,23324,1440,1440,-1000
07/16/2018 20:10,SCH - HQ_CEDARS,325274,120,120,-40
07/16/2018 20:10,SCH - HQ_IMPORT_EXPORT,325376,1140,1310,-9999
07/16/2018 20:10,SCH - NE - NY,23318,-1024.18,1400,-1600
07/16/2018 20:10,SCH - NPX_1385,325277,30,200,-200
07/16/2018 20:10,SCH - NPX_CSC,325154,330,330,-330
07/16/2018 20:10,SCH - OH - NY,23317,195.1,600,-1750
07/16/2018 20:10,SCH - PJ - NY,23316,1418.41,1800,-1100
07/16/2018 20:10,SCH - PJM_HTP,325905,330,660,-660
07/16/2018 20:10,SCH - PJM_NEPTUNE,325305,495,660,-660
07/16/2018 20:10,SCH - PJM_VFT,325658,294,315,-315
07/16/2018 20:10,SPR/DUN-SOUTH,23320,2612.8,4350,-9999
07/16/2018 20:10,TOTAL EAST,23314,3743.34,6800,-9999
07/16/2018 20:10,UPNY CONED,23315,2472.95,5700,-9999
07/16/2018 20:10,WEST CENTRAL,23312,351.1,9999,-9999
07/16/2018 20:15,CENTRAL EAST - VC,23330,1958.43,2455,-9999
07/16/2018 20:15,DYSINGER EAST,23326,1504.46,3150,-9999
07/16/2018 20:15,MOSES SOUTH,23319,1874.14,3150,-1600
07/16/2018 20:15,SCH - HQ - NY,23324,1440,1440,-1000
07/16/2018 20:15,SCH - HQ_CEDARS,325274,120,120,-40
07/16/2018 20:15,SCH - HQ_IMPORT_EXPORT,325376,1140,1310,-9999
07/16/2018 20:15,SCH - NE - NY,23318,-1019.13,1400,-1600
07/16/2018 20:15,SCH - NPX_1385,325277,30,200,-200
07/16/2018 20:15,SCH - NPX_CSC,325154,330,330,-330
07/16/2018 20:15,SCH - OH - NY,23317,194.97,600,-1750
07/16/2018 20:15,SCH - PJ - NY,23316,1459.25,1800,-1100
07/16/2018 20:15,SCH - PJM_HTP,325905,330,660,-660
07/16/2018 20:15,SCH - PJM_NEPTUNE,325305,495,660,-660
07/16/2018 20:15,SCH - PJM_VFT,325658,294,315,-315
07/16/2018 20:15,SPR/DUN-SOUTH,23320,2548.82,4350,-9999
07/16/2018 20:15,TOTAL EAST,23314,3768.16,6800,-9999
07/16/2018 20:15,UPNY CONED,23315,2436.93,5700,-9999
07/16/2018 20:15,WEST CENTRAL,23312,477.66,9999,-9999
07/16/2018 20:20,CENTRAL EAST - VC,23330,1967.67,2455,-9999
07/16/2018 20:20,DYSINGER EAST,23326,1505.92,3150,-9999
07/16/2018 20:20,MOSES SOUTH,23319,1865.91,3150,-1600
07/16/2018 20:20,SCH - HQ - NY,23324,1440,1440,-1000
07/16/2018 20:20,SCH - HQ_CEDARS,325274,120,120,-40
07/16/2018 20:20,SCH - HQ_IMPORT_EXPORT,325376,1140,1310,-9999
07/16/2018 20:20,SCH - NE - NY,23318,-1015.1,1400,-1600
07/16/2018 20:20,SCH - NPX_1385,325277,30,200,-200
07/16/2018 20:20,SCH - NPX_CSC,325154,330,330,-330
07/16/2018 20:20,SCH - OH - NY,23317,194.96,600,-1750
07/16/2018 20:20,SCH - PJ - NY,23316,1496.83,1800,-1100
07/16/2018 20:20,SCH - PJM_HTP,325905,330,660,-660
07/16/2018 20:20,SCH - PJM_NEPTUNE,325305,495,660,-660
07/16/2018 20:20,SCH - PJM_VFT,325658,294,315,-315
07/16/2018 20:20,SPR/DUN-SOUTH,23320,2578.94,4350,-9999
07/16/2018 20:20,TOTAL EAST,23314,3778.35,6800,-9999
07/16/2018 20:20,UPNY CONED,23315,2457.72,5700,-9999
07/16/2018 20:20,WEST CENTRAL,23312,483.13,9999,-9999
07/16/2018 20:25,CENTRAL EAST - VC,23330,1949.91,2455,-9999
07/16/2018 20:25,DYSINGER EAST,23326,1474.61,3150,-9999
07/16/2018 20:25,MOSES SOUTH,23319,1869.05,3150,-1600
07/16/2018 20:25,SCH - HQ - NY,23324,1440,1440,-1000
07/16/2018 20:25,SCH - HQ_CEDARS,325274,120,120,-40
07/16/2018 20:25,SCH - HQ_IMPORT_EXPORT,325376,1140,1310,-9999
07/16/2018 20:25,SCH - NE - NY,23318,-1015.25,1400,-1600
07/16/2018 20:25,SCH - NPX_1385,325277,30,200,-200
07/16/2018 20:25,SCH - NPX_CSC,325154,330,330,-330
07/16/2018 20:25,SCH - OH - NY,23317,195,600,-1750
07/16/2018 20:25,SCH - PJ - NY,23316,1498.04,1800,-1100
07/16/2018 20:25,SCH - PJM_HTP,325905,330,660,-660
07/16/2018 20:25,SCH - PJM_NEPTUNE,325305,495,660,-660
07/16/2018 20:25,SCH - PJM_VFT,325658,294,315,-315
07/16/2018 20:25,SPR/DUN-SOUTH,23320,2606.79,4350,-9999
07/16/2018 20:25,TOTAL EAST,23314,3809.41,6800,-9999
07/16/2018 20:25,UPNY CONED,23315,2471.56,5700,-9999
07/16/2018 20:25,WEST CENTRAL,23312,458.78,9999,-9999
07/16/2018 20:30,CENTRAL EAST - VC,23330,1955.7,2455,-9999
07/16/2018 20:30,DYSINGER EAST,23326,1462.38,3150,-9999
07/16/2018 20:30,MOSES SOUTH,23319,1857.89,3150,-1600
07/16/2018 20:30,SCH - HQ - NY,23324,1440,1440,-1000
07/16/2018 20:30,SCH - HQ_CEDARS,325274,120,120,-40
07/16/2018 20:30,SCH - HQ_IMPORT_EXPORT,325376,1140,1310,-9999
07/16/2018 20:30,SCH - NE - NY,23318,-1042.31,1400,-1600
07/16/2018 20:30,SCH - NPX_1385,325277,30,200,-200
07/16/2018 20:30,SCH - NPX_CSC,325154,330,330,-330
07/16/2018 20:30,SCH - OH - NY,23317,195.01,600,-1750
07/16/2018 20:30,SCH - PJ - NY,23316,1496,1800,-1100
07/16/2018 20:30,SCH - PJM_HTP,325905,330,660,-660
07/16/2018 20:30,SCH - PJM_NEPTUNE,325305,495,660,-660
07/16/2018 20:30,SCH - PJM_VFT,325658,294,315,-315
07/16/2018 20:30,SPR/DUN-SOUTH,23320,2614.31,4350,-9999
07/16/2018 20:30,TOTAL EAST,23314,3842.47,6800,-9999
07/16/2018 20:30,UPNY CONED,23315,2469.35,5700,-9999
07/16/2018 20:30,WEST CENTRAL,23312,450.94,9999,-9999
07/16/2018 20:35,CENTRAL EAST - VC,23330,1958.01,2455,-9999
07/16/2018 20:35,DYSINGER EAST,23326,1470.79,3150,-9999
07/16/2018 20:35,MOSES SOUTH,23319,1857.5,3150,-1600
07/16/2018 20:35,SCH - HQ - NY,23324,1440,1440,-1000
07/16/2018 20:35,SCH - HQ_CEDARS,325274,120,120,-40
07/16/2018 20:35,SCH - HQ_IMPORT_EXPORT,325376,1140,1310,-9999
07/16/2018 20:35,SCH - NE - NY,23318,-1070.19,1400,-1600
07/16/2018 20:35,SCH - NPX_1385,325277,30,200,-200
07/16/2018 20:35,SCH - NPX_CSC,325154,330,330,-330
07/16/2018 20:35,SCH - OH - NY,23317,194.92,600,-1750
07/16/2018 20:35,SCH - PJ - NY,23316,1496.11,1800,-1100
07/16/2018 20:35,SCH - PJM_HTP,325905,330,660,-660
07/16/2018 20:35,SCH - PJM_NEPTUNE,325305,495,660,-660
07/16/2018 20:35,SCH - PJM_VFT,325658,294,315,-315
07/16/2018 20:35,SPR/DUN-SOUTH,23320,2610.83,4350,-9999
07/16/2018 20:35,TOTAL EAST,23314,3872.43,6800,-9999
07/16/2018 20:35,UPNY CONED,23315,2464.87,5700,-9999
07/16/2018 20:35,WEST CENTRAL,23312,461.32,9999,-9999
07/16/2018 20:40,CENTRAL EAST - VC,23330,1956.95,2455,-9999
07/16/2018 20:40,DYSINGER EAST,23326,1461.31,3150,-9999
07/16/2018 20:40,MOSES SOUTH,23319,1864.52,3150,-1600
07/16/2018 20:40,SCH - HQ - NY,23324,1440,1440,-1000
07/16/2018 20:40,SCH - HQ_CEDARS,325274,120,120,-40
07/16/2018 20:40,SCH - HQ_IMPORT_EXPORT,325376,1140,1310,-9999
07/16/2018 20:40,SCH - NE - NY,23318,-1070.26,1400,-1600
07/16/2018 20:40,SCH - NPX_1385,325277,30,200,-200
07/16/2018 20:40,SCH - NPX_CSC,325154,330,330,-330
07/16/2018 20:40,SCH - OH - NY,23317,194.93,600,-1750
07/16/2018 20:40,SCH - PJ - NY,23316,1495.93,1800,-1100
07/16/2018 20:40,SCH - PJM_HTP,325905,330,660,-660
07/16/2018 20:40,SCH - PJM_NEPTUNE,325305,495,660,-660
07/16/2018 20:40,SCH - PJM_VFT,325658,294,315,-315
07/16/2018 20:40,SPR/DUN-SOUTH,23320,2608.68,4350,-9999
07/16/2018 20:40,TOTAL EAST,23314,3893.1,6800,-9999
07/16/2018 20:40,UPNY CONED,23315,2463.29,5700,-9999
07/16/2018 20:40,WEST CENTRAL,23312,451.1,9999,-9999
07/16/2018 20:45,CENTRAL EAST - VC,23330,1956.19,2455,-9999
07/16/2018 20:45,DYSINGER EAST,23326,1468.38,3150,-9999
07/16/2018 20:45,MOSES SOUTH,23319,1851.75,3150,-1600
07/16/2018 20:45,SCH - HQ - NY,23324,1440,1440,-1000
07/16/2018 20:45,SCH - HQ_CEDARS,325274,120,120,-40
07/16/2018 20:45,SCH - HQ_IMPORT_EXPORT,325376,1140,1310,-9999
07/16/2018 20:45,SCH - NE - NY,23318,-1037.28,1400,-1600
07/16/2018 20:45,SCH - NPX_1385,325277,30,200,-200
07/16/2018 20:45,SCH - NPX_CSC,325154,330,330,-330
07/16/2018 20:45,SCH - OH - NY,23317,194.93,600,-1750
07/16/2018 20:45,SCH - PJ - NY,23316,1498.42,1800,-1100
07/16/2018 20:45,SCH - PJM_HTP,325905,317,660,-660
07/16/2018 20:45,SCH - PJM_NEPTUNE,325305,495,660,-660
07/16/2018 20:45,SCH - PJM_VFT,325658,294,315,-315
07/16/2018 20:45,SPR/DUN-SOUTH,23320,2610.26,4350,-9999
07/16/2018 20:45,TOTAL EAST,23314,3881.15,6800,-9999
07/16/2018 20:45,UPNY CONED,23315,2474.69,5700,-9999
07/16/2018 20:45,WEST CENTRAL,23312,456.97,9999,-9999
07/16/2018 20:50,CENTRAL EAST - VC,23330,1971.27,2455,-9999
07/16/2018 20:50,DYSINGER EAST,23326,1491.97,3150,-9999
07/16/2018 20:50,MOSES SOUTH,23319,1865.18,3150,-1600
07/16/2018 20:50,SCH - HQ - NY,23324,1440,1440,-1000
07/16/2018 20:50,SCH - HQ_CEDARS,325274,120,120,-40
07/16/2018 20:50,SCH - HQ_IMPORT_EXPORT,325376,1140,1310,-9999
07/16/2018 20:50,SCH - NE - NY,23318,-1004.35,1400,-1600
07/16/2018 20:50,SCH - NPX_1385,325277,30,200,-200
07/16/2018 20:50,SCH - NPX_CSC,325154,330,330,-330
07/16/2018 20:50,SCH - OH - NY,23317,194.93,600,-1750
07/16/2018 20:50,SCH - PJ - NY,23316,1497.75,1800,-1100
07/16/2018 20:50,SCH - PJM_HTP,325905,305,660,-660
07/16/2018 20:50,SCH - PJM_NEPTUNE,325305,495,660,-660
07/16/2018 20:50,SCH - PJM_VFT,325658,294,315,-315
07/16/2018 20:50,SPR/DUN-SOUTH,23320,2620.44,4350,-9999
07/16/2018 20:50,TOTAL EAST,23314,3859.64,6800,-9999
07/16/2018 20:50,UPNY CONED,23315,2502.81,5700,-9999
07/16/2018 20:50,WEST CENTRAL,23312,477.93,9999,-9999
07/16/2018 20:55,CENTRAL EAST - VC,23330,1956.77,2455,-9999
07/16/2018 20:55,DYSINGER EAST,23326,1457.88,3150,-9999
07/16/2018 20:55,MOSES SOUTH,23319,1863.6,3150,-1600
07/16/2018 20:55,SCH - HQ - NY,23324,1440,1440,-1000
07/16/2018 20:55,SCH - HQ_CEDARS,325274,120,120,-40
07/16/2018 20:55,SCH - HQ_IMPORT_EXPORT,325376,1140,1310,-9999
07/16/2018 20:55,SCH - NE - NY,23318,-1004.3,1400,-1600
07/16/2018 20:55,SCH - NPX_1385,325277,30,200,-200
07/16/2018 20:55,SCH - NPX_CSC,325154,330,330,-330
07/16/2018 20:55,SCH - OH - NY,23317,194.93,600,-1750
07/16/2018 20:55,SCH - PJ - NY,23316,1497.07,1800,-1100
07/16/2018 20:55,SCH - PJM_HTP,325905,305,660,-660
07/16/2018 20:55,SCH - PJM_NEPTUNE,325305,495,660,-660
07/16/2018 20:55,SCH - PJM_VFT,325658,294,315,-315
07/16/2018 20:55,SPR/DUN-SOUTH,23320,2612.93,4350,-9999
07/16/2018 20:55,TOTAL EAST,23314,3839.9,6800,-9999
07/16/2018 20:55,UPNY CONED,23315,2501.39,5700,-9999
07/16/2018 20:55,WEST CENTRAL,23312,448.46,9999,-9999
07/16/2018 20:59,CENTRAL EAST - VC,23330,1932.88,2455,-9999
07/16/2018 20:59,DYSINGER EAST,23326,1498.41,3150,-9999
07/16/2018 20:59,MOSES SOUTH,23319,1872.94,3150,-1600
07/16/2018 20:59,SCH - HQ - NY,23324,1440,1440,-1000
07/16/2018 20:59,SCH - HQ_CEDARS,325274,120,120,-40
07/16/2018 20:59,SCH - HQ_IMPORT_EXPORT,325376,1140,1310,-9999
07/16/2018 20:59,SCH - NE - NY,23318,-962.72,1400,-1600
07/16/2018 20:59,SCH - NPX_1385,325277,50,200,-200
07/16/2018 20:59,SCH - NPX_CSC,325154,330,330,-330
07/16/2018 20:59,SCH - OH - NY,23317,215.92,600,-1750
07/16/2018 20:59,SCH - PJ - NY,23316,1496.83,1800,-1100
07/16/2018 20:59,SCH - PJM_HTP,325905,323,660,-660
07/16/2018 20:59,SCH - PJM_NEPTUNE,325305,495,660,-660
07/16/2018 20:59,SCH - PJM_VFT,325658,302,315,-315
07/16/2018 20:59,SPR/DUN-SOUTH,23320,2671.3,4350,-9999
07/16/2018 20:59,TOTAL EAST,23314,3846.14,6800,-9999
07/16/2018 20:59,UPNY CONED,23315,2534.76,5700,-9999
07/16/2018 20:59,WEST CENTRAL,23312,479.06,9999,-9999
07/16/2018 21:00,CENTRAL EAST - VC,23330,1969.99,2455,-9999
07/16/2018 21:00,DYSINGER EAST,23326,1412.25,3150,-9999
07/16/2018 21:00,MOSES SOUTH,23319,1867.61,3150,-1600
07/16/2018 21:00,SCH - HQ - NY,23324,1440,1440,-1000
07/16/2018 21:00,SCH - HQ_CEDARS,325274,120,120,-40
07/16/2018 21:00,SCH - HQ_IMPORT_EXPORT,325376,1140,1310,-9999
07/16/2018 21:00,SCH - NE - NY,23318,-952.73,1400,-1600
07/16/2018 21:00,SCH - NPX_1385,325277,55,200,-200
07/16/2018 21:00,SCH - NPX_CSC,325154,330,330,-330
07/16/2018 21:00,SCH - OH - NY,23317,220.9,600,-1750
07/16/2018 21:00,SCH - PJ - NY,23316,1501.12,1800,-1100
07/16/2018 21:00,SCH - PJM_HTP,325905,327,660,-660
07/16/2018 21:00,SCH - PJM_NEPTUNE,325305,495,660,-660
07/16/2018 21:00,SCH - PJM_VFT,325658,304,315,-315
07/16/2018 21:00,SPR/DUN-SOUTH,23320,2536.92,4350,-9999
07/16/2018 21:00,TOTAL EAST,23314,3874.96,6800,-9999
07/16/2018 21:00,UPNY CONED,23315,2548.1,5700,-9999
07/16/2018 21:00,WEST CENTRAL,23312,412.8,9999,-9999
07/16/2018 21:01,CENTRAL EAST - VC,23330,1952.29,2455,-9999
07/16/2018 21:01,DYSINGER EAST,23326,1441.32,3150,-9999
07/16/2018 21:01,MOSES SOUTH,23319,1884.14,3150,-1600
07/16/2018 21:01,SCH - HQ - NY,23324,1440,1440,-1000
07/16/2018 21:01,SCH - HQ_CEDARS,325274,120,120,-40
07/16/2018 21:01,SCH - HQ_IMPORT_EXPORT,325376,1140,1310,-9999
07/16/2018 21:01,SCH - NE - NY,23318,-943.19,1400,-1600
07/16/2018 21:01,SCH - NPX_1385,325277,60,200,-200
07/16/2018 21:01,SCH - NPX_CSC,325154,330,330,-330
07/16/2018 21:01,SCH - OH - NY,23317,225.93,600,-1750
07/16/2018 21:01,SCH - PJ - NY,23316,1499.15,1800,-1100
07/16/2018 21:01,SCH - PJM_HTP,325905,332,660,-660
07/16/2018 21:01,SCH - PJM_NEPTUNE,325305,495,660,-660
07/16/2018 21:01,SCH - PJM_VFT,325658,306,315,-315
07/16/2018 21:01,SPR/DUN-SOUTH,23320,2597.92,4350,-9999
07/16/2018 21:01,TOTAL EAST,23314,3927.54,6800,-9999
07/16/2018 21:01,UPNY CONED,23315,2602.76,5700,-9999
07/16/2018 21:01,WEST CENTRAL,23312,435.69,9999,-9999
07/16/2018 21:10,CENTRAL EAST - VC,23330,1898.82,2455,-9999
07/16/2018 21:10,DYSINGER EAST,23326,1382.87,3150,-9999
07/16/2018 21:10,MOSES SOUTH,23319,1872.93,3150,-1600
07/16/2018 21:10,SCH - HQ - NY,23324,1440,1440,-1000
07/16/2018 21:10,SCH - HQ_CEDARS,325274,120,120,-40
07/16/2018 21:10,SCH - HQ_IMPORT_EXPORT,325376,1140,1310,-9999
07/16/2018 21:10,SCH - NE - NY,23318,-902.7,1400,-1600
07/16/2018 21:10,SCH - NPX_1385,325277,80,200,-200
07/16/2018 21:10,SCH - NPX_CSC,325154,330,330,-330
07/16/2018 21:10,SCH - OH - NY,23317,247.94,600,-1750
07/16/2018 21:10,SCH - PJ - NY,23316,1498.78,1800,-1100
07/16/2018 21:10,SCH - PJM_HTP,325905,350,660,-660
07/16/2018 21:10,SCH - PJM_NEPTUNE,325305,495,660,-660
07/16/2018 21:10,SCH - PJM_VFT,325658,315,315,-315
07/16/2018 21:10,SPR/DUN-SOUTH,23320,2563.39,4350,-9999
07/16/2018 21:10,TOTAL EAST,23314,3887.03,6800,-9999
07/16/2018 21:10,UPNY CONED,23315,2519.47,5700,-9999
07/16/2018 21:10,WEST CENTRAL,23312,385.21,9999,-9999
07/16/2018 21:15,CENTRAL EAST - VC,23330,1953.05,2455,-9999
07/16/2018 21:15,DYSINGER EAST,23326,1419.62,3150,-9999
07/16/2018 21:15,MOSES SOUTH,23319,1875.85,3150,-1600
07/16/2018 21:15,SCH - HQ - NY,23324,1440,1440,-1000
07/16/2018 21:15,SCH - HQ_CEDARS,325274,120,120,-40
07/16/2018 21:15,SCH - HQ_IMPORT_EXPORT,325376,1140,1310,-9999
07/16/2018 21:15,SCH - NE - NY,23318,-964.61,1400,-1600
07/16/2018 21:15,SCH - NPX_1385,325277,80,200,-200
07/16/2018 21:15,SCH - NPX_CSC,325154,330,330,-330
07/16/2018 21:15,SCH - OH - NY,23317,244.71,600,-1750
07/16/2018 21:15,SCH - PJ - NY,23316,1503.29,1800,-1100
07/16/2018 21:15,SCH - PJM_HTP,325905,357,660,-660
07/16/2018 21:15,SCH - PJM_NEPTUNE,325305,495,660,-660
07/16/2018 21:15,SCH - PJM_VFT,325658,315,315,-315
07/16/2018 21:15,SPR/DUN-SOUTH,23320,2528.79,4350,-9999
07/16/2018 21:15,TOTAL EAST,23314,3887.63,6800,-9999
07/16/2018 21:15,UPNY CONED,23315,2452.73,5700,-9999
07/16/2018 21:15,WEST CENTRAL,23312,425.35,9999,-9999
07/16/2018 21:20,CENTRAL EAST - VC,23330,1967.66,2455,-9999
07/16/2018 21:20,DYSINGER EAST,23326,1441.68,3150,-9999
07/16/2018 21:20,MOSES SOUTH,23319,1873.48,3150,-1600
07/16/2018 21:20,SCH - HQ - NY,23324,1440,1440,-1000
07/16/2018 21:20,SCH - HQ_CEDARS,325274,120,120,-40
07/16/2018 21:20,SCH - HQ_IMPORT_EXPORT,325376,1140,1310,-9999
07/16/2018 21:20,SCH - NE - NY,23318,-1027.21,1400,-1600
07/16/2018 21:20,SCH - NPX_1385,325277,80,200,-200
07/16/2018 21:20,SCH - NPX_CSC,325154,330,330,-330
07/16/2018 21:20,SCH - OH - NY,23317,249.25,600,-1750
07/16/2018 21:20,SCH - PJ - NY,23316,1500.38,1800,-1100
07/16/2018 21:20,SCH - PJM_HTP,325905,365,660,-660
07/16/2018 21:20,SCH - PJM_NEPTUNE,325305,495,660,-660
07/16/2018 21:20,SCH - PJM_VFT,325658,315,315,-315
07/16/2018 21:20,SPR/DUN-SOUTH,23320,2512.63,4350,-9999
07/16/2018 21:20,TOTAL EAST,23314,3900.01,6800,-9999
07/16/2018 21:20,UPNY CONED,23315,2424.7,5700,-9999
07/16/2018 21:20,WEST CENTRAL,23312,456.95,9999,-9999
07/16/2018 21:25,CENTRAL EAST - VC,23330,1939.3,2455,-9999
07/16/2018 21:25,DYSINGER EAST,23326,1352.14,3150,-9999
07/16/2018 21:25,MOSES SOUTH,23319,1844.89,3150,-1600
07/16/2018 21:25,SCH - HQ - NY,23324,1440,1440,-1000
07/16/2018 21:25,SCH - HQ_CEDARS,325274,120,120,-40
07/16/2018 21:25,SCH - HQ_IMPORT_EXPORT,325376,1140,1310,-9999
07/16/2018 21:25,SCH - NE - NY,23318,-1027.25,1400,-1600
07/16/2018 21:25,SCH - NPX_1385,325277,80,200,-200
07/16/2018 21:25,SCH - NPX_CSC,325154,330,330,-330
07/16/2018 21:25,SCH - OH - NY,23317,246.73,600,-1750
07/16/2018 21:25,SCH - PJ - NY,23316,1499.42,1800,-1100
07/16/2018 21:25,SCH - PJM_HTP,325905,365,660,-660
07/16/2018 21:25,SCH - PJM_NEPTUNE,325305,495,660,-660
07/16/2018 21:25,SCH - PJM_VFT,325658,315,315,-315
07/16/2018 21:25,SPR/DUN-SOUTH,23320,2522.08,4350,-9999
07/16/2018 21:25,TOTAL EAST,23314,3911.02,6800,-9999
07/16/2018 21:25,UPNY CONED,23315,2396.05,5700,-9999
07/16/2018 21:25,WEST CENTRAL,23312,377.46,9999,-9999
07/16/2018 21:30,CENTRAL EAST - VC,23330,2022.48,2455,-9999
07/16/2018 21:30,DYSINGER EAST,23326,1377.25,3150,-9999
07/16/2018 21:30,MOSES SOUTH,23319,1815.78,3150,-1600
07/16/2018 21:30,SCH - HQ - NY,23324,1440,1440,-1000
07/16/2018 21:30,SCH - HQ_CEDARS,325274,120,120,-40
07/16/2018 21:30,SCH - HQ_IMPORT_EXPORT,325376,1140,1310,-9999
07/16/2018 21:30,SCH - NE - NY,23318,-1063.61,1400,-1600
07/16/2018 21:30,SCH - NPX_1385,325277,80,200,-200
07/16/2018 21:30,SCH - NPX_CSC,325154,330,330,-330
07/16/2018 21:30,SCH - OH - NY,23317,247.9,600,-1750
07/16/2018 21:30,SCH - PJ - NY,23316,1496.25,1800,-1100
07/16/2018 21:30,SCH - PJM_HTP,325905,357,660,-660
07/16/2018 21:30,SCH - PJM_NEPTUNE,325305,495,660,-660
07/16/2018 21:30,SCH - PJM_VFT,325658,315,315,-315
07/16/2018 21:30,SPR/DUN-SOUTH,23320,2592.8,4350,-9999
07/16/2018 21:30,TOTAL EAST,23314,3997.83,6800,-9999
07/16/2018 21:30,UPNY CONED,23315,2482.6,5700,-9999
07/16/2018 21:30,WEST CENTRAL,23312,401.08,9999,-9999
07/16/2018 21:35,CENTRAL EAST - VC,23330,2053.15,2455,-9999
07/16/2018 21:35,DYSINGER EAST,23326,1392.59,3150,-9999
07/16/2018 21:35,MOSES SOUTH,23319,1817.21,3150,-1600
07/16/2018 21:35,SCH - HQ - NY,23324,1440,1440,-1000
07/16/2018 21:35,SCH - HQ_CEDARS,325274,120,120,-40
07/16/2018 21:35,SCH - HQ_IMPORT_EXPORT,325376,1140,1310,-9999
07/16/2018 21:35,SCH - NE - NY,23318,-1101.25,1400,-1600
07/16/2018 21:35,SCH - NPX_1385,325277,80,200,-200
07/16/2018 21:35,SCH - NPX_CSC,325154,330,330,-330
07/16/2018 21:35,SCH - OH - NY,23317,247.89,600,-1750
07/16/2018 21:35,SCH - PJ - NY,23316,1496.26,1800,-1100
07/16/2018 21:35,SCH - PJM_HTP,325905,350,660,-660
07/16/2018 21:35,SCH - PJM_NEPTUNE,325305,495,660,-660
07/16/2018 21:35,SCH - PJM_VFT,325658,315,315,-315
07/16/2018 21:35,SPR/DUN-SOUTH,23320,2636.6,4350,-9999
07/16/2018 21:35,TOTAL EAST,23314,4033.93,6800,-9999
07/16/2018 21:35,UPNY CONED,23315,2489.68,5700,-9999
07/16/2018 21:35,WEST CENTRAL,23312,419.49,9999,-9999
07/16/2018 21:40,CENTRAL EAST - VC,23330,2015.34,2455,-9999
07/16/2018 21:40,DYSINGER EAST,23326,1309.98,3150,-9999
07/16/2018 21:40,MOSES SOUTH,23319,1823.25,3150,-1600
07/16/2018 21:40,SCH - HQ - NY,23324,1440,1440,-1000
07/16/2018 21:40,SCH - HQ_CEDARS,325274,120,120,-40
07/16/2018 21:40,SCH - HQ_IMPORT_EXPORT,325376,1140,1310,-9999
07/16/2018 21:40,SCH - NE - NY,23318,-1101.47,1400,-1600
07/16/2018 21:40,SCH - NPX_1385,325277,80,200,-200
07/16/2018 21:40,SCH - NPX_CSC,325154,330,330,-330
07/16/2018 21:40,SCH - OH - NY,23317,244.01,600,-1750
07/16/2018 21:40,SCH - PJ - NY,23316,1500.44,1800,-1100
07/16/2018 21:40,SCH - PJM_HTP,325905,350,660,-660
07/16/2018 21:40,SCH - PJM_NEPTUNE,325305,495,660,-660
07/16/2018 21:40,SCH - PJM_VFT,325658,315,315,-315
07/16/2018 21:40,SPR/DUN-SOUTH,23320,2658.15,4350,-9999
07/16/2018 21:40,TOTAL EAST,23314,3996.54,6800,-9999
07/16/2018 21:40,UPNY CONED,23315,2468.22,5700,-9999
07/16/2018 21:40,WEST CENTRAL,23312,350.69,9999,-9999
07/16/2018 21:45,CENTRAL EAST - VC,23330,2034.3,2455,-9999
07/16/2018 21:45,DYSINGER EAST,23326,1289.09,3150,-9999
07/16/2018 21:45,MOSES SOUTH,23319,1784.87,3150,-1600
07/16/2018 21:45,SCH - HQ - NY,23324,1440,1440,-1000
07/16/2018 21:45,SCH - HQ_CEDARS,325274,120,120,-40
07/16/2018 21:45,SCH - HQ_IMPORT_EXPORT,325376,1140,1310,-9999
07/16/2018 21:45,SCH - NE - NY,23318,-1101.6,1400,-1600
07/16/2018 21:45,SCH - NPX_1385,325277,80,200,-200
07/16/2018 21:45,SCH - NPX_CSC,325154,330,330,-330
07/16/2018 21:45,SCH - OH - NY,23317,247.85,600,-1750
07/16/2018 21:45,SCH - PJ - NY,23316,1496.86,1800,-1100
07/16/2018 21:45,SCH - PJM_HTP,325905,317,660,-660
07/16/2018 21:45,SCH - PJM_NEPTUNE,325305,495,660,-660
07/16/2018 21:45,SCH - PJM_VFT,325658,315,315,-315
07/16/2018 21:45,SPR/DUN-SOUTH,23320,2804.56,4350,-9999
07/16/2018 21:45,TOTAL EAST,23314,4083.84,6800,-9999
07/16/2018 21:45,UPNY CONED,23315,2578.09,5700,-9999
07/16/2018 21:45,WEST CENTRAL,23312,338.02,9999,-9999
07/16/2018 21:50,CENTRAL EAST - VC,23330,2006.46,2455,-9999
07/16/2018 21:50,DYSINGER EAST,23326,1229.23,3150,-9999
07/16/2018 21:50,MOSES SOUTH,23319,1780.13,3150,-1600
07/16/2018 21:50,SCH - HQ - NY,23324,1440,1440,-1000
07/16/2018 21:50,SCH - HQ_CEDARS,325274,120,120,-40
07/16/2018 21:50,SCH - HQ_IMPORT_EXPORT,325376,1140,1310,-9999
07/16/2018 21:50,SCH - NE - NY,23318,-1101.68,1400,-1600
07/16/2018 21:50,SCH - NPX_1385,325277,80,200,-200
07/16/2018 21:50,SCH - NPX_CSC,325154,330,330,-330
07/16/2018 21:50,SCH - OH - NY,23317,247.83,600,-1750
07/16/2018 21:50,SCH - PJ - NY,23316,1497.23,1800,-1100
07/16/2018 21:50,SCH - PJM_HTP,325905,285,660,-660
07/16/2018 21:50,SCH - PJM_NEPTUNE,325305,495,660,-660
07/16/2018 21:50,SCH - PJM_VFT,325658,315,315,-315
07/16/2018 21:50,SPR/DUN-SOUTH,23320,2854.86,4350,-9999
07/16/2018 21:50,TOTAL EAST,23314,4090.95,6800,-9999
07/16/2018 21:50,UPNY CONED,23315,2594.05,5700,-9999
07/16/2018 21:50,WEST CENTRAL,23312,263.83,9999,-9999
07/16/2018 21:55,CENTRAL EAST - VC,23330,2006.21,2455,-9999
07/16/2018 21:55,DYSINGER EAST,23326,1206.47,3150,-9999
07/16/2018 21:55,MOSES SOUTH,23319,1793.25,3150,-1600
07/16/2018 21:55,SCH - HQ - NY,23324,1440,1440,-1000
07/16/2018 21:55,SCH - HQ_CEDARS,325274,120,120,-40
07/16/2018 21:55,SCH - HQ_IMPORT_EXPORT,325376,1140,1310,-9999
07/16/2018 21:55,SCH - NE - NY,23318,-1101.55,1400,-1600
07/16/2018 21:55,SCH - NPX_1385,325277,80,200,-200
07/16/2018 21:55,SCH - NPX_CSC,325154,330,330,-330
07/16/2018 21:55,SCH - OH - NY,23317,247.84,600,-1750
07/16/2018 21:55,SCH - PJ - NY,23316,1498.06,1800,-1100
07/16/2018 21:55,SCH - PJM_HTP,325905,285,660,-660
07/16/2018 21:55,SCH - PJM_NEPTUNE,325305,495,660,-660
07/16/2018 21:55,SCH - PJM_VFT,325658,315,315,-315
07/16/2018 21:55,SPR/DUN-SOUTH,23320,2925.67,4350,-9999
07/16/2018 21:55,TOTAL EAST,23314,4113.72,6800,-9999
07/16/2018 21:55,UPNY CONED,23315,2621.05,5700,-9999
07/16/2018 21:55,WEST CENTRAL,23312,230.95,9999,-9999
07/16/2018 22:00,CENTRAL EAST - VC,23330,1970.72,2455,-9999
07/16/2018 22:00,DYSINGER EAST,23326,1120.4,3150,-9999
07/16/2018 22:00,MOSES SOUTH,23319,1821.24,3150,-1600
07/16/2018 22:00,SCH - HQ - NY,23324,1440,1440,-1000
07/16/2018 22:00,SCH - HQ_CEDARS,325274,120,120,-40
07/16/2018 22:00,SCH - HQ_IMPORT_EXPORT,325376,1140,1310,-9999
07/16/2018 22:00,SCH - NE - NY,23318,-1001.67,1400,-1600
07/16/2018 22:00,SCH - NPX_1385,325277,102,200,-200
07/16/2018 22:00,SCH - NPX_CSC,325154,330,330,-330
07/16/2018 22:00,SCH - OH - NY,23317,172.78,600,-1750
07/16/2018 22:00,SCH - PJ - NY,23316,1501.82,1800,-1100
07/16/2018 22:00,SCH - PJM_HTP,325905,372,660,-660
07/16/2018 22:00,SCH - PJM_NEPTUNE,325305,495,660,-660
07/16/2018 22:00,SCH - PJM_VFT,325658,315,315,-315
07/16/2018 22:00,SPR/DUN-SOUTH,23320,2858.08,4350,-9999
07/16/2018 22:00,TOTAL EAST,23314,3905.6,6800,-9999
07/16/2018 22:00,UPNY CONED,23315,2560.42,5700,-9999
07/16/2018 22:00,WEST CENTRAL,23312,121.09,9999,-9999
07/16/2018 22:05,CENTRAL EAST - VC,23330,1850.45,2455,-9999
07/16/2018 22:05,DYSINGER EAST,23326,978.79,3150,-9999
07/16/2018 22:05,MOSES SOUTH,23319,1800.84,3150,-1600
07/16/2018 22:05,SCH - HQ - NY,23324,1440,1440,-1000
07/16/2018 22:05,SCH - HQ_CEDARS,325274,120,190,-40
07/16/2018 22:05,SCH - HQ_IMPORT_EXPORT,325376,1140,1310,-9999
07/16/2018 22:05,SCH - NE - NY,23318,-902.04,1400,-1600
07/16/2018 22:05,SCH - NPX_1385,325277,124,200,-200
07/16/2018 22:05,SCH - NPX_CSC,325154,330,330,-330
07/16/2018 22:05,SCH - OH - NY,23317,101.71,600,-1750
07/16/2018 22:05,SCH - PJ - NY,23316,1501.25,1800,-1100
07/16/2018 22:05,SCH - PJM_HTP,325905,460,660,-660
07/16/2018 22:05,SCH - PJM_NEPTUNE,325305,495,660,-660
07/16/2018 22:05,SCH - PJM_VFT,325658,315,315,-315
07/16/2018 22:05,SPR/DUN-SOUTH,23320,2812.32,4350,-9999
07/16/2018 22:05,TOTAL EAST,23314,3699.5,6800,-9999
07/16/2018 22:05,UPNY CONED,23315,2504.93,5700,-9999
07/16/2018 22:05,WEST CENTRAL,23312,-.63,9999,-9999
07/16/2018 22:10,CENTRAL EAST - VC,23330,1878.94,2395,-9999
07/16/2018 22:10,DYSINGER EAST,23326,1014.37,3150,-9999
07/16/2018 22:10,MOSES SOUTH,23319,1849.76,3150,-1600
07/16/2018 22:10,SCH - HQ - NY,23324,1440,1440,-1000
07/16/2018 22:10,SCH - HQ_CEDARS,325274,120,190,-40
07/16/2018 22:10,SCH - HQ_IMPORT_EXPORT,325376,1140,1310,-9999
07/16/2018 22:10,SCH - NE - NY,23318,-902.08,1400,-1600
07/16/2018 22:10,SCH - NPX_1385,325277,124,200,-200
07/16/2018 22:10,SCH - NPX_CSC,325154,330,330,-330
07/16/2018 22:10,SCH - OH - NY,23317,105.39,600,-1750
07/16/2018 22:10,SCH - PJ - NY,23316,1495.02,1800,-1100
07/16/2018 22:10,SCH - PJM_HTP,325905,460,660,-660
07/16/2018 22:10,SCH - PJM_NEPTUNE,325305,495,660,-660
07/16/2018 22:10,SCH - PJM_VFT,325658,315,315,-315
07/16/2018 22:10,SPR/DUN-SOUTH,23320,2867.21,4350,-9999
07/16/2018 22:10,TOTAL EAST,23314,3697.67,6800,-9999
07/16/2018 22:10,UPNY CONED,23315,2553.32,5700,-9999
07/16/2018 22:10,WEST CENTRAL,23312,44.67,9999,-9999
07/16/2018 22:15,CENTRAL EAST - VC,23330,1929.7,2395,-9999
07/16/2018 22:15,DYSINGER EAST,23326,1125.25,3150,-9999
07/16/2018 22:15,MOSES SOUTH,23319,1856.36,3150,-1600
07/16/2018 22:15,SCH - HQ - NY,23324,1440,1440,-1000
07/16/2018 22:15,SCH - HQ_CEDARS,325274,120,190,-40
07/16/2018 22:15,SCH - HQ_IMPORT_EXPORT,325376,1140,1310,-9999
07/16/2018 22:15,SCH - NE - NY,23318,-851.77,1400,-1600
07/16/2018 22:15,SCH - NPX_1385,325277,124,200,-200
07/16/2018 22:15,SCH - NPX_CSC,325154,330,330,-330
07/16/2018 22:15,SCH - OH - NY,23317,104.92,900,-1750
07/16/2018 22:15,SCH - PJ - NY,23316,1494.34,1800,-1100
07/16/2018 22:15,SCH - PJM_HTP,325905,451,660,-660
07/16/2018 22:15,SCH - PJM_NEPTUNE,325305,495,660,-660
07/16/2018 22:15,SCH - PJM_VFT,325658,315,315,-315
07/16/2018 22:15,SPR/DUN-SOUTH,23320,2883.59,4350,-9999
07/16/2018 22:15,TOTAL EAST,23314,3748.3,6800,-9999
07/16/2018 22:15,UPNY CONED,23315,2582.19,5700,-9999
07/16/2018 22:15,WEST CENTRAL,23312,170.97,9999,-9999
07/16/2018 22:20,CENTRAL EAST - VC,23330,1877.57,2395,-9999
07/16/2018 22:20,DYSINGER EAST,23326,1086.78,3150,-9999
07/16/2018 22:20,MOSES SOUTH,23319,1880.54,3150,-1600
07/16/2018 22:20,SCH - HQ - NY,23324,1440,1440,-1000
07/16/2018 22:20,SCH - HQ_CEDARS,325274,120,190,-40
07/16/2018 22:20,SCH - HQ_IMPORT_EXPORT,325376,1140,1310,-9999
07/16/2018 22:20,SCH - NE - NY,23318,-802.08,1400,-1600
07/16/2018 22:20,SCH - NPX_1385,325277,124,200,-200
07/16/2018 22:20,SCH - NPX_CSC,325154,330,330,-330
07/16/2018 22:20,SCH - OH - NY,23317,105.01,900,-1750
07/16/2018 22:20,SCH - PJ - NY,23316,1496.84,1800,-1100
07/16/2018 22:20,SCH - PJM_HTP,325905,442,660,-660
07/16/2018 22:20,SCH - PJM_NEPTUNE,325305,495,660,-660
07/16/2018 22:20,SCH - PJM_VFT,325658,315,315,-315
07/16/2018 22:20,SPR/DUN-SOUTH,23320,2858.45,4350,-9999
07/16/2018 22:20,TOTAL EAST,23314,3703.91,6800,-9999
07/16/2018 22:20,UPNY CONED,23315,2585.65,5700,-9999
07/16/2018 22:20,WEST CENTRAL,23312,126.55,9999,-9999
07/16/2018 22:25,CENTRAL EAST - VC,23330,1861.52,2395,-9999
07/16/2018 22:25,DYSINGER EAST,23326,1100.32,3150,-9999
07/16/2018 22:25,MOSES SOUTH,23319,1874.22,3150,-1600
07/16/2018 22:25,SCH - HQ - NY,23324,1440,1440,-1000
07/16/2018 22:25,SCH - HQ_CEDARS,325274,120,190,-40
07/16/2018 22:25,SCH - HQ_IMPORT_EXPORT,325376,1140,1310,-9999
07/16/2018 22:25,SCH - NE - NY,23318,-802.44,1400,-1600
07/16/2018 22:25,SCH - NPX_1385,325277,124,200,-200
07/16/2018 22:25,SCH - NPX_CSC,325154,330,330,-330
07/16/2018 22:25,SCH - OH - NY,23317,105.11,900,-1750
07/16/2018 22:25,SCH - PJ - NY,23316,1499.01,1800,-1100
07/16/2018 22:25,SCH - PJM_HTP,325905,442,660,-660
07/16/2018 22:25,SCH - PJM_NEPTUNE,325305,495,660,-660
07/16/2018 22:25,SCH - PJM_VFT,325658,315,315,-315
07/16/2018 22:25,SPR/DUN-SOUTH,23320,2873.62,4350,-9999
07/16/2018 22:25,TOTAL EAST,23314,3744.63,6800,-9999
07/16/2018 22:25,UPNY CONED,23315,2622.06,5700,-9999
07/16/2018 22:25,WEST CENTRAL,23312,150.15,9999,-9999
07/16/2018 22:30,CENTRAL EAST - VC,23330,1955.23,2395,-9999
07/16/2018 22:30,DYSINGER EAST,23326,1240.56,3150,-9999
07/16/2018 22:30,MOSES SOUTH,23319,1884.86,3150,-1600
07/16/2018 22:30,SCH - HQ - NY,23324,1440,1440,-1000
07/16/2018 22:30,SCH - HQ_CEDARS,325274,120,190,-40
07/16/2018 22:30,SCH - HQ_IMPORT_EXPORT,325376,1140,1310,-9999
07/16/2018 22:30,SCH - NE - NY,23318,-868.85,1400,-1600
07/16/2018 22:30,SCH - NPX_1385,325277,124,200,-200
07/16/2018 22:30,SCH - NPX_CSC,325154,330,330,-330
07/16/2018 22:30,SCH - OH - NY,23317,105.12,900,-1750
07/16/2018 22:30,SCH - PJ - NY,23316,1499.73,1800,-1100
07/16/2018 22:30,SCH - PJM_HTP,325905,451,660,-660
07/16/2018 22:30,SCH - PJM_NEPTUNE,325305,495,660,-660
07/16/2018 22:30,SCH - PJM_VFT,325658,315,315,-315
07/16/2018 22:30,SPR/DUN-SOUTH,23320,2852.16,4350,-9999
07/16/2018 22:30,TOTAL EAST,23314,3862.09,6800,-9999
07/16/2018 22:30,UPNY CONED,23315,2604.92,5700,-9999
07/16/2018 22:30,WEST CENTRAL,23312,297.63,9999,-9999
07/16/2018 22:35,CENTRAL EAST - VC,23330,1987.49,2395,-9999
07/16/2018 22:35,DYSINGER EAST,23326,1244.22,3150,-9999
07/16/2018 22:35,MOSES SOUTH,23319,1907.73,3150,-1600
07/16/2018 22:35,SCH - HQ - NY,23324,1440,1440,-1000
07/16/2018 22:35,SCH - HQ_CEDARS,325274,120,190,-40
07/16/2018 22:35,SCH - HQ_IMPORT_EXPORT,325376,1140,1310,-9999
07/16/2018 22:35,SCH - NE - NY,23318,-935.29,1400,-1600
07/16/2018 22:35,SCH - NPX_1385,325277,124,200,-200
07/16/2018 22:35,SCH - NPX_CSC,325154,330,330,-330
07/16/2018 22:35,SCH - OH - NY,23317,105.17,900,-1750
07/16/2018 22:35,SCH - PJ - NY,23316,1497.72,1800,-1100
07/16/2018 22:35,SCH - PJM_HTP,325905,460,660,-660
07/16/2018 22:35,SCH - PJM_NEPTUNE,325305,495,660,-660
07/16/2018 22:35,SCH - PJM_VFT,325658,315,315,-315
07/16/2018 22:35,SPR/DUN-SOUTH,23320,2857.19,4350,-9999
07/16/2018 22:35,TOTAL EAST,23314,3882.3,6800,-9999
07/16/2018 22:35,UPNY CONED,23315,2579.02,5700,-9999
07/16/2018 22:35,WEST CENTRAL,23312,316.25,9999,-9999
07/16/2018 22:40,CENTRAL EAST - VC,23330,1989.66,2395,-9999
07/16/2018 22:40,DYSINGER EAST,23326,1183.94,3150,-9999
07/16/2018 22:40,MOSES SOUTH,23319,1915.95,3150,-1600
07/16/2018 22:40,SCH - HQ - NY,23324,1440,1440,-1000
07/16/2018 22:40,SCH - HQ_CEDARS,325274,120,190,-40
07/16/2018 22:40,SCH - HQ_IMPORT_EXPORT,325376,1140,1310,-9999
07/16/2018 22:40,SCH - NE - NY,23318,-935.26,1400,-1600
07/16/2018 22:40,SCH - NPX_1385,325277,124,200,-200
07/16/2018 22:40,SCH - NPX_CSC,325154,330,330,-330
07/16/2018 22:40,SCH - OH - NY,23317,105.09,900,-1750
07/16/2018 22:40,SCH - PJ - NY,23316,1496.49,1800,-1100
07/16/2018 22:40,SCH - PJM_HTP,325905,460,660,-660
07/16/2018 22:40,SCH - PJM_NEPTUNE,325305,495,660,-660
07/16/2018 22:40,SCH - PJM_VFT,325658,315,315,-315
07/16/2018 22:40,SPR/DUN-SOUTH,23320,2903.29,4350,-9999
07/16/2018 22:40,TOTAL EAST,23314,3867.85,6800,-9999
07/16/2018 22:40,UPNY CONED,23315,2615.05,5700,-9999
07/16/2018 22:40,WEST CENTRAL,23312,267.98,9999,-9999
07/16/2018 22:45,CENTRAL EAST - VC,23330,2048.75,2395,-9999
07/16/2018 22:45,DYSINGER EAST,23326,1207.01,3150,-9999
07/16/2018 22:45,MOSES SOUTH,23319,1924.27,3150,-1600
07/16/2018 22:45,SCH - HQ - NY,23324,1440,1440,-1000
07/16/2018 22:45,SCH - HQ_CEDARS,325274,120,190,-40
07/16/2018 22:45,SCH - HQ_IMPORT_EXPORT,325376,1140,1310,-9999
07/16/2018 22:45,SCH - NE - NY,23318,-835.57,1400,-1600
07/16/2018 22:45,SCH - NPX_1385,325277,124,200,-200
07/16/2018 22:45,SCH - NPX_CSC,325154,330,330,-330
07/16/2018 22:45,SCH - OH - NY,23317,105,900,-1750
07/16/2018 22:45,SCH - PJ - NY,23316,1498.89,1800,-1100
07/16/2018 22:45,SCH - PJM_HTP,325905,415,660,-660
07/16/2018 22:45,SCH - PJM_NEPTUNE,325305,495,660,-660
07/16/2018 22:45,SCH - PJM_VFT,325658,315,315,-315
07/16/2018 22:45,SPR/DUN-SOUTH,23320,3046.49,4350,-9999
07/16/2018 22:45,TOTAL EAST,23314,4021.26,6800,-9999
07/16/2018 22:45,UPNY CONED,23315,2736.82,5700,-9999
07/16/2018 22:45,WEST CENTRAL,23312,301.19,9999,-9999
07/16/2018 22:50,CENTRAL EAST - VC,23330,2012.7,2395,-9999
07/16/2018 22:50,DYSINGER EAST,23326,1163.36,3150,-9999
07/16/2018 22:50,MOSES SOUTH,23319,1934.67,3150,-1600
07/16/2018 22:50,SCH - HQ - NY,23324,1440,1440,-1000
07/16/2018 22:50,SCH - HQ_CEDARS,325274,120,190,-40
07/16/2018 22:50,SCH - HQ_IMPORT_EXPORT,325376,1140,1310,-9999
07/16/2018 22:50,SCH - NE - NY,23318,-735.98,1400,-1600
07/16/2018 22:50,SCH - NPX_1385,325277,124,200,-200
07/16/2018 22:50,SCH - NPX_CSC,325154,330,330,-330
07/16/2018 22:50,SCH - OH - NY,23317,104.99,900,-1750
07/16/2018 22:50,SCH - PJ - NY,23316,1494.25,1800,-1100
07/16/2018 22:50,SCH - PJM_HTP,325905,370,660,-660
07/16/2018 22:50,SCH - PJM_NEPTUNE,325305,495,660,-660
07/16/2018 22:50,SCH - PJM_VFT,325658,315,315,-315
07/16/2018 22:50,SPR/DUN-SOUTH,23320,3086.24,4350,-9999
07/16/2018 22:50,TOTAL EAST,23314,3951.16,6800,-9999
07/16/2018 22:50,UPNY CONED,23315,2757.93,5700,-9999
07/16/2018 22:50,WEST CENTRAL,23312,267.12,9999,-9999
07/16/2018 22:55,CENTRAL EAST - VC,23330,1974.39,2395,-9999
07/16/2018 22:55,DYSINGER EAST,23326,1007.6,3150,-9999
07/16/2018 22:55,MOSES SOUTH,23319,1938.74,3150,-1600
07/16/2018 22:55,SCH - HQ - NY,23324,1440,1440,-1000
07/16/2018 22:55,SCH - HQ_CEDARS,325274,120,190,-40
07/16/2018 22:55,SCH - HQ_IMPORT_EXPORT,325376,1140,1310,-9999
07/16/2018 22:55,SCH - NE - NY,23318,-736.03,1400,-1600
07/16/2018 22:55,SCH - NPX_1385,325277,124,200,-200
07/16/2018 22:55,SCH - NPX_CSC,325154,330,330,-330
07/16/2018 22:55,SCH - OH - NY,23317,104.96,900,-1750
07/16/2018 22:55,SCH - PJ - NY,23316,1497.99,1800,-1100
07/16/2018 22:55,SCH - PJM_HTP,325905,370,660,-660
07/16/2018 22:55,SCH - PJM_NEPTUNE,325305,495,660,-660
07/16/2018 22:55,SCH - PJM_VFT,325658,315,315,-315
07/16/2018 22:55,SPR/DUN-SOUTH,23320,3091.83,4350,-9999
07/16/2018 22:55,TOTAL EAST,23314,3946.68,6800,-9999
07/16/2018 22:55,UPNY CONED,23315,2739.91,5700,-9999
07/16/2018 22:55,WEST CENTRAL,23312,125.77,9999,-9999
07/16/2018 23:00,CENTRAL EAST - VC,23330,2017.45,2395,-9999
07/16/2018 23:00,DYSINGER EAST,23326,942.72,3150,-9999
07/16/2018 23:00,MOSES SOUTH,23319,1923.91,3150,-1600
07/16/2018 23:00,SCH - HQ - NY,23324,1440,1440,-1000
07/16/2018 23:00,SCH - HQ_CEDARS,325274,120,190,-40
07/16/2018 23:00,SCH - HQ_IMPORT_EXPORT,325376,1140,1310,-9999
07/16/2018 23:00,SCH - NE - NY,23318,-649.9,1400,-1600
07/16/2018 23:00,SCH - NPX_1385,325277,77,200,-200
07/16/2018 23:00,SCH - NPX_CSC,325154,330,330,-330
07/16/2018 23:00,SCH - OH - NY,23317,177.2,900,-1750
07/16/2018 23:00,SCH - PJ - NY,23316,1495.33,1800,-1100
07/16/2018 23:00,SCH - PJM_HTP,325905,415,660,-660
07/16/2018 23:00,SCH - PJM_NEPTUNE,325305,495,660,-660
07/16/2018 23:00,SCH - PJM_VFT,325658,315,315,-315
07/16/2018 23:00,SPR/DUN-SOUTH,23320,3001.27,4350,-9999
07/16/2018 23:00,TOTAL EAST,23314,4045.66,6800,-9999
07/16/2018 23:00,UPNY CONED,23315,2797.53,5700,-9999
07/16/2018 23:00,WEST CENTRAL,23312,73.16,9999,-9999
07/16/2018 23:05,CENTRAL EAST - VC,23330,2013.87,2395,-9999
07/16/2018 23:05,DYSINGER EAST,23326,917.23,3150,-9999
07/16/2018 23:05,MOSES SOUTH,23319,1902.64,3150,-1600
07/16/2018 23:05,SCH - HQ - NY,23324,1440,1440,-1000
07/16/2018 23:05,SCH - HQ_CEDARS,325274,120,190,-40
07/16/2018 23:05,SCH - HQ_IMPORT_EXPORT,325376,1140,1310,-9999
07/16/2018 23:05,SCH - NE - NY,23318,-564.94,1400,-1600
07/16/2018 23:05,SCH - NPX_1385,325277,30,200,-200
07/16/2018 23:05,SCH - NPX_CSC,325154,330,330,-330
07/16/2018 23:05,SCH - OH - NY,23317,249.88,1250,-1750
07/16/2018 23:05,SCH - PJ - NY,23316,1498.12,1800,-1100
07/16/2018 23:05,SCH - PJM_HTP,325905,460,660,-660
07/16/2018 23:05,SCH - PJM_NEPTUNE,325305,495,660,-660
07/16/2018 23:05,SCH - PJM_VFT,325658,315,315,-315
07/16/2018 23:05,SPR/DUN-SOUTH,23320,2959.29,4350,-9999
07/16/2018 23:05,TOTAL EAST,23314,4007.91,6800,-9999
07/16/2018 23:05,UPNY CONED,23315,2831.18,5700,-9999
07/16/2018 23:05,WEST CENTRAL,23312,56.45,9999,-9999
07/16/2018 23:10,CENTRAL EAST - VC,23330,1964.19,2395,-9999
07/16/2018 23:10,DYSINGER EAST,23326,834,3150,-9999
07/16/2018 23:10,MOSES SOUTH,23319,1939.94,3150,-1600
07/16/2018 23:10,SCH - HQ - NY,23324,1440,1440,-1000
07/16/2018 23:10,SCH - HQ_CEDARS,325274,120,190,-40
07/16/2018 23:10,SCH - HQ_IMPORT_EXPORT,325376,1140,1310,-9999
07/16/2018 23:10,SCH - NE - NY,23318,-565.56,1400,-1600
07/16/2018 23:10,SCH - NPX_1385,325277,30,200,-200
07/16/2018 23:10,SCH - NPX_CSC,325154,330,330,-330
07/16/2018 23:10,SCH - OH - NY,23317,248.36,1250,-1750
07/16/2018 23:10,SCH - PJ - NY,23316,1499.8,1800,-1100
07/16/2018 23:10,SCH - PJM_HTP,325905,460,660,-660
07/16/2018 23:10,SCH - PJM_NEPTUNE,325305,495,660,-660
07/16/2018 23:10,SCH - PJM_VFT,325658,315,315,-315
07/16/2018 23:10,SPR/DUN-SOUTH,23320,2912.62,4350,-9999
07/16/2018 23:10,TOTAL EAST,23314,3995.05,6800,-9999
07/16/2018 23:10,UPNY CONED,23315,2804.25,5700,-9999
07/16/2018 23:10,WEST CENTRAL,23312,-23.49,9999,-9999
07/16/2018 23:15,CENTRAL EAST - VC,23330,1997.6,2395,-9999
07/16/2018 23:15,DYSINGER EAST,23326,912.47,3150,-9999
07/16/2018 23:15,MOSES SOUTH,23319,1926,3150,-1600
07/16/2018 23:15,SCH - HQ - NY,23324,1440,1440,-1000
07/16/2018 23:15,SCH - HQ_CEDARS,325274,120,190,-40
07/16/2018 23:15,SCH - HQ_IMPORT_EXPORT,325376,1140,1310,-9999
07/16/2018 23:15,SCH - NE - NY,23318,-654.77,1400,-1600
07/16/2018 23:15,SCH - NPX_1385,325277,30,200,-200
07/16/2018 23:15,SCH - NPX_CSC,325154,330,330,-330
07/16/2018 23:15,SCH - OH - NY,23317,250.02,1250,-1750
07/16/2018 23:15,SCH - PJ - NY,23316,1500.11,1800,-1100
07/16/2018 23:15,SCH - PJM_HTP,325905,460,660,-660
07/16/2018 23:15,SCH - PJM_NEPTUNE,325305,495,660,-660
07/16/2018 23:15,SCH - PJM_VFT,325658,315,315,-315
07/16/2018 23:15,SPR/DUN-SOUTH,23320,2865.88,4350,-9999
07/16/2018 23:15,TOTAL EAST,23314,4076.69,6800,-9999
07/16/2018 23:15,UPNY CONED,23315,2759.55,5700,-9999
07/16/2018 23:15,WEST CENTRAL,23312,63.98,9999,-9999
07/16/2018 23:20,CENTRAL EAST - VC,23330,2012.51,2395,-9999
07/16/2018 23:20,DYSINGER EAST,23326,961.37,3150,-9999
07/16/2018 23:20,MOSES SOUTH,23319,1929.83,3150,-1600
07/16/2018 23:20,SCH - HQ - NY,23324,1440,1440,-1000
07/16/2018 23:20,SCH - HQ_CEDARS,325274,120,190,-40
07/16/2018 23:20,SCH - HQ_IMPORT_EXPORT,325376,1140,1310,-9999
07/16/2018 23:20,SCH - NE - NY,23318,-742.65,1400,-1600
07/16/2018 23:20,SCH - NPX_1385,325277,30,200,-200
07/16/2018 23:20,SCH - NPX_CSC,325154,330,330,-330
07/16/2018 23:20,SCH - OH - NY,23317,250.06,1250,-1750
07/16/2018 23:20,SCH - PJ - NY,23316,1500.33,1800,-1100
07/16/2018 23:20,SCH - PJM_HTP,325905,460,660,-660
07/16/2018 23:20,SCH - PJM_NEPTUNE,325305,495,660,-660
07/16/2018 23:20,SCH - PJM_VFT,325658,315,315,-315
07/16/2018 23:20,SPR/DUN-SOUTH,23320,2818.81,4350,-9999
07/16/2018 23:20,TOTAL EAST,23314,4162.84,6800,-9999
07/16/2018 23:20,UPNY CONED,23315,2705.5,5700,-9999
07/16/2018 23:20,WEST CENTRAL,23312,122.47,9999,-9999
07/16/2018 23:25,CENTRAL EAST - VC,23330,1980.53,2395,-9999
07/16/2018 23:25,DYSINGER EAST,23326,927.6,3150,-9999
07/16/2018 23:25,MOSES SOUTH,23319,1940.46,3150,-1600
07/16/2018 23:25,SCH - HQ - NY,23324,1440,1440,-1000
07/16/2018 23:25,SCH - HQ_CEDARS,325274,120,190,-40
07/16/2018 23:25,SCH - HQ_IMPORT_EXPORT,325376,1140,1310,-9999
07/16/2018 23:25,SCH - NE - NY,23318,-742.96,1400,-1600
07/16/2018 23:25,SCH - NPX_1385,325277,30,200,-200
07/16/2018 23:25,SCH - NPX_CSC,325154,330,330,-330
07/16/2018 23:25,SCH - OH - NY,23317,250.14,1250,-1750
07/16/2018 23:25,SCH - PJ - NY,23316,1498.78,1800,-1100
07/16/2018 23:25,SCH - PJM_HTP,325905,460,660,-660
07/16/2018 23:25,SCH - PJM_NEPTUNE,325305,495,660,-660
07/16/2018 23:25,SCH - PJM_VFT,325658,315,315,-315
07/16/2018 23:25,SPR/DUN-SOUTH,23320,2792.68,4350,-9999
07/16/2018 23:25,TOTAL EAST,23314,4174.02,6800,-9999
07/16/2018 23:25,UPNY CONED,23315,2682.46,5700,-9999
07/16/2018 23:25,WEST CENTRAL,23312,95.94,9999,-9999
07/16/2018 23:30,CENTRAL EAST - VC,23330,2030.94,2395,-9999
07/16/2018 23:30,DYSINGER EAST,23326,915.98,3150,-9999
07/16/2018 23:30,MOSES SOUTH,23319,1940.93,3150,-1600
07/16/2018 23:30,SCH - HQ - NY,23324,1440,1440,-1000
07/16/2018 23:30,SCH - HQ_CEDARS,325274,120,190,-40
07/16/2018 23:30,SCH - HQ_IMPORT_EXPORT,325376,1140,1310,-9999
07/16/2018 23:30,SCH - NE - NY,23318,-738.85,1400,-1600
07/16/2018 23:30,SCH - NPX_1385,325277,30,200,-200
07/16/2018 23:30,SCH - NPX_CSC,325154,330,330,-330
07/16/2018 23:30,SCH - OH - NY,23317,250.04,1250,-1750
07/16/2018 23:30,SCH - PJ - NY,23316,1500.81,1800,-1100
07/16/2018 23:30,SCH - PJM_HTP,325905,460,660,-660
07/16/2018 23:30,SCH - PJM_NEPTUNE,325305,495,660,-660
07/16/2018 23:30,SCH - PJM_VFT,325658,315,315,-315
07/16/2018 23:30,SPR/DUN-SOUTH,23320,2806.16,4350,-9999
07/16/2018 23:30,TOTAL EAST,23314,4218.99,6800,-9999
07/16/2018 23:30,UPNY CONED,23315,2701.2,5700,-9999
07/16/2018 23:30,WEST CENTRAL,23312,94.92,9999,-9999
07/16/2018 23:35,CENTRAL EAST - VC,23330,2033.49,2395,-9999
07/16/2018 23:35,DYSINGER EAST,23326,826.34,3150,-9999
07/16/2018 23:35,MOSES SOUTH,23319,1931.82,3150,-1600
07/16/2018 23:35,SCH - HQ - NY,23324,1440,1440,-1000
07/16/2018 23:35,SCH - HQ_CEDARS,325274,120,190,-40
07/16/2018 23:35,SCH - HQ_IMPORT_EXPORT,325376,1140,1310,-9999
07/16/2018 23:35,SCH - NE - NY,23318,-734.71,1400,-1600
07/16/2018 23:35,SCH - NPX_1385,325277,30,200,-200
07/16/2018 23:35,SCH - NPX_CSC,325154,330,330,-330
07/16/2018 23:35,SCH - OH - NY,23317,250.02,1250,-1750
07/16/2018 23:35,SCH - PJ - NY,23316,1496.4,1800,-1100
07/16/2018 23:35,SCH - PJM_HTP,325905,460,660,-660
07/16/2018 23:35,SCH - PJM_NEPTUNE,325305,495,660,-660
07/16/2018 23:35,SCH - PJM_VFT,325658,315,315,-315
07/16/2018 23:35,SPR/DUN-SOUTH,23320,2804.14,4350,-9999
07/16/2018 23:35,TOTAL EAST,23314,4205.04,6800,-9999
07/16/2018 23:35,UPNY CONED,23315,2696.75,5700,-9999
07/16/2018 23:35,WEST CENTRAL,23312,13.31,9999,-9999
07/16/2018 23:40,CENTRAL EAST - VC,23330,2014.91,2395,-9999
07/16/2018 23:40,DYSINGER EAST,23326,722.47,3150,-9999
07/16/2018 23:40,MOSES SOUTH,23319,1932.09,3150,-1600
07/16/2018 23:40,SCH - HQ - NY,23324,1440,1440,-1000
07/16/2018 23:40,SCH - HQ_CEDARS,325274,120,190,-40
07/16/2018 23:40,SCH - HQ_IMPORT_EXPORT,325376,1140,1310,-9999
07/16/2018 23:40,SCH - NE - NY,23318,-734.65,1400,-1600
07/16/2018 23:40,SCH - NPX_1385,325277,30,200,-200
07/16/2018 23:40,SCH - NPX_CSC,325154,330,330,-330
07/16/2018 23:40,SCH - OH - NY,23317,253.28,1250,-1750
07/16/2018 23:40,SCH - PJ - NY,23316,1497.05,1800,-1100
07/16/2018 23:40,SCH - PJM_HTP,325905,460,660,-660
07/16/2018 23:40,SCH - PJM_NEPTUNE,325305,495,660,-660
07/16/2018 23:40,SCH - PJM_VFT,325658,315,315,-315
07/16/2018 23:40,SPR/DUN-SOUTH,23320,2791.47,4350,-9999
07/16/2018 23:40,TOTAL EAST,23314,4184.49,6800,-9999
07/16/2018 23:40,UPNY CONED,23315,2653.61,5700,-9999
07/16/2018 23:40,WEST CENTRAL,23312,-83.1,9999,-9999
07/16/2018 23:45,CENTRAL EAST - VC,23330,2088.07,2395,-9999
07/16/2018 23:45,DYSINGER EAST,23326,822.66,3150,-9999
07/16/2018 23:45,MOSES SOUTH,23319,1926.83,3150,-1600
07/16/2018 23:45,SCH - HQ - NY,23324,1440,1440,-1000
07/16/2018 23:45,SCH - HQ_CEDARS,325274,120,190,-40
07/16/2018 23:45,SCH - HQ_IMPORT_EXPORT,325376,1140,1310,-9999
07/16/2018 23:45,SCH - NE - NY,23318,-634.63,1400,-1600
07/16/2018 23:45,SCH - NPX_1385,325277,30,200,-200
07/16/2018 23:45,SCH - NPX_CSC,325154,330,330,-330
07/16/2018 23:45,SCH - OH - NY,23317,249.19,1250,-1750
07/16/2018 23:45,SCH - PJ - NY,23316,1498.92,1800,-1100
07/16/2018 23:45,SCH - PJM_HTP,325905,427,660,-660
07/16/2018 23:45,SCH - PJM_NEPTUNE,325305,495,660,-660
07/16/2018 23:45,SCH - PJM_VFT,325658,315,315,-315
07/16/2018 23:45,SPR/DUN-SOUTH,23320,3101.94,4350,-9999
07/16/2018 23:45,TOTAL EAST,23314,4313.47,6800,-9999
07/16/2018 23:45,UPNY CONED,23315,2896.08,5700,-9999
07/16/2018 23:45,WEST CENTRAL,23312,24.97,9999,-9999
07/16/2018 23:50,CENTRAL EAST - VC,23330,2098.19,2395,-9999
07/16/2018 23:50,DYSINGER EAST,23326,875.62,3150,-9999
07/16/2018 23:50,MOSES SOUTH,23319,1938.64,3150,-1600
07/16/2018 23:50,SCH - HQ - NY,23324,1440,1440,-1000
07/16/2018 23:50,SCH - HQ_CEDARS,325274,120,190,-40
07/16/2018 23:50,SCH - HQ_IMPORT_EXPORT,325376,1140,1310,-9999
07/16/2018 23:50,SCH - NE - NY,23318,-534.81,1400,-1600
07/16/2018 23:50,SCH - NPX_1385,325277,30,200,-200
07/16/2018 23:50,SCH - NPX_CSC,325154,330,330,-330
07/16/2018 23:50,SCH - OH - NY,23317,253.98,1250,-1750
07/16/2018 23:50,SCH - PJ - NY,23316,1495.56,1800,-1100
07/16/2018 23:50,SCH - PJM_HTP,325905,394,660,-660
07/16/2018 23:50,SCH - PJM_NEPTUNE,325305,495,660,-660
07/16/2018 23:50,SCH - PJM_VFT,325658,315,315,-315
07/16/2018 23:50,SPR/DUN-SOUTH,23320,3216.33,4350,-9999
07/16/2018 23:50,TOTAL EAST,23314,4326.93,6800,-9999
07/16/2018 23:50,UPNY CONED,23315,3018.61,5700,-9999
07/16/2018 23:50,WEST CENTRAL,23312,84.61,9999,-9999
07/16/2018 23:55,CENTRAL EAST - VC,23330,2108.75,2395,-9999
07/16/2018 23:55,DYSINGER EAST,23326,854.26,3150,-9999
07/16/2018 23:55,MOSES SOUTH,23319,1956.8,3150,-1600
07/16/2018 23:55,SCH - HQ - NY,23324,1440,1440,-1000
07/16/2018 23:55,SCH - HQ_CEDARS,325274,120,190,-40
07/16/2018 23:55,SCH - HQ_IMPORT_EXPORT,325376,1140,1310,-9999
07/16/2018 23:55,SCH - NE - NY,23318,-534.59,1400,-1600
07/16/2018 23:55,SCH - NPX_1385,325277,30,200,-200
07/16/2018 23:55,SCH - NPX_CSC,325154,330,330,-330
07/16/2018 23:55,SCH - OH - NY,23317,251.39,1250,-1750
07/16/2018 23:55,SCH - PJ - NY,23316,1496.47,1800,-1100
07/16/2018 23:55,SCH - PJM_HTP,325905,394,660,-660
07/16/2018 23:55,SCH - PJM_NEPTUNE,325305,495,660,-660
07/16/2018 23:55,SCH - PJM_VFT,325658,315,315,-315
07/16/2018 23:55,SPR/DUN-SOUTH,23320,3149.17,4350,-9999
07/16/2018 23:55,TOTAL EAST,23314,4348.61,6800,-9999
07/16/2018 23:55,UPNY CONED,23315,2968.65,5700,-9999
07/16/2018 23:55,WEST CENTRAL,23312,74.85,9999,-9999
