Timestamp,Interface Name,Point ID,Flow (MWH),Positive Limit (MWH),Negative Limit (MWH)
03/01/2019 00:00,CENTRAL EAST - VC,23330,2318.85,2640,-9999
03/01/2019 00:00,DYSINGER EAST,23326,998.96,3150,-9999
03/01/2019 00:00,MOSES SOUTH,23319,1993.07,3000,-1600
03/01/2019 00:00,SCH - HQ - NY,23324,1462,1500,-1000
03/01/2019 00:00,SCH - HQ_CEDARS,325274,160,160,-100
03/01/2019 00:00,SCH - HQ_IMPORT_EXPORT,325376,1310,1310,-9999
03/01/2019 00:00,SCH - NE - NY,23318,-849.66,600,-900
03/01/2019 00:00,SCH - NPX_1385,325277,-132,100,-100
03/01/2019 00:00,SCH - NPX_CSC,325154,25,330,-330
03/01/2019 00:00,SCH - OH - NY,23317,1053.05,2050,-2000
03/01/2019 00:00,SCH - PJ - NY,23316,1208.19,2000,-1300
03/01/2019 00:00,SCH - PJM_HTP,325905,166,660,-660
03/01/2019 00:00,SCH - PJM_NEPTUNE,325305,660,660,-660
03/01/2019 00:00,SCH - PJM_VFT,325658,315,315,-315
03/01/2019 00:00,SPR/DUN-SOUTH,23320,2252.12,4600,-9999
03/01/2019 00:00,TOTAL EAST,23314,4232.96,6800,-9999
03/01/2019 00:00,UPNY CONED,23315,1769.1,5700,-9999
03/01/2019 00:00,WEST CENTRAL,23312,517.98,9999,-9999
03/01/2019 00:05,CENTRAL EAST - VC,23330,2242.97,2640,-9999
03/01/2019 00:05,DYSINGER EAST,23326,1047.9,3150,-9999
03/01/2019 00:05,MOSES SOUTH,23319,2000.49,3000,-1600
03/01/2019 00:05,SCH - HQ - NY,23324,1465,1500,-1000
03/01/2019 00:05,SCH - HQ_CEDARS,325274,160,160,-100
03/01/2019 00:05,SCH - HQ_IMPORT_EXPORT,325376,1310,1310,-9999
03/01/2019 00:05,SCH - NE - NY,23318,-699.75,600,-900
03/01/2019 00:05,SCH - NPX_1385,325277,-95,100,-100
03/01/2019 00:05,SCH - NPX_CSC,325154,0,330,-330
03/01/2019 00:05,SCH - OH - NY,23317,1027.85,2050,-2000
03/01/2019 00:05,SCH - PJ - NY,23316,1003.39,2000,-1300
03/01/2019 00:05,SCH - PJM_HTP,325905,74,660,-660
03/01/2019 00:05,SCH - PJM_NEPTUNE,325305,660,660,-660
03/01/2019 00:05,SCH - PJM_VFT,325658,315,315,-315
03/01/2019 00:05,SPR/DUN-SOUTH,23320,2296.54,4600,-9999
03/01/2019 00:05,TOTAL EAST,23314,4123.44,6800,-9999
03/01/2019 00:05,UPNY CONED,23315,1782.03,5700,-9999
03/01/2019 00:05,WEST CENTRAL,23312,571.71,9999,-9999
03/01/2019 00:10,CENTRAL EAST - VC,23330,2181.24,2610,-9999
03/01/2019 00:10,DYSINGER EAST,23326,1062.8,3150,-9999
03/01/2019 00:10,MOSES SOUTH,23319,1938.49,3000,-1600
03/01/2019 00:10,SCH - HQ - NY,23324,1465,1500,-1000
03/01/2019 00:10,SCH - HQ_CEDARS,325274,160,160,-100
03/01/2019 00:10,SCH - HQ_IMPORT_EXPORT,325376,1310,1310,-9999
03/01/2019 00:10,SCH - NE - NY,23318,-699.74,600,-900
03/01/2019 00:10,SCH - NPX_1385,325277,-95,100,-100
03/01/2019 00:10,SCH - NPX_CSC,325154,0,330,-330
03/01/2019 00:10,SCH - OH - NY,23317,1026.56,2050,-2000
03/01/2019 00:10,SCH - PJ - NY,23316,1004.92,2000,-1300
03/01/2019 00:10,SCH - PJM_HTP,325905,75,660,-660
03/01/2019 00:10,SCH - PJM_NEPTUNE,325305,660,660,-660
03/01/2019 00:10,SCH - PJM_VFT,325658,315,315,-315
03/01/2019 00:10,SPR/DUN-SOUTH,23320,2293.18,4600,-9999
03/01/2019 00:10,TOTAL EAST,23314,4145.09,6800,-9999
03/01/2019 00:10,UPNY CONED,23315,1768.45,5700,-9999
03/01/2019 00:10,WEST CENTRAL,23312,592.08,9999,-9999
03/01/2019 00:15,CENTRAL EAST - VC,23330,2213.31,2570,-9999
03/01/2019 00:15,DYSINGER EAST,23326,1096.71,3150,-9999
03/01/2019 00:15,MOSES SOUTH,23319,1931.78,3000,-1600
03/01/2019 00:15,SCH - HQ - NY,23324,1465,1500,-1000
03/01/2019 00:15,SCH - HQ_CEDARS,325274,160,160,-100
03/01/2019 00:15,SCH - HQ_IMPORT_EXPORT,325376,1310,1310,-9999
03/01/2019 00:15,SCH - NE - NY,23318,-699.76,600,-900
03/01/2019 00:15,SCH - NPX_1385,325277,-95,100,-100
03/01/2019 00:15,SCH - NPX_CSC,325154,0,330,-330
03/01/2019 00:15,SCH - OH - NY,23317,1027.75,2050,-2000
03/01/2019 00:15,SCH - PJ - NY,23316,943.54,2000,-1300
03/01/2019 00:15,SCH - PJM_HTP,325905,75,660,-660
03/01/2019 00:15,SCH - PJM_NEPTUNE,325305,660,660,-660
03/01/2019 00:15,SCH - PJM_VFT,325658,315,315,-315
03/01/2019 00:15,SPR/DUN-SOUTH,23320,2305.99,4600,-9999
03/01/2019 00:15,TOTAL EAST,23314,4121.23,6800,-9999
03/01/2019 00:15,UPNY CONED,23315,1788.86,5700,-9999
03/01/2019 00:15,WEST CENTRAL,23312,631.81,9999,-9999
03/01/2019 00:20,CENTRAL EAST - VC,23330,2195.64,2570,-9999
03/01/2019 00:20,DYSINGER EAST,23326,1061.88,3150,-9999
03/01/2019 00:20,MOSES SOUTH,23319,1922.55,3000,-1600
03/01/2019 00:20,SCH - HQ - NY,23324,1465,1500,-1000
03/01/2019 00:20,SCH - HQ_CEDARS,325274,160,160,-100
03/01/2019 00:20,SCH - HQ_IMPORT_EXPORT,325376,1310,1310,-9999
03/01/2019 00:20,SCH - NE - NY,23318,-699.76,600,-900
03/01/2019 00:20,SCH - NPX_1385,325277,-95,100,-100
03/01/2019 00:20,SCH - NPX_CSC,325154,0,330,-330
03/01/2019 00:20,SCH - OH - NY,23317,1027.64,2050,-2000
03/01/2019 00:20,SCH - PJ - NY,23316,884.71,2000,-1300
03/01/2019 00:20,SCH - PJM_HTP,325905,75,660,-660
03/01/2019 00:20,SCH - PJM_NEPTUNE,325305,660,660,-660
03/01/2019 00:20,SCH - PJM_VFT,325658,315,315,-315
03/01/2019 00:20,SPR/DUN-SOUTH,23320,2273.69,4600,-9999
03/01/2019 00:20,TOTAL EAST,23314,4113.75,6800,-9999
03/01/2019 00:20,UPNY CONED,23315,1787.84,5700,-9999
03/01/2019 00:20,WEST CENTRAL,23312,599.26,9999,-9999
03/01/2019 00:25,CENTRAL EAST - VC,23330,2178.61,2570,-9999
03/01/2019 00:25,DYSINGER EAST,23326,1042.84,3150,-9999
03/01/2019 00:25,MOSES SOUTH,23319,1899.2,3000,-1600
03/01/2019 00:25,SCH - HQ - NY,23324,1465,1500,-1000
03/01/2019 00:25,SCH - HQ_CEDARS,325274,160,160,-100
03/01/2019 00:25,SCH - HQ_IMPORT_EXPORT,325376,1310,1310,-9999
03/01/2019 00:25,SCH - NE - NY,23318,-699.74,600,-900
03/01/2019 00:25,SCH - NPX_1385,325277,-95,100,-100
03/01/2019 00:25,SCH - NPX_CSC,325154,0,330,-330
03/01/2019 00:25,SCH - OH - NY,23317,1027.42,2050,-2000
03/01/2019 00:25,SCH - PJ - NY,23316,883.62,2000,-1300
03/01/2019 00:25,SCH - PJM_HTP,325905,75,660,-660
03/01/2019 00:25,SCH - PJM_NEPTUNE,325305,660,660,-660
03/01/2019 00:25,SCH - PJM_VFT,325658,315,315,-315
03/01/2019 00:25,SPR/DUN-SOUTH,23320,2268.17,4600,-9999
03/01/2019 00:25,TOTAL EAST,23314,4081.76,6800,-9999
03/01/2019 00:25,UPNY CONED,23315,1771.67,5700,-9999
03/01/2019 00:25,WEST CENTRAL,23312,581.59,9999,-9999
03/01/2019 00:30,CENTRAL EAST - VC,23330,2180.27,2480,-9999
03/01/2019 00:30,DYSINGER EAST,23326,1035.21,3150,-9999
03/01/2019 00:30,MOSES SOUTH,23319,1883.22,3000,-1600
03/01/2019 00:30,SCH - HQ - NY,23324,1465,1500,-1000
03/01/2019 00:30,SCH - HQ_CEDARS,325274,160,160,-100
03/01/2019 00:30,SCH - HQ_IMPORT_EXPORT,325376,1310,1310,-9999
03/01/2019 00:30,SCH - NE - NY,23318,-699.74,600,-900
03/01/2019 00:30,SCH - NPX_1385,325277,-95,100,-100
03/01/2019 00:30,SCH - NPX_CSC,325154,0,330,-330
03/01/2019 00:30,SCH - OH - NY,23317,1027.35,2050,-2000
03/01/2019 00:30,SCH - PJ - NY,23316,895.51,2000,-1300
03/01/2019 00:30,SCH - PJM_HTP,325905,75,660,-660
03/01/2019 00:30,SCH - PJM_NEPTUNE,325305,660,660,-660
03/01/2019 00:30,SCH - PJM_VFT,325658,315,315,-315
03/01/2019 00:30,SPR/DUN-SOUTH,23320,2263.04,4600,-9999
03/01/2019 00:30,TOTAL EAST,23314,4059.15,6800,-9999
03/01/2019 00:30,UPNY CONED,23315,1756.93,5700,-9999
03/01/2019 00:30,WEST CENTRAL,23312,573.28,9999,-9999
03/01/2019 00:35,CENTRAL EAST - VC,23330,2146.31,2480,-9999
03/01/2019 00:35,DYSINGER EAST,23326,950.11,3150,-9999
03/01/2019 00:35,MOSES SOUTH,23319,1871.82,3000,-1600
03/01/2019 00:35,SCH - HQ - NY,23324,1465,1500,-1000
03/01/2019 00:35,SCH - HQ_CEDARS,325274,160,160,-100
03/01/2019 00:35,SCH - HQ_IMPORT_EXPORT,325376,1310,1310,-9999
03/01/2019 00:35,SCH - NE - NY,23318,-699.75,600,-900
03/01/2019 00:35,SCH - NPX_1385,325277,-95,100,-100
03/01/2019 00:35,SCH - NPX_CSC,325154,0,330,-330
03/01/2019 00:35,SCH - OH - NY,23317,1027.26,2050,-2000
03/01/2019 00:35,SCH - PJ - NY,23316,903.4,2000,-1300
03/01/2019 00:35,SCH - PJM_HTP,325905,75,660,-660
03/01/2019 00:35,SCH - PJM_NEPTUNE,325305,660,660,-660
03/01/2019 00:35,SCH - PJM_VFT,325658,315,315,-315
03/01/2019 00:35,SPR/DUN-SOUTH,23320,2228.63,4600,-9999
03/01/2019 00:35,TOTAL EAST,23314,4003.96,6800,-9999
03/01/2019 00:35,UPNY CONED,23315,1713.48,5700,-9999
03/01/2019 00:35,WEST CENTRAL,23312,490.43,9999,-9999
03/01/2019 00:40,CENTRAL EAST - VC,23330,2139.78,2480,-9999
03/01/2019 00:40,DYSINGER EAST,23326,929.31,3150,-9999
03/01/2019 00:40,MOSES SOUTH,23319,1875.87,3000,-1600
03/01/2019 00:40,SCH - HQ - NY,23324,1465,1500,-1000
03/01/2019 00:40,SCH - HQ_CEDARS,325274,160,160,-100
03/01/2019 00:40,SCH - HQ_IMPORT_EXPORT,325376,1310,1310,-9999
03/01/2019 00:40,SCH - NE - NY,23318,-699.75,600,-900
03/01/2019 00:40,SCH - NPX_1385,325277,-95,100,-100
03/01/2019 00:40,SCH - NPX_CSC,325154,0,330,-330
03/01/2019 00:40,SCH - OH - NY,23317,1027.25,2050,-2000
03/01/2019 00:40,SCH - PJ - NY,23316,902.34,2000,-1300
03/01/2019 00:40,SCH - PJM_HTP,325905,75,660,-660
03/01/2019 00:40,SCH - PJM_NEPTUNE,325305,660,660,-660
03/01/2019 00:40,SCH - PJM_VFT,325658,315,315,-315
03/01/2019 00:40,SPR/DUN-SOUTH,23320,2213.15,4600,-9999
03/01/2019 00:40,TOTAL EAST,23314,3985.53,6800,-9999
03/01/2019 00:40,UPNY CONED,23315,1705.21,5700,-9999
03/01/2019 00:40,WEST CENTRAL,23312,472.02,9999,-9999
03/01/2019 00:45,CENTRAL EAST - VC,23330,2143.68,2480,-9999
03/01/2019 00:45,DYSINGER EAST,23326,922.33,3150,-9999
03/01/2019 00:45,MOSES SOUTH,23319,1838.83,3000,-1600
03/01/2019 00:45,SCH - HQ - NY,23324,1465,1500,-1000
03/01/2019 00:45,SCH - HQ_CEDARS,325274,160,160,-100
03/01/2019 00:45,SCH - HQ_IMPORT_EXPORT,325376,1310,1310,-9999
03/01/2019 00:45,SCH - NE - NY,23318,-699.75,600,-900
03/01/2019 00:45,SCH - NPX_1385,325277,-95,100,-100
03/01/2019 00:45,SCH - NPX_CSC,325154,0,330,-330
03/01/2019 00:45,SCH - OH - NY,23317,1027.07,2050,-2000
03/01/2019 00:45,SCH - PJ - NY,23316,881.29,2000,-1300
03/01/2019 00:45,SCH - PJM_HTP,325905,75,660,-660
03/01/2019 00:45,SCH - PJM_NEPTUNE,325305,660,660,-660
03/01/2019 00:45,SCH - PJM_VFT,325658,315,315,-315
03/01/2019 00:45,SPR/DUN-SOUTH,23320,2191,4600,-9999
03/01/2019 00:45,TOTAL EAST,23314,3950.54,6800,-9999
03/01/2019 00:45,UPNY CONED,23315,1682.34,5700,-9999
03/01/2019 00:45,WEST CENTRAL,23312,465.39,9999,-9999
03/01/2019 00:50,CENTRAL EAST - VC,23330,2179.28,2480,-9999
03/01/2019 00:50,DYSINGER EAST,23326,834.16,3150,-9999
03/01/2019 00:50,MOSES SOUTH,23319,1958.92,3000,-1600
03/01/2019 00:50,SCH - HQ - NY,23324,1465,1500,-1000
03/01/2019 00:50,SCH - HQ_CEDARS,325274,160,160,-100
03/01/2019 00:50,SCH - HQ_IMPORT_EXPORT,325376,1310,1310,-9999
03/01/2019 00:50,SCH - NE - NY,23318,-699.93,600,-900
03/01/2019 00:50,SCH - NPX_1385,325277,-95,100,-100
03/01/2019 00:50,SCH - NPX_CSC,325154,0,330,-330
03/01/2019 00:50,SCH - OH - NY,23317,1027.3,2050,-2000
03/01/2019 00:50,SCH - PJ - NY,23316,858.59,2000,-1300
03/01/2019 00:50,SCH - PJM_HTP,325905,75,660,-660
03/01/2019 00:50,SCH - PJM_NEPTUNE,325305,660,660,-660
03/01/2019 00:50,SCH - PJM_VFT,325658,315,315,-315
03/01/2019 00:50,SPR/DUN-SOUTH,23320,2185.4,4600,-9999
03/01/2019 00:50,TOTAL EAST,23314,3936.08,6800,-9999
03/01/2019 00:50,UPNY CONED,23315,1674.23,5700,-9999
03/01/2019 00:50,WEST CENTRAL,23312,376.19,9999,-9999
03/01/2019 00:55,CENTRAL EAST - VC,23330,2184.64,2480,-9999
03/01/2019 00:55,DYSINGER EAST,23326,845.45,3150,-9999
03/01/2019 00:55,MOSES SOUTH,23319,1977.2,3000,-1600
03/01/2019 00:55,SCH - HQ - NY,23324,1465,1500,-1000
03/01/2019 00:55,SCH - HQ_CEDARS,325274,160,160,-100
03/01/2019 00:55,SCH - HQ_IMPORT_EXPORT,325376,1310,1310,-9999
03/01/2019 00:55,SCH - NE - NY,23318,-699.93,600,-900
03/01/2019 00:55,SCH - NPX_1385,325277,-95,100,-100
03/01/2019 00:55,SCH - NPX_CSC,325154,0,330,-330
03/01/2019 00:55,SCH - OH - NY,23317,1027.43,2050,-2000
03/01/2019 00:55,SCH - PJ - NY,23316,859.53,2000,-1300
03/01/2019 00:55,SCH - PJM_HTP,325905,75,660,-660
03/01/2019 00:55,SCH - PJM_NEPTUNE,325305,660,660,-660
03/01/2019 00:55,SCH - PJM_VFT,325658,315,315,-315
03/01/2019 00:55,SPR/DUN-SOUTH,23320,2215.64,4600,-9999
03/01/2019 00:55,TOTAL EAST,23314,3920.34,6800,-9999
03/01/2019 00:55,UPNY CONED,23315,1667.07,5700,-9999
03/01/2019 00:55,WEST CENTRAL,23312,390.41,9999,-9999
03/01/2019 01:00,CENTRAL EAST - VC,23330,2293.65,2480,-9999
03/01/2019 01:00,DYSINGER EAST,23326,949.45,3150,-9999
03/01/2019 01:00,MOSES SOUTH,23319,1988.13,3000,-1600
03/01/2019 01:00,SCH - HQ - NY,23324,1465,1500,-1000
03/01/2019 01:00,SCH - HQ_CEDARS,325274,160,160,-100
03/01/2019 01:00,SCH - HQ_IMPORT_EXPORT,325376,1310,1310,-9999
03/01/2019 01:00,SCH - NE - NY,23318,-699.93,600,-900
03/01/2019 01:00,SCH - NPX_1385,325277,-95,100,-100
03/01/2019 01:00,SCH - NPX_CSC,325154,0,330,-330
03/01/2019 01:00,SCH - OH - NY,23317,911.73,2050,-2000
03/01/2019 01:00,SCH - PJ - NY,23316,958.4,2000,-1300
03/01/2019 01:00,SCH - PJM_HTP,325905,75,660,-660
03/01/2019 01:00,SCH - PJM_NEPTUNE,325305,660,660,-660
03/01/2019 01:00,SCH - PJM_VFT,325658,315,315,-315
03/01/2019 01:00,SPR/DUN-SOUTH,23320,2166.09,4600,-9999
03/01/2019 01:00,TOTAL EAST,23314,4127.88,6800,-9999
03/01/2019 01:00,UPNY CONED,23315,1584.27,5700,-9999
03/01/2019 01:00,WEST CENTRAL,23312,494.36,9999,-9999
03/01/2019 01:05,CENTRAL EAST - VC,23330,2264.22,2480,-9999
03/01/2019 01:05,DYSINGER EAST,23326,868.45,3150,-9999
03/01/2019 01:05,MOSES SOUTH,23319,2003.25,3000,-1600
03/01/2019 01:05,SCH - HQ - NY,23324,1465,1500,-1000
03/01/2019 01:05,SCH - HQ_CEDARS,325274,160,160,-100
03/01/2019 01:05,SCH - HQ_IMPORT_EXPORT,325376,1310,1310,-9999
03/01/2019 01:05,SCH - NE - NY,23318,-699.76,600,-900
03/01/2019 01:05,SCH - NPX_1385,325277,-95,100,-100
03/01/2019 01:05,SCH - NPX_CSC,325154,0,330,-330
03/01/2019 01:05,SCH - OH - NY,23317,798.59,2050,-2000
03/01/2019 01:05,SCH - PJ - NY,23316,1055.74,2000,-1300
03/01/2019 01:05,SCH - PJM_HTP,325905,75,660,-660
03/01/2019 01:05,SCH - PJM_NEPTUNE,325305,660,660,-660
03/01/2019 01:05,SCH - PJM_VFT,325658,315,315,-315
03/01/2019 01:05,SPR/DUN-SOUTH,23320,2147.96,4600,-9999
03/01/2019 01:05,TOTAL EAST,23314,4083.93,6800,-9999
03/01/2019 01:05,UPNY CONED,23315,1560.76,5700,-9999
03/01/2019 01:05,WEST CENTRAL,23312,413.04,9999,-9999
03/01/2019 01:10,CENTRAL EAST - VC,23330,2260.07,2480,-9999
03/01/2019 01:10,DYSINGER EAST,23326,771.18,3150,-9999
03/01/2019 01:10,MOSES SOUTH,23319,2048.75,3000,-1600
03/01/2019 01:10,SCH - HQ - NY,23324,1465,1500,-1000
03/01/2019 01:10,SCH - HQ_CEDARS,325274,160,160,-100
03/01/2019 01:10,SCH - HQ_IMPORT_EXPORT,325376,1310,1310,-9999
03/01/2019 01:10,SCH - NE - NY,23318,-699.93,600,-900
03/01/2019 01:10,SCH - NPX_1385,325277,-95,100,-100
03/01/2019 01:10,SCH - NPX_CSC,325154,0,330,-330
03/01/2019 01:10,SCH - OH - NY,23317,799.21,2050,-2000
03/01/2019 01:10,SCH - PJ - NY,23316,1051.59,2000,-1300
03/01/2019 01:10,SCH - PJM_HTP,325905,75,660,-660
03/01/2019 01:10,SCH - PJM_NEPTUNE,325305,660,660,-660
03/01/2019 01:10,SCH - PJM_VFT,325658,315,315,-315
03/01/2019 01:10,SPR/DUN-SOUTH,23320,2129.37,4600,-9999
03/01/2019 01:10,TOTAL EAST,23314,4041.06,6800,-9999
03/01/2019 01:10,UPNY CONED,23315,1528.25,5700,-9999
03/01/2019 01:10,WEST CENTRAL,23312,323.55,9999,-9999
03/01/2019 01:15,CENTRAL EAST - VC,23330,2285.39,2480,-9999
03/01/2019 01:15,DYSINGER EAST,23326,846.14,3150,-9999
03/01/2019 01:15,MOSES SOUTH,23319,2050.69,3000,-1600
03/01/2019 01:15,SCH - HQ - NY,23324,1465,1500,-1000
03/01/2019 01:15,SCH - HQ_CEDARS,325274,160,160,-100
03/01/2019 01:15,SCH - HQ_IMPORT_EXPORT,325376,1310,1310,-9999
03/01/2019 01:15,SCH - NE - NY,23318,-699.93,600,-900
03/01/2019 01:15,SCH - NPX_1385,325277,-95,100,-100
03/01/2019 01:15,SCH - NPX_CSC,325154,0,330,-330
03/01/2019 01:15,SCH - OH - NY,23317,796.22,2050,-2000
03/01/2019 01:15,SCH - PJ - NY,23316,988.86,2000,-1300
03/01/2019 01:15,SCH - PJM_HTP,325905,75,660,-660
03/01/2019 01:15,SCH - PJM_NEPTUNE,325305,660,660,-660
03/01/2019 01:15,SCH - PJM_VFT,325658,315,315,-315
03/01/2019 01:15,SPR/DUN-SOUTH,23320,2123.47,4600,-9999
03/01/2019 01:15,TOTAL EAST,23314,4031.6,6800,-9999
03/01/2019 01:15,UPNY CONED,23315,1524.13,5700,-9999
03/01/2019 01:15,WEST CENTRAL,23312,397.09,9999,-9999
03/01/2019 01:20,CENTRAL EAST - VC,23330,2303.17,2480,-9999
03/01/2019 01:20,DYSINGER EAST,23326,949.01,3150,-9999
03/01/2019 01:20,MOSES SOUTH,23319,2030.26,3000,-1600
03/01/2019 01:20,SCH - HQ - NY,23324,1465,1500,-1000
03/01/2019 01:20,SCH - HQ_CEDARS,325274,160,160,-100
03/01/2019 01:20,SCH - HQ_IMPORT_EXPORT,325376,1310,1310,-9999
03/01/2019 01:20,SCH - NE - NY,23318,-699.93,600,-900
03/01/2019 01:20,SCH - NPX_1385,325277,-95,100,-100
03/01/2019 01:20,SCH - NPX_CSC,325154,0,330,-330
03/01/2019 01:20,SCH - OH - NY,23317,796.45,2050,-2000
03/01/2019 01:20,SCH - PJ - NY,23316,916.92,2000,-1300
03/01/2019 01:20,SCH - PJM_HTP,325905,75,660,-660
03/01/2019 01:20,SCH - PJM_NEPTUNE,325305,660,660,-660
03/01/2019 01:20,SCH - PJM_VFT,325658,315,315,-315
03/01/2019 01:20,SPR/DUN-SOUTH,23320,2133.23,4600,-9999
03/01/2019 01:20,TOTAL EAST,23314,3999.71,6800,-9999
03/01/2019 01:20,UPNY CONED,23315,1529.71,5700,-9999
03/01/2019 01:20,WEST CENTRAL,23312,498.78,9999,-9999
03/01/2019 01:25,CENTRAL EAST - VC,23330,2288.45,2480,-9999
03/01/2019 01:25,DYSINGER EAST,23326,942.11,3150,-9999
03/01/2019 01:25,MOSES SOUTH,23319,2020.07,3000,-1600
03/01/2019 01:25,SCH - HQ - NY,23324,1465,1500,-1000
03/01/2019 01:25,SCH - HQ_CEDARS,325274,160,160,-100
03/01/2019 01:25,SCH - HQ_IMPORT_EXPORT,325376,1310,1310,-9999
03/01/2019 01:25,SCH - NE - NY,23318,-699.93,600,-900
03/01/2019 01:25,SCH - NPX_1385,325277,-95,100,-100
03/01/2019 01:25,SCH - NPX_CSC,325154,0,330,-330
03/01/2019 01:25,SCH - OH - NY,23317,796.43,2050,-2000
03/01/2019 01:25,SCH - PJ - NY,23316,915.91,2000,-1300
03/01/2019 01:25,SCH - PJM_HTP,325905,75,660,-660
03/01/2019 01:25,SCH - PJM_NEPTUNE,325305,660,660,-660
03/01/2019 01:25,SCH - PJM_VFT,325658,315,315,-315
03/01/2019 01:25,SPR/DUN-SOUTH,23320,2124.55,4600,-9999
03/01/2019 01:25,TOTAL EAST,23314,3985.61,6800,-9999
03/01/2019 01:25,UPNY CONED,23315,1514.84,5700,-9999
03/01/2019 01:25,WEST CENTRAL,23312,493,9999,-9999
03/01/2019 01:30,CENTRAL EAST - VC,23330,2288.43,2480,-9999
03/01/2019 01:30,DYSINGER EAST,23326,913.55,3150,-9999
03/01/2019 01:30,MOSES SOUTH,23319,2025.99,3000,-1600
03/01/2019 01:30,SCH - HQ - NY,23324,1465,1500,-1000
03/01/2019 01:30,SCH - HQ_CEDARS,325274,160,160,-100
03/01/2019 01:30,SCH - HQ_IMPORT_EXPORT,325376,1310,1310,-9999
03/01/2019 01:30,SCH - NE - NY,23318,-699.93,600,-900
03/01/2019 01:30,SCH - NPX_1385,325277,-95,100,-100
03/01/2019 01:30,SCH - NPX_CSC,325154,0,330,-330
03/01/2019 01:30,SCH - OH - NY,23317,796.39,2050,-2000
03/01/2019 01:30,SCH - PJ - NY,23316,907.78,2000,-1300
03/01/2019 01:30,SCH - PJM_HTP,325905,75,660,-660
03/01/2019 01:30,SCH - PJM_NEPTUNE,325305,660,660,-660
03/01/2019 01:30,SCH - PJM_VFT,325658,315,315,-315
03/01/2019 01:30,SPR/DUN-SOUTH,23320,2128.48,4600,-9999
03/01/2019 01:30,TOTAL EAST,23314,3964.51,6800,-9999
03/01/2019 01:30,UPNY CONED,23315,1508.6,5700,-9999
03/01/2019 01:30,WEST CENTRAL,23312,466.89,9999,-9999
03/01/2019 01:35,CENTRAL EAST - VC,23330,2297.03,2480,-9999
03/01/2019 01:35,DYSINGER EAST,23326,905.97,3150,-9999
03/01/2019 01:35,MOSES SOUTH,23319,2041.6,3000,-1600
03/01/2019 01:35,SCH - HQ - NY,23324,1465,1500,-1000
03/01/2019 01:35,SCH - HQ_CEDARS,325274,160,160,-100
03/01/2019 01:35,SCH - HQ_IMPORT_EXPORT,325376,1310,1310,-9999
03/01/2019 01:35,SCH - NE - NY,23318,-699.93,600,-900
03/01/2019 01:35,SCH - NPX_1385,325277,-95,100,-100
03/01/2019 01:35,SCH - NPX_CSC,325154,0,330,-330
03/01/2019 01:35,SCH - OH - NY,23317,796.43,2050,-2000
03/01/2019 01:35,SCH - PJ - NY,23316,901.72,2000,-1300
03/01/2019 01:35,SCH - PJM_HTP,325905,75,660,-660
03/01/2019 01:35,SCH - PJM_NEPTUNE,325305,660,660,-660
03/01/2019 01:35,SCH - PJM_VFT,325658,315,315,-315
03/01/2019 01:35,SPR/DUN-SOUTH,23320,2128.64,4600,-9999
03/01/2019 01:35,TOTAL EAST,23314,3943.81,6800,-9999
03/01/2019 01:35,UPNY CONED,23315,1500.29,5700,-9999
03/01/2019 01:35,WEST CENTRAL,23312,458.46,9999,-9999
03/01/2019 01:40,CENTRAL EAST - VC,23330,2269.35,2480,-9999
03/01/2019 01:40,DYSINGER EAST,23326,843.17,3150,-9999
03/01/2019 01:40,MOSES SOUTH,23319,2045.1,3000,-1600
03/01/2019 01:40,SCH - HQ - NY,23324,1465,1500,-1000
03/01/2019 01:40,SCH - HQ_CEDARS,325274,160,160,-100
03/01/2019 01:40,SCH - HQ_IMPORT_EXPORT,325376,1310,1310,-9999
03/01/2019 01:40,SCH - NE - NY,23318,-699.91,600,-900
03/01/2019 01:40,SCH - NPX_1385,325277,-95,100,-100
03/01/2019 01:40,SCH - NPX_CSC,325154,0,330,-330
03/01/2019 01:40,SCH - OH - NY,23317,796.44,2050,-2000
03/01/2019 01:40,SCH - PJ - NY,23316,902.65,2000,-1300
03/01/2019 01:40,SCH - PJM_HTP,325905,75,660,-660
03/01/2019 01:40,SCH - PJM_NEPTUNE,325305,660,660,-660
03/01/2019 01:40,SCH - PJM_VFT,325658,315,315,-315
03/01/2019 01:40,SPR/DUN-SOUTH,23320,2105.06,4600,-9999
03/01/2019 01:40,TOTAL EAST,23314,3923.01,6800,-9999
03/01/2019 01:40,UPNY CONED,23315,1467.18,5700,-9999
03/01/2019 01:40,WEST CENTRAL,23312,397.2,9999,-9999
03/01/2019 01:45,CENTRAL EAST - VC,23330,2271.18,2480,-9999
03/01/2019 01:45,DYSINGER EAST,23326,844.48,3150,-9999
03/01/2019 01:45,MOSES SOUTH,23319,2036.13,3000,-1600
03/01/2019 01:45,SCH - HQ - NY,23324,1465,1500,-1000
03/01/2019 01:45,SCH - HQ_CEDARS,325274,160,160,-100
03/01/2019 01:45,SCH - HQ_IMPORT_EXPORT,325376,1310,1310,-9999
03/01/2019 01:45,SCH - NE - NY,23318,-699.92,600,-900
03/01/2019 01:45,SCH - NPX_1385,325277,-95,100,-100
03/01/2019 01:45,SCH - NPX_CSC,325154,0,330,-330
03/01/2019 01:45,SCH - OH - NY,23317,796.51,2050,-2000
03/01/2019 01:45,SCH - PJ - NY,23316,894.57,2000,-1300
03/01/2019 01:45,SCH - PJM_HTP,325905,75,660,-660
03/01/2019 01:45,SCH - PJM_NEPTUNE,325305,660,660,-660
03/01/2019 01:45,SCH - PJM_VFT,325658,315,315,-315
03/01/2019 01:45,SPR/DUN-SOUTH,23320,2104.71,4600,-9999
03/01/2019 01:45,TOTAL EAST,23314,3900.03,6800,-9999
03/01/2019 01:45,UPNY CONED,23315,1482.97,5700,-9999
03/01/2019 01:45,WEST CENTRAL,23312,399.54,9999,-9999
03/01/2019 01:50,CENTRAL EAST - VC,23330,2284.85,2480,-9999
03/01/2019 01:50,DYSINGER EAST,23326,861.18,3150,-9999
03/01/2019 01:50,MOSES SOUTH,23319,2043.87,3000,-1600
03/01/2019 01:50,SCH - HQ - NY,23324,1465,1500,-1000
03/01/2019 01:50,SCH - HQ_CEDARS,325274,160,160,-100
03/01/2019 01:50,SCH - HQ_IMPORT_EXPORT,325376,1310,1310,-9999
03/01/2019 01:50,SCH - NE - NY,23318,-699.91,600,-900
03/01/2019 01:50,SCH - NPX_1385,325277,-95,100,-100
03/01/2019 01:50,SCH - NPX_CSC,325154,0,330,-330
03/01/2019 01:50,SCH - OH - NY,23317,796.55,2050,-2000
03/01/2019 01:50,SCH - PJ - NY,23316,886.55,2000,-1300
03/01/2019 01:50,SCH - PJM_HTP,325905,75,660,-660
03/01/2019 01:50,SCH - PJM_NEPTUNE,325305,660,660,-660
03/01/2019 01:50,SCH - PJM_VFT,325658,315,315,-315
03/01/2019 01:50,SPR/DUN-SOUTH,23320,2103.16,4600,-9999
03/01/2019 01:50,TOTAL EAST,23314,3888.99,6800,-9999
03/01/2019 01:50,UPNY CONED,23315,1479.97,5700,-9999
03/01/2019 01:50,WEST CENTRAL,23312,416.12,9999,-9999
03/01/2019 01:55,CENTRAL EAST - VC,23330,2258.36,2480,-9999
03/01/2019 01:55,DYSINGER EAST,23326,835.31,3150,-9999
03/01/2019 01:55,MOSES SOUTH,23319,2048.99,3000,-1600
03/01/2019 01:55,SCH - HQ - NY,23324,1465,1500,-1000
03/01/2019 01:55,SCH - HQ_CEDARS,325274,160,160,-100
03/01/2019 01:55,SCH - HQ_IMPORT_EXPORT,325376,1310,1310,-9999
03/01/2019 01:55,SCH - NE - NY,23318,-699.91,600,-900
03/01/2019 01:55,SCH - NPX_1385,325277,-95,100,-100
03/01/2019 01:55,SCH - NPX_CSC,325154,0,330,-330
03/01/2019 01:55,SCH - OH - NY,23317,796.61,2050,-2000
03/01/2019 01:55,SCH - PJ - NY,23316,887.52,2000,-1300
03/01/2019 01:55,SCH - PJM_HTP,325905,75,660,-660
03/01/2019 01:55,SCH - PJM_NEPTUNE,325305,660,660,-660
03/01/2019 01:55,SCH - PJM_VFT,325658,315,315,-315
03/01/2019 01:55,SPR/DUN-SOUTH,23320,2079.52,4600,-9999
03/01/2019 01:55,TOTAL EAST,23314,3866.17,6800,-9999
03/01/2019 01:55,UPNY CONED,23315,1455.59,5700,-9999
03/01/2019 01:55,WEST CENTRAL,23312,391.28,9999,-9999
03/01/2019 02:00,CENTRAL EAST - VC,23330,2255.15,2480,-9999
03/01/2019 02:00,DYSINGER EAST,23326,815.59,3150,-9999
03/01/2019 02:00,MOSES SOUTH,23319,2049.14,3000,-1600
03/01/2019 02:00,SCH - HQ - NY,23324,1465,1500,-1000
03/01/2019 02:00,SCH - HQ_CEDARS,325274,160,160,-100
03/01/2019 02:00,SCH - HQ_IMPORT_EXPORT,325376,1310,1310,-9999
03/01/2019 02:00,SCH - NE - NY,23318,-699.91,600,-900
03/01/2019 02:00,SCH - NPX_1385,325277,-97,100,-100
03/01/2019 02:00,SCH - NPX_CSC,325154,0,330,-330
03/01/2019 02:00,SCH - OH - NY,23317,775.58,2050,-2000
03/01/2019 02:00,SCH - PJ - NY,23316,915.41,2000,-1300
03/01/2019 02:00,SCH - PJM_HTP,325905,37,660,-660
03/01/2019 02:00,SCH - PJM_NEPTUNE,325305,660,660,-660
03/01/2019 02:00,SCH - PJM_VFT,325658,315,315,-315
03/01/2019 02:00,SPR/DUN-SOUTH,23320,2117.81,4600,-9999
03/01/2019 02:00,TOTAL EAST,23314,3849.66,6800,-9999
03/01/2019 02:00,UPNY CONED,23315,1472.8,5700,-9999
03/01/2019 02:00,WEST CENTRAL,23312,372.73,9999,-9999
03/01/2019 02:05,CENTRAL EAST - VC,23330,2264.75,2480,-9999
03/01/2019 02:05,DYSINGER EAST,23326,846.61,3150,-9999
03/01/2019 02:05,MOSES SOUTH,23319,2059.9,3000,-1600
03/01/2019 02:05,SCH - HQ - NY,23324,1465,1500,-1000
03/01/2019 02:05,SCH - HQ_CEDARS,325274,160,160,-100
03/01/2019 02:05,SCH - HQ_IMPORT_EXPORT,325376,1310,1310,-9999
03/01/2019 02:05,SCH - NE - NY,23318,-699.91,600,-900
03/01/2019 02:05,SCH - NPX_1385,325277,-100,100,-100
03/01/2019 02:05,SCH - NPX_CSC,325154,0,330,-330
03/01/2019 02:05,SCH - OH - NY,23317,754.77,2050,-2000
03/01/2019 02:05,SCH - PJ - NY,23316,944.31,2000,-1300
03/01/2019 02:05,SCH - PJM_HTP,325905,0,660,-660
03/01/2019 02:05,SCH - PJM_NEPTUNE,325305,660,660,-660
03/01/2019 02:05,SCH - PJM_VFT,325658,315,315,-315
03/01/2019 02:05,SPR/DUN-SOUTH,23320,2137.1,4600,-9999
03/01/2019 02:05,TOTAL EAST,23314,3862.59,6800,-9999
03/01/2019 02:05,UPNY CONED,23315,1489.61,5700,-9999
03/01/2019 02:05,WEST CENTRAL,23312,403.49,9999,-9999
03/01/2019 02:10,CENTRAL EAST - VC,23330,2251.79,2480,-9999
03/01/2019 02:10,DYSINGER EAST,23326,817.31,3150,-9999
03/01/2019 02:10,MOSES SOUTH,23319,2056.55,3000,-1600
03/01/2019 02:10,SCH - HQ - NY,23324,1465,1500,-1000
03/01/2019 02:10,SCH - HQ_CEDARS,325274,160,160,-100
03/01/2019 02:10,SCH - HQ_IMPORT_EXPORT,325376,1310,1310,-9999
03/01/2019 02:10,SCH - NE - NY,23318,-699.92,600,-900
03/01/2019 02:10,SCH - NPX_1385,325277,-100,100,-100
03/01/2019 02:10,SCH - NPX_CSC,325154,0,330,-330
03/01/2019 02:10,SCH - OH - NY,23317,754.7,2050,-2000
03/01/2019 02:10,SCH - PJ - NY,23316,943.3,2000,-1300
03/01/2019 02:10,SCH - PJM_HTP,325905,0,660,-660
03/01/2019 02:10,SCH - PJM_NEPTUNE,325305,660,660,-660
03/01/2019 02:10,SCH - PJM_VFT,325658,315,315,-315
03/01/2019 02:10,SPR/DUN-SOUTH,23320,2120.72,4600,-9999
03/01/2019 02:10,TOTAL EAST,23314,3839.71,6800,-9999
03/01/2019 02:10,UPNY CONED,23315,1481.83,5700,-9999
03/01/2019 02:10,WEST CENTRAL,23312,376.49,9999,-9999
03/01/2019 02:15,CENTRAL EAST - VC,23330,2249.19,2480,-9999
03/01/2019 02:15,DYSINGER EAST,23326,830.31,3150,-9999
03/01/2019 02:15,MOSES SOUTH,23319,2060.07,3000,-1600
03/01/2019 02:15,SCH - HQ - NY,23324,1465,1500,-1000
03/01/2019 02:15,SCH - HQ_CEDARS,325274,160,160,-100
03/01/2019 02:15,SCH - HQ_IMPORT_EXPORT,325376,1310,1310,-9999
03/01/2019 02:15,SCH - NE - NY,23318,-699.91,600,-900
03/01/2019 02:15,SCH - NPX_1385,325277,-100,100,-100
03/01/2019 02:15,SCH - NPX_CSC,325154,0,330,-330
03/01/2019 02:15,SCH - OH - NY,23317,754.79,2050,-2000
03/01/2019 02:15,SCH - PJ - NY,23316,916.28,2000,-1300
03/01/2019 02:15,SCH - PJM_HTP,325905,0,660,-660
03/01/2019 02:15,SCH - PJM_NEPTUNE,325305,660,660,-660
03/01/2019 02:15,SCH - PJM_VFT,325658,315,315,-315
03/01/2019 02:15,SPR/DUN-SOUTH,23320,2125.06,4600,-9999
03/01/2019 02:15,TOTAL EAST,23314,3799.21,6800,-9999
03/01/2019 02:15,UPNY CONED,23315,1482.37,5700,-9999
03/01/2019 02:15,WEST CENTRAL,23312,389.5,9999,-9999
03/01/2019 02:20,CENTRAL EAST - VC,23330,2229.96,2480,-9999
03/01/2019 02:20,DYSINGER EAST,23326,795.12,3150,-9999
03/01/2019 02:20,MOSES SOUTH,23319,2059.02,3000,-1600
03/01/2019 02:20,SCH - HQ - NY,23324,1465,1500,-1000
03/01/2019 02:20,SCH - HQ_CEDARS,325274,160,160,-100
03/01/2019 02:20,SCH - HQ_IMPORT_EXPORT,325376,1310,1310,-9999
03/01/2019 02:20,SCH - NE - NY,23318,-699.91,600,-900
03/01/2019 02:20,SCH - NPX_1385,325277,-100,100,-100
03/01/2019 02:20,SCH - NPX_CSC,325154,0,330,-330
03/01/2019 02:20,SCH - OH - NY,23317,754.71,2050,-2000
03/01/2019 02:20,SCH - PJ - NY,23316,894.3,2000,-1300
03/01/2019 02:20,SCH - PJM_HTP,325905,0,660,-660
03/01/2019 02:20,SCH - PJM_NEPTUNE,325305,660,660,-660
03/01/2019 02:20,SCH - PJM_VFT,325658,315,315,-315
03/01/2019 02:20,SPR/DUN-SOUTH,23320,2112.7,4600,-9999
03/01/2019 02:20,TOTAL EAST,23314,3770.37,6800,-9999
03/01/2019 02:20,UPNY CONED,23315,1455.47,5700,-9999
03/01/2019 02:20,WEST CENTRAL,23312,355.45,9999,-9999
03/01/2019 02:25,CENTRAL EAST - VC,23330,2270.72,2480,-9999
03/01/2019 02:25,DYSINGER EAST,23326,857.88,3150,-9999
03/01/2019 02:25,MOSES SOUTH,23319,2037.54,3000,-1600
03/01/2019 02:25,SCH - HQ - NY,23324,1465,1500,-1000
03/01/2019 02:25,SCH - HQ_CEDARS,325274,160,160,-100
03/01/2019 02:25,SCH - HQ_IMPORT_EXPORT,325376,1310,1310,-9999
03/01/2019 02:25,SCH - NE - NY,23318,-699.91,600,-900
03/01/2019 02:25,SCH - NPX_1385,325277,-100,100,-100
03/01/2019 02:25,SCH - NPX_CSC,325154,0,330,-330
03/01/2019 02:25,SCH - OH - NY,23317,754.64,2050,-2000
03/01/2019 02:25,SCH - PJ - NY,23316,893.44,2000,-1300
03/01/2019 02:25,SCH - PJM_HTP,325905,0,660,-660
03/01/2019 02:25,SCH - PJM_NEPTUNE,325305,660,660,-660
03/01/2019 02:25,SCH - PJM_VFT,325658,315,315,-315
03/01/2019 02:25,SPR/DUN-SOUTH,23320,2109.68,4600,-9999
03/01/2019 02:25,TOTAL EAST,23314,3841.73,6800,-9999
03/01/2019 02:25,UPNY CONED,23315,1443.63,5700,-9999
03/01/2019 02:25,WEST CENTRAL,23312,417.95,9999,-9999
03/01/2019 02:30,CENTRAL EAST - VC,23330,2268.32,2480,-9999
03/01/2019 02:30,DYSINGER EAST,23326,858.23,3150,-9999
03/01/2019 02:30,MOSES SOUTH,23319,2032.62,3000,-1600
03/01/2019 02:30,SCH - HQ - NY,23324,1465,1500,-1000
03/01/2019 02:30,SCH - HQ_CEDARS,325274,160,160,-100
03/01/2019 02:30,SCH - HQ_IMPORT_EXPORT,325376,1310,1310,-9999
03/01/2019 02:30,SCH - NE - NY,23318,-699.91,600,-900
03/01/2019 02:30,SCH - NPX_1385,325277,-100,100,-100
03/01/2019 02:30,SCH - NPX_CSC,325154,0,330,-330
03/01/2019 02:30,SCH - OH - NY,23317,754.6,2050,-2000
03/01/2019 02:30,SCH - PJ - NY,23316,864.48,2000,-1300
03/01/2019 02:30,SCH - PJM_HTP,325905,0,660,-660
03/01/2019 02:30,SCH - PJM_NEPTUNE,325305,660,660,-660
03/01/2019 02:30,SCH - PJM_VFT,325658,315,315,-315
03/01/2019 02:30,SPR/DUN-SOUTH,23320,2101.43,4600,-9999
03/01/2019 02:30,TOTAL EAST,23314,3837.42,6800,-9999
03/01/2019 02:30,UPNY CONED,23315,1432.14,5700,-9999
03/01/2019 02:30,WEST CENTRAL,23312,418.3,9999,-9999
03/01/2019 02:35,CENTRAL EAST - VC,23330,2297.74,2480,-9999
03/01/2019 02:35,DYSINGER EAST,23326,903.3,3150,-9999
03/01/2019 02:35,MOSES SOUTH,23319,2038.41,3000,-1600
03/01/2019 02:35,SCH - HQ - NY,23324,1465,1500,-1000
03/01/2019 02:35,SCH - HQ_CEDARS,325274,160,160,-100
03/01/2019 02:35,SCH - HQ_IMPORT_EXPORT,325376,1310,1310,-9999
03/01/2019 02:35,SCH - NE - NY,23318,-699.91,600,-900
03/01/2019 02:35,SCH - NPX_1385,325277,-100,100,-100
03/01/2019 02:35,SCH - NPX_CSC,325154,0,330,-330
03/01/2019 02:35,SCH - OH - NY,23317,754.67,2050,-2000
03/01/2019 02:35,SCH - PJ - NY,23316,835.49,2000,-1300
03/01/2019 02:35,SCH - PJM_HTP,325905,0,660,-660
03/01/2019 02:35,SCH - PJM_NEPTUNE,325305,660,660,-660
03/01/2019 02:35,SCH - PJM_VFT,325658,315,315,-315
03/01/2019 02:35,SPR/DUN-SOUTH,23320,2118.03,4600,-9999
03/01/2019 02:35,TOTAL EAST,23314,3834.68,6800,-9999
03/01/2019 02:35,UPNY CONED,23315,1448.81,5700,-9999
03/01/2019 02:35,WEST CENTRAL,23312,464.03,9999,-9999
03/01/2019 02:40,CENTRAL EAST - VC,23330,2263.95,2480,-9999
03/01/2019 02:40,DYSINGER EAST,23326,803.47,3150,-9999
03/01/2019 02:40,MOSES SOUTH,23319,2046.32,3000,-1600
03/01/2019 02:40,SCH - HQ - NY,23324,1465,1500,-1000
03/01/2019 02:40,SCH - HQ_CEDARS,325274,160,160,-100
03/01/2019 02:40,SCH - HQ_IMPORT_EXPORT,325376,1310,1310,-9999
03/01/2019 02:40,SCH - NE - NY,23318,-699.91,600,-900
03/01/2019 02:40,SCH - NPX_1385,325277,-100,100,-100
03/01/2019 02:40,SCH - NPX_CSC,325154,0,330,-330
03/01/2019 02:40,SCH - OH - NY,23317,754.7,2050,-2000
03/01/2019 02:40,SCH - PJ - NY,23316,838.27,2000,-1300
03/01/2019 02:40,SCH - PJM_HTP,325905,0,660,-660
03/01/2019 02:40,SCH - PJM_NEPTUNE,325305,660,660,-660
03/01/2019 02:40,SCH - PJM_VFT,325658,315,315,-315
03/01/2019 02:40,SPR/DUN-SOUTH,23320,2134.68,4600,-9999
03/01/2019 02:40,TOTAL EAST,23314,3761.05,6800,-9999
03/01/2019 02:40,UPNY CONED,23315,1482.19,5700,-9999
03/01/2019 02:40,WEST CENTRAL,23312,362.98,9999,-9999
03/01/2019 02:45,CENTRAL EAST - VC,23330,2260.43,2480,-9999
03/01/2019 02:45,DYSINGER EAST,23326,810.61,3150,-9999
03/01/2019 02:45,MOSES SOUTH,23319,2038.07,3000,-1600
03/01/2019 02:45,SCH - HQ - NY,23324,1465,1500,-1000
03/01/2019 02:45,SCH - HQ_CEDARS,325274,160,160,-100
03/01/2019 02:45,SCH - HQ_IMPORT_EXPORT,325376,1310,1310,-9999
03/01/2019 02:45,SCH - NE - NY,23318,-699.91,600,-900
03/01/2019 02:45,SCH - NPX_1385,325277,-100,100,-100
03/01/2019 02:45,SCH - NPX_CSC,325154,0,330,-330
03/01/2019 02:45,SCH - OH - NY,23317,754.75,2050,-2000
03/01/2019 02:45,SCH - PJ - NY,23316,865.25,2000,-1300
03/01/2019 02:45,SCH - PJM_HTP,325905,0,660,-660
03/01/2019 02:45,SCH - PJM_NEPTUNE,325305,660,660,-660
03/01/2019 02:45,SCH - PJM_VFT,325658,315,315,-315
03/01/2019 02:45,SPR/DUN-SOUTH,23320,2159.61,4600,-9999
03/01/2019 02:45,TOTAL EAST,23314,3789.16,6800,-9999
03/01/2019 02:45,UPNY CONED,23315,1524.1,5700,-9999
03/01/2019 02:45,WEST CENTRAL,23312,372.09,9999,-9999
03/01/2019 02:50,CENTRAL EAST - VC,23330,2283.07,2480,-9999
03/01/2019 02:50,DYSINGER EAST,23326,848.33,3150,-9999
03/01/2019 02:50,MOSES SOUTH,23319,2048.69,3000,-1600
03/01/2019 02:50,SCH - HQ - NY,23324,1465,1500,-1000
03/01/2019 02:50,SCH - HQ_CEDARS,325274,160,160,-100
03/01/2019 02:50,SCH - HQ_IMPORT_EXPORT,325376,1310,1310,-9999
03/01/2019 02:50,SCH - NE - NY,23318,-699.91,600,-900
03/01/2019 02:50,SCH - NPX_1385,325277,-100,100,-100
03/01/2019 02:50,SCH - NPX_CSC,325154,0,330,-330
03/01/2019 02:50,SCH - OH - NY,23317,754.87,2050,-2000
03/01/2019 02:50,SCH - PJ - NY,23316,895.21,2000,-1300
03/01/2019 02:50,SCH - PJM_HTP,325905,0,660,-660
03/01/2019 02:50,SCH - PJM_NEPTUNE,325305,660,660,-660
03/01/2019 02:50,SCH - PJM_VFT,325658,315,315,-315
03/01/2019 02:50,SPR/DUN-SOUTH,23320,2181.54,4600,-9999
03/01/2019 02:50,TOTAL EAST,23314,3818.01,6800,-9999
03/01/2019 02:50,UPNY CONED,23315,1562.09,5700,-9999
03/01/2019 02:50,WEST CENTRAL,23312,410.63,9999,-9999
03/01/2019 02:55,CENTRAL EAST - VC,23330,2284.34,2480,-9999
03/01/2019 02:55,DYSINGER EAST,23326,830,3150,-9999
03/01/2019 02:55,MOSES SOUTH,23319,2036.82,3000,-1600
03/01/2019 02:55,SCH - HQ - NY,23324,1465,1500,-1000
03/01/2019 02:55,SCH - HQ_CEDARS,325274,160,160,-100
03/01/2019 02:55,SCH - HQ_IMPORT_EXPORT,325376,1310,1310,-9999
03/01/2019 02:55,SCH - NE - NY,23318,-699.91,600,-900
03/01/2019 02:55,SCH - NPX_1385,325277,-100,100,-100
03/01/2019 02:55,SCH - NPX_CSC,325154,0,330,-330
03/01/2019 02:55,SCH - OH - NY,23317,754.74,2050,-2000
03/01/2019 02:55,SCH - PJ - NY,23316,893.25,2000,-1300
03/01/2019 02:55,SCH - PJM_HTP,325905,0,660,-660
03/01/2019 02:55,SCH - PJM_NEPTUNE,325305,660,660,-660
03/01/2019 02:55,SCH - PJM_VFT,325658,315,315,-315
03/01/2019 02:55,SPR/DUN-SOUTH,23320,2174.53,4600,-9999
03/01/2019 02:55,TOTAL EAST,23314,3821.08,6800,-9999
03/01/2019 02:55,UPNY CONED,23315,1549.08,5700,-9999
03/01/2019 02:55,WEST CENTRAL,23312,391.41,9999,-9999
03/01/2019 03:00,CENTRAL EAST - VC,23330,2308.67,2480,-9999
03/01/2019 03:00,DYSINGER EAST,23326,858.87,3150,-9999
03/01/2019 03:00,MOSES SOUTH,23319,2039.96,3000,-1600
03/01/2019 03:00,SCH - HQ - NY,23324,1465,1500,-1000
03/01/2019 03:00,SCH - HQ_CEDARS,325274,160,160,-100
03/01/2019 03:00,SCH - HQ_IMPORT_EXPORT,325376,1310,1310,-9999
03/01/2019 03:00,SCH - NE - NY,23318,-699.91,600,-900
03/01/2019 03:00,SCH - NPX_1385,325277,-100,100,-100
03/01/2019 03:00,SCH - NPX_CSC,325154,0,330,-330
03/01/2019 03:00,SCH - OH - NY,23317,777.73,2050,-2000
03/01/2019 03:00,SCH - PJ - NY,23316,809.32,2000,-1300
03/01/2019 03:00,SCH - PJM_HTP,325905,0,660,-660
03/01/2019 03:00,SCH - PJM_NEPTUNE,325305,660,660,-660
03/01/2019 03:00,SCH - PJM_VFT,325658,315,315,-315
03/01/2019 03:00,SPR/DUN-SOUTH,23320,2169.49,4600,-9999
03/01/2019 03:00,TOTAL EAST,23314,3779.24,6800,-9999
03/01/2019 03:00,UPNY CONED,23315,1538.14,5700,-9999
03/01/2019 03:00,WEST CENTRAL,23312,421.09,9999,-9999
03/01/2019 03:05,CENTRAL EAST - VC,23330,2304.37,2480,-9999
03/01/2019 03:05,DYSINGER EAST,23326,842.2,3150,-9999
03/01/2019 03:05,MOSES SOUTH,23319,2038.87,3000,-1600
03/01/2019 03:05,SCH - HQ - NY,23324,1465,1500,-1000
03/01/2019 03:05,SCH - HQ_CEDARS,325274,160,160,-100
03/01/2019 03:05,SCH - HQ_IMPORT_EXPORT,325376,1310,1310,-9999
03/01/2019 03:05,SCH - NE - NY,23318,-699.91,600,-900
03/01/2019 03:05,SCH - NPX_1385,325277,-100,100,-100
03/01/2019 03:05,SCH - NPX_CSC,325154,0,330,-330
03/01/2019 03:05,SCH - OH - NY,23317,801.61,2050,-2000
03/01/2019 03:05,SCH - PJ - NY,23316,728.46,2000,-1300
03/01/2019 03:05,SCH - PJM_HTP,325905,0,660,-660
03/01/2019 03:05,SCH - PJM_NEPTUNE,325305,660,660,-660
03/01/2019 03:05,SCH - PJM_VFT,325658,315,315,-315
03/01/2019 03:05,SPR/DUN-SOUTH,23320,2135.5,4600,-9999
03/01/2019 03:05,TOTAL EAST,23314,3751.94,6800,-9999
03/01/2019 03:05,UPNY CONED,23315,1503.74,5700,-9999
03/01/2019 03:05,WEST CENTRAL,23312,405.52,9999,-9999
03/01/2019 03:10,CENTRAL EAST - VC,23330,2302.5,2480,-9999
03/01/2019 03:10,DYSINGER EAST,23326,835.55,3150,-9999
03/01/2019 03:10,MOSES SOUTH,23319,2034.98,3000,-1600
03/01/2019 03:10,SCH - HQ - NY,23324,1465,1500,-1000
03/01/2019 03:10,SCH - HQ_CEDARS,325274,160,160,-100
03/01/2019 03:10,SCH - HQ_IMPORT_EXPORT,325376,1310,1310,-9999
03/01/2019 03:10,SCH - NE - NY,23318,-699.91,600,-900
03/01/2019 03:10,SCH - NPX_1385,325277,-100,100,-100
03/01/2019 03:10,SCH - NPX_CSC,325154,0,330,-330
03/01/2019 03:10,SCH - OH - NY,23317,801.61,2050,-2000
03/01/2019 03:10,SCH - PJ - NY,23316,728.46,2000,-1300
03/01/2019 03:10,SCH - PJM_HTP,325905,0,660,-660
03/01/2019 03:10,SCH - PJM_NEPTUNE,325305,660,660,-660
03/01/2019 03:10,SCH - PJM_VFT,325658,315,315,-315
03/01/2019 03:10,SPR/DUN-SOUTH,23320,2160.27,4600,-9999
03/01/2019 03:10,TOTAL EAST,23314,3760.41,6800,-9999
03/01/2019 03:10,UPNY CONED,23315,1523.46,5700,-9999
03/01/2019 03:10,WEST CENTRAL,23312,399.9,9999,-9999
03/01/2019 03:15,CENTRAL EAST - VC,23330,2317.99,2480,-9999
03/01/2019 03:15,DYSINGER EAST,23326,881.41,3150,-9999
03/01/2019 03:15,MOSES SOUTH,23319,2013.31,3000,-1600
03/01/2019 03:15,SCH - HQ - NY,23324,1465,1500,-1000
03/01/2019 03:15,SCH - HQ_CEDARS,325274,160,160,-100
03/01/2019 03:15,SCH - HQ_IMPORT_EXPORT,325376,1310,1310,-9999
03/01/2019 03:15,SCH - NE - NY,23318,-699.91,600,-900
03/01/2019 03:15,SCH - NPX_1385,325277,-100,100,-100
03/01/2019 03:15,SCH - NPX_CSC,325154,0,330,-330
03/01/2019 03:15,SCH - OH - NY,23317,801.74,2050,-2000
03/01/2019 03:15,SCH - PJ - NY,23316,702.43,2000,-1300
03/01/2019 03:15,SCH - PJM_HTP,325905,0,660,-660
03/01/2019 03:15,SCH - PJM_NEPTUNE,325305,660,660,-660
03/01/2019 03:15,SCH - PJM_VFT,325658,315,315,-315
03/01/2019 03:15,SPR/DUN-SOUTH,23320,2158.69,4600,-9999
03/01/2019 03:15,TOTAL EAST,23314,3734.81,6800,-9999
03/01/2019 03:15,UPNY CONED,23315,1514.9,5700,-9999
03/01/2019 03:15,WEST CENTRAL,23312,443.41,9999,-9999
03/01/2019 03:20,CENTRAL EAST - VC,23330,2299.58,2480,-9999
03/01/2019 03:20,DYSINGER EAST,23326,862.88,3150,-9999
03/01/2019 03:20,MOSES SOUTH,23319,2020.84,3000,-1600
03/01/2019 03:20,SCH - HQ - NY,23324,1465,1500,-1000
03/01/2019 03:20,SCH - HQ_CEDARS,325274,160,160,-100
03/01/2019 03:20,SCH - HQ_IMPORT_EXPORT,325376,1310,1310,-9999
03/01/2019 03:20,SCH - NE - NY,23318,-699.91,600,-900
03/01/2019 03:20,SCH - NPX_1385,325277,-100,100,-100
03/01/2019 03:20,SCH - NPX_CSC,325154,0,330,-330
03/01/2019 03:20,SCH - OH - NY,23317,801.8,2050,-2000
03/01/2019 03:20,SCH - PJ - NY,23316,680.43,2000,-1300
03/01/2019 03:20,SCH - PJM_HTP,325905,0,660,-660
03/01/2019 03:20,SCH - PJM_NEPTUNE,325305,660,660,-660
03/01/2019 03:20,SCH - PJM_VFT,325658,315,315,-315
03/01/2019 03:20,SPR/DUN-SOUTH,23320,2128.15,4600,-9999
03/01/2019 03:20,TOTAL EAST,23314,3708.36,6800,-9999
03/01/2019 03:20,UPNY CONED,23315,1483.78,5700,-9999
03/01/2019 03:20,WEST CENTRAL,23312,426.81,9999,-9999
03/01/2019 03:25,CENTRAL EAST - VC,23330,2319.16,2480,-9999
03/01/2019 03:25,DYSINGER EAST,23326,875.62,3150,-9999
03/01/2019 03:25,MOSES SOUTH,23319,2018.05,3000,-1600
03/01/2019 03:25,SCH - HQ - NY,23324,1465,1500,-1000
03/01/2019 03:25,SCH - HQ_CEDARS,325274,160,160,-100
03/01/2019 03:25,SCH - HQ_IMPORT_EXPORT,325376,1310,1310,-9999
03/01/2019 03:25,SCH - NE - NY,23318,-699.91,600,-900
03/01/2019 03:25,SCH - NPX_1385,325277,-100,100,-100
03/01/2019 03:25,SCH - NPX_CSC,325154,0,330,-330
03/01/2019 03:25,SCH - OH - NY,23317,801.74,2050,-2000
03/01/2019 03:25,SCH - PJ - NY,23316,682.41,2000,-1300
03/01/2019 03:25,SCH - PJM_HTP,325905,0,660,-660
03/01/2019 03:25,SCH - PJM_NEPTUNE,325305,660,660,-660
03/01/2019 03:25,SCH - PJM_VFT,325658,315,315,-315
03/01/2019 03:25,SPR/DUN-SOUTH,23320,2143.99,4600,-9999
03/01/2019 03:25,TOTAL EAST,23314,3711.45,6800,-9999
03/01/2019 03:25,UPNY CONED,23315,1501.84,5700,-9999
03/01/2019 03:25,WEST CENTRAL,23312,439.58,9999,-9999
03/01/2019 03:30,CENTRAL EAST - VC,23330,2334.95,2480,-9999
03/01/2019 03:30,DYSINGER EAST,23326,905.88,3150,-9999
03/01/2019 03:30,MOSES SOUTH,23319,2019.63,3000,-1600
03/01/2019 03:30,SCH - HQ - NY,23324,1465,1500,-1000
03/01/2019 03:30,SCH - HQ_CEDARS,325274,160,160,-100
03/01/2019 03:30,SCH - HQ_IMPORT_EXPORT,325376,1310,1310,-9999
03/01/2019 03:30,SCH - NE - NY,23318,-699.91,600,-900
03/01/2019 03:30,SCH - NPX_1385,325277,-100,100,-100
03/01/2019 03:30,SCH - NPX_CSC,325154,0,330,-330
03/01/2019 03:30,SCH - OH - NY,23317,801.8,2050,-2000
03/01/2019 03:30,SCH - PJ - NY,23316,665.39,2000,-1300
03/01/2019 03:30,SCH - PJM_HTP,325905,0,660,-660
03/01/2019 03:30,SCH - PJM_NEPTUNE,325305,660,660,-660
03/01/2019 03:30,SCH - PJM_VFT,325658,315,315,-315
03/01/2019 03:30,SPR/DUN-SOUTH,23320,2155.84,4600,-9999
03/01/2019 03:30,TOTAL EAST,23314,3695.19,6800,-9999
03/01/2019 03:30,UPNY CONED,23315,1522.04,5700,-9999
03/01/2019 03:30,WEST CENTRAL,23312,467.76,9999,-9999
03/01/2019 03:35,CENTRAL EAST - VC,23330,2344.34,2480,-9999
03/01/2019 03:35,DYSINGER EAST,23326,903.6,3150,-9999
03/01/2019 03:35,MOSES SOUTH,23319,2030,3000,-1600
03/01/2019 03:35,SCH - HQ - NY,23324,1465,1500,-1000
03/01/2019 03:35,SCH - HQ_CEDARS,325274,160,160,-100
03/01/2019 03:35,SCH - HQ_IMPORT_EXPORT,325376,1310,1310,-9999
03/01/2019 03:35,SCH - NE - NY,23318,-699.91,600,-900
03/01/2019 03:35,SCH - NPX_1385,325277,-100,100,-100
03/01/2019 03:35,SCH - NPX_CSC,325154,0,330,-330
03/01/2019 03:35,SCH - OH - NY,23317,801.82,2050,-2000
03/01/2019 03:35,SCH - PJ - NY,23316,649.4,2000,-1300
03/01/2019 03:35,SCH - PJM_HTP,325905,0,660,-660
03/01/2019 03:35,SCH - PJM_NEPTUNE,325305,660,660,-660
03/01/2019 03:35,SCH - PJM_VFT,325658,315,315,-315
03/01/2019 03:35,SPR/DUN-SOUTH,23320,2157,4600,-9999
03/01/2019 03:35,TOTAL EAST,23314,3700.57,6800,-9999
03/01/2019 03:35,UPNY CONED,23315,1525.27,5700,-9999
03/01/2019 03:35,WEST CENTRAL,23312,465.48,9999,-9999
03/01/2019 03:40,CENTRAL EAST - VC,23330,2363.38,2480,-9999
03/01/2019 03:40,DYSINGER EAST,23326,916.2,3150,-9999
03/01/2019 03:40,MOSES SOUTH,23319,2034.37,3000,-1600
03/01/2019 03:40,SCH - HQ - NY,23324,1465,1500,-1000
03/01/2019 03:40,SCH - HQ_CEDARS,325274,160,160,-100
03/01/2019 03:40,SCH - HQ_IMPORT_EXPORT,325376,1310,1310,-9999
03/01/2019 03:40,SCH - NE - NY,23318,-699.91,600,-900
03/01/2019 03:40,SCH - NPX_1385,325277,-100,100,-100
03/01/2019 03:40,SCH - NPX_CSC,325154,0,330,-330
03/01/2019 03:40,SCH - OH - NY,23317,801.81,2050,-2000
03/01/2019 03:40,SCH - PJ - NY,23316,649.39,2000,-1300
03/01/2019 03:40,SCH - PJM_HTP,325905,0,660,-660
03/01/2019 03:40,SCH - PJM_NEPTUNE,325305,660,660,-660
03/01/2019 03:40,SCH - PJM_VFT,325658,315,315,-315
03/01/2019 03:40,SPR/DUN-SOUTH,23320,2172.69,4600,-9999
03/01/2019 03:40,TOTAL EAST,23314,3710.79,6800,-9999
03/01/2019 03:40,UPNY CONED,23315,1541.11,5700,-9999
03/01/2019 03:40,WEST CENTRAL,23312,478.11,9999,-9999
03/01/2019 03:45,CENTRAL EAST - VC,23330,2379.76,2480,-9999
03/01/2019 03:45,DYSINGER EAST,23326,954.1,3150,-9999
03/01/2019 03:45,MOSES SOUTH,23319,2040.83,3000,-1600
03/01/2019 03:45,SCH - HQ - NY,23324,1465,1500,-1000
03/01/2019 03:45,SCH - HQ_CEDARS,325274,160,160,-100
03/01/2019 03:45,SCH - HQ_IMPORT_EXPORT,325376,1310,1310,-9999
03/01/2019 03:45,SCH - NE - NY,23318,-699.94,600,-900
03/01/2019 03:45,SCH - NPX_1385,325277,-100,100,-100
03/01/2019 03:45,SCH - NPX_CSC,325154,0,330,-330
03/01/2019 03:45,SCH - OH - NY,23317,801.9,2050,-2000
03/01/2019 03:45,SCH - PJ - NY,23316,638.41,2000,-1300
03/01/2019 03:45,SCH - PJM_HTP,325905,0,660,-660
03/01/2019 03:45,SCH - PJM_NEPTUNE,325305,660,660,-660
03/01/2019 03:45,SCH - PJM_VFT,325658,315,315,-315
03/01/2019 03:45,SPR/DUN-SOUTH,23320,2177.82,4600,-9999
03/01/2019 03:45,TOTAL EAST,23314,3693.5,6800,-9999
03/01/2019 03:45,UPNY CONED,23315,1550.4,5700,-9999
03/01/2019 03:45,WEST CENTRAL,23312,513.45,9999,-9999
03/01/2019 03:50,CENTRAL EAST - VC,23330,2346.25,2480,-9999
03/01/2019 03:50,DYSINGER EAST,23326,902.8,3150,-9999
03/01/2019 03:50,MOSES SOUTH,23319,2032.58,3000,-1600
03/01/2019 03:50,SCH - HQ - NY,23324,1465,1500,-1000
03/01/2019 03:50,SCH - HQ_CEDARS,325274,160,160,-100
03/01/2019 03:50,SCH - HQ_IMPORT_EXPORT,325376,1310,1310,-9999
03/01/2019 03:50,SCH - NE - NY,23318,-699.91,600,-900
03/01/2019 03:50,SCH - NPX_1385,325277,-100,100,-100
03/01/2019 03:50,SCH - NPX_CSC,325154,0,330,-330
03/01/2019 03:50,SCH - OH - NY,23317,801.86,2050,-2000
03/01/2019 03:50,SCH - PJ - NY,23316,633.41,2000,-1300
03/01/2019 03:50,SCH - PJM_HTP,325905,0,660,-660
03/01/2019 03:50,SCH - PJM_NEPTUNE,325305,660,660,-660
03/01/2019 03:50,SCH - PJM_VFT,325658,315,315,-315
03/01/2019 03:50,SPR/DUN-SOUTH,23320,2162.98,4600,-9999
03/01/2019 03:50,TOTAL EAST,23314,3702.25,6800,-9999
03/01/2019 03:50,UPNY CONED,23315,1535.46,5700,-9999
03/01/2019 03:50,WEST CENTRAL,23312,461.58,9999,-9999
03/01/2019 03:55,CENTRAL EAST - VC,23330,2353.34,2480,-9999
03/01/2019 03:55,DYSINGER EAST,23326,945.05,3150,-9999
03/01/2019 03:55,MOSES SOUTH,23319,2042.34,3000,-1600
03/01/2019 03:55,SCH - HQ - NY,23324,1465,1500,-1000
03/01/2019 03:55,SCH - HQ_CEDARS,325274,160,160,-100
03/01/2019 03:55,SCH - HQ_IMPORT_EXPORT,325376,1310,1310,-9999
03/01/2019 03:55,SCH - NE - NY,23318,-699.91,600,-900
03/01/2019 03:55,SCH - NPX_1385,325277,-100,100,-100
03/01/2019 03:55,SCH - NPX_CSC,325154,0,330,-330
03/01/2019 03:55,SCH - OH - NY,23317,801.99,2050,-2000
03/01/2019 03:55,SCH - PJ - NY,23316,633.45,2000,-1300
03/01/2019 03:55,SCH - PJM_HTP,325905,0,660,-660
03/01/2019 03:55,SCH - PJM_NEPTUNE,325305,660,660,-660
03/01/2019 03:55,SCH - PJM_VFT,325658,315,315,-315
03/01/2019 03:55,SPR/DUN-SOUTH,23320,2171.08,4600,-9999
03/01/2019 03:55,TOTAL EAST,23314,3708.55,6800,-9999
03/01/2019 03:55,UPNY CONED,23315,1538.61,5700,-9999
03/01/2019 03:55,WEST CENTRAL,23312,504.33,9999,-9999
03/01/2019 04:00,CENTRAL EAST - VC,23330,2380.07,2480,-9999
03/01/2019 04:00,DYSINGER EAST,23326,991.5,3150,-9999
03/01/2019 04:00,MOSES SOUTH,23319,2034.63,3000,-1600
03/01/2019 04:00,SCH - HQ - NY,23324,1465,1500,-1000
03/01/2019 04:00,SCH - HQ_CEDARS,325274,160,160,-100
03/01/2019 04:00,SCH - HQ_IMPORT_EXPORT,325376,1310,1310,-9999
03/01/2019 04:00,SCH - NE - NY,23318,-699.91,600,-900
03/01/2019 04:00,SCH - NPX_1385,325277,-100,100,-100
03/01/2019 04:00,SCH - NPX_CSC,325154,0,330,-330
03/01/2019 04:00,SCH - OH - NY,23317,836.9,2050,-2000
03/01/2019 04:00,SCH - PJ - NY,23316,581.59,2000,-1300
03/01/2019 04:00,SCH - PJM_HTP,325905,0,660,-660
03/01/2019 04:00,SCH - PJM_NEPTUNE,325305,660,660,-660
03/01/2019 04:00,SCH - PJM_VFT,325658,311,315,-315
03/01/2019 04:00,SPR/DUN-SOUTH,23320,2193.22,4600,-9999
03/01/2019 04:00,TOTAL EAST,23314,3704.34,6800,-9999
03/01/2019 04:00,UPNY CONED,23315,1555.44,5700,-9999
03/01/2019 04:00,WEST CENTRAL,23312,548.28,9999,-9999
03/01/2019 04:05,CENTRAL EAST - VC,23330,2379.84,2480,-9999
03/01/2019 04:05,DYSINGER EAST,23326,977.21,3150,-9999
03/01/2019 04:05,MOSES SOUTH,23319,2021.51,3000,-1600
03/01/2019 04:05,SCH - HQ - NY,23324,1465,1500,-1000
03/01/2019 04:05,SCH - HQ_CEDARS,325274,160,160,-100
03/01/2019 04:05,SCH - HQ_IMPORT_EXPORT,325376,1310,1310,-9999
03/01/2019 04:05,SCH - NE - NY,23318,-699.91,600,-900
03/01/2019 04:05,SCH - NPX_1385,325277,-100,100,-100
03/01/2019 04:05,SCH - NPX_CSC,325154,0,330,-330
03/01/2019 04:05,SCH - OH - NY,23317,871.7,2050,-2000
03/01/2019 04:05,SCH - PJ - NY,23316,533.74,2000,-1300
03/01/2019 04:05,SCH - PJM_HTP,325905,0,660,-660
03/01/2019 04:05,SCH - PJM_NEPTUNE,325305,660,660,-660
03/01/2019 04:05,SCH - PJM_VFT,325658,307,315,-315
03/01/2019 04:05,SPR/DUN-SOUTH,23320,2178.02,4600,-9999
03/01/2019 04:05,TOTAL EAST,23314,3705.37,6800,-9999
03/01/2019 04:05,UPNY CONED,23315,1549.41,5700,-9999
03/01/2019 04:05,WEST CENTRAL,23312,532.37,9999,-9999
03/01/2019 04:10,CENTRAL EAST - VC,23330,2354.02,2480,-9999
03/01/2019 04:10,DYSINGER EAST,23326,911.74,3150,-9999
03/01/2019 04:10,MOSES SOUTH,23319,2030.48,3000,-1600
03/01/2019 04:10,SCH - HQ - NY,23324,1465,1500,-1000
03/01/2019 04:10,SCH - HQ_CEDARS,325274,160,160,-100
03/01/2019 04:10,SCH - HQ_IMPORT_EXPORT,325376,1310,1310,-9999
03/01/2019 04:10,SCH - NE - NY,23318,-699.91,600,-900
03/01/2019 04:10,SCH - NPX_1385,325277,-100,100,-100
03/01/2019 04:10,SCH - NPX_CSC,325154,0,330,-330
03/01/2019 04:10,SCH - OH - NY,23317,871.55,2050,-2000
03/01/2019 04:10,SCH - PJ - NY,23316,534.78,2000,-1300
03/01/2019 04:10,SCH - PJM_HTP,325905,0,660,-660
03/01/2019 04:10,SCH - PJM_NEPTUNE,325305,660,660,-660
03/01/2019 04:10,SCH - PJM_VFT,325658,307,315,-315
03/01/2019 04:10,SPR/DUN-SOUTH,23320,2167.25,4600,-9999
03/01/2019 04:10,TOTAL EAST,23314,3720.16,6800,-9999
03/01/2019 04:10,UPNY CONED,23315,1542.71,5700,-9999
03/01/2019 04:10,WEST CENTRAL,23312,464.4,9999,-9999
03/01/2019 04:15,CENTRAL EAST - VC,23330,2352.33,2580,-9999
03/01/2019 04:15,DYSINGER EAST,23326,857.2,3150,-9999
03/01/2019 04:15,MOSES SOUTH,23319,2032.09,3000,-1600
03/01/2019 04:15,SCH - HQ - NY,23324,1465,1500,-1000
03/01/2019 04:15,SCH - HQ_CEDARS,325274,160,160,-100
03/01/2019 04:15,SCH - HQ_IMPORT_EXPORT,325376,1310,1310,-9999
03/01/2019 04:15,SCH - NE - NY,23318,-699.91,600,-900
03/01/2019 04:15,SCH - NPX_1385,325277,-100,100,-100
03/01/2019 04:15,SCH - NPX_CSC,325154,0,330,-330
03/01/2019 04:15,SCH - OH - NY,23317,871.36,2050,-2000
03/01/2019 04:15,SCH - PJ - NY,23316,512.84,2000,-1300
03/01/2019 04:15,SCH - PJM_HTP,325905,0,660,-660
03/01/2019 04:15,SCH - PJM_NEPTUNE,325305,660,660,-660
03/01/2019 04:15,SCH - PJM_VFT,325658,307,315,-315
03/01/2019 04:15,SPR/DUN-SOUTH,23320,2170.84,4600,-9999
03/01/2019 04:15,TOTAL EAST,23314,3743.34,6800,-9999
03/01/2019 04:15,UPNY CONED,23315,1551.91,5700,-9999
03/01/2019 04:15,WEST CENTRAL,23312,408.58,9999,-9999
03/01/2019 04:20,CENTRAL EAST - VC,23330,2350.22,2580,-9999
03/01/2019 04:20,DYSINGER EAST,23326,858.95,3150,-9999
03/01/2019 04:20,MOSES SOUTH,23319,2029.39,3000,-1600
03/01/2019 04:20,SCH - HQ - NY,23324,1465,1500,-1000
03/01/2019 04:20,SCH - HQ_CEDARS,325274,160,160,-100
03/01/2019 04:20,SCH - HQ_IMPORT_EXPORT,325376,1310,1310,-9999
03/01/2019 04:20,SCH - NE - NY,23318,-699.91,600,-900
03/01/2019 04:20,SCH - NPX_1385,325277,-100,100,-100
03/01/2019 04:20,SCH - NPX_CSC,325154,0,330,-330
03/01/2019 04:20,SCH - OH - NY,23317,871.28,2050,-2000
03/01/2019 04:20,SCH - PJ - NY,23316,495.87,2000,-1300
03/01/2019 04:20,SCH - PJM_HTP,325905,0,660,-660
03/01/2019 04:20,SCH - PJM_NEPTUNE,325305,660,660,-660
03/01/2019 04:20,SCH - PJM_VFT,325658,307,315,-315
03/01/2019 04:20,SPR/DUN-SOUTH,23320,2192.83,4600,-9999
03/01/2019 04:20,TOTAL EAST,23314,3723.89,6800,-9999
03/01/2019 04:20,UPNY CONED,23315,1578.27,5700,-9999
03/01/2019 04:20,WEST CENTRAL,23312,406.32,9999,-9999
03/01/2019 04:25,CENTRAL EAST - VC,23330,2344.6,2580,-9999
03/01/2019 04:25,DYSINGER EAST,23326,821.74,3150,-9999
03/01/2019 04:25,MOSES SOUTH,23319,2020.21,3000,-1600
03/01/2019 04:25,SCH - HQ - NY,23324,1465,1500,-1000
03/01/2019 04:25,SCH - HQ_CEDARS,325274,160,160,-100
03/01/2019 04:25,SCH - HQ_IMPORT_EXPORT,325376,1310,1310,-9999
03/01/2019 04:25,SCH - NE - NY,23318,-699.91,600,-900
03/01/2019 04:25,SCH - NPX_1385,325277,-100,100,-100
03/01/2019 04:25,SCH - NPX_CSC,325154,0,330,-330
03/01/2019 04:25,SCH - OH - NY,23317,871.28,2050,-2000
03/01/2019 04:25,SCH - PJ - NY,23316,497.84,2000,-1300
03/01/2019 04:25,SCH - PJM_HTP,325905,0,660,-660
03/01/2019 04:25,SCH - PJM_NEPTUNE,325305,660,660,-660
03/01/2019 04:25,SCH - PJM_VFT,325658,307,315,-315
03/01/2019 04:25,SPR/DUN-SOUTH,23320,2203.64,4600,-9999
03/01/2019 04:25,TOTAL EAST,23314,3738.48,6800,-9999
03/01/2019 04:25,UPNY CONED,23315,1593.29,5700,-9999
03/01/2019 04:25,WEST CENTRAL,23312,363.37,9999,-9999
03/01/2019 04:30,CENTRAL EAST - VC,23330,2350.23,2580,-9999
03/01/2019 04:30,DYSINGER EAST,23326,819.74,3150,-9999
03/01/2019 04:30,MOSES SOUTH,23319,2020.2,3000,-1600
03/01/2019 04:30,SCH - HQ - NY,23324,1465,1500,-1000
03/01/2019 04:30,SCH - HQ_CEDARS,325274,160,160,-100
03/01/2019 04:30,SCH - HQ_IMPORT_EXPORT,325376,1310,1310,-9999
03/01/2019 04:30,SCH - NE - NY,23318,-699.91,600,-900
03/01/2019 04:30,SCH - NPX_1385,325277,-100,100,-100
03/01/2019 04:30,SCH - NPX_CSC,325154,0,330,-330
03/01/2019 04:30,SCH - OH - NY,23317,871.33,2050,-2000
03/01/2019 04:30,SCH - PJ - NY,23316,469.86,2000,-1300
03/01/2019 04:30,SCH - PJM_HTP,325905,0,660,-660
03/01/2019 04:30,SCH - PJM_NEPTUNE,325305,660,660,-660
03/01/2019 04:30,SCH - PJM_VFT,325658,307,315,-315
03/01/2019 04:30,SPR/DUN-SOUTH,23320,2202.5,4600,-9999
03/01/2019 04:30,TOTAL EAST,23314,3749.35,6800,-9999
03/01/2019 04:30,UPNY CONED,23315,1599.36,5700,-9999
03/01/2019 04:30,WEST CENTRAL,23312,358.28,9999,-9999
03/01/2019 04:35,CENTRAL EAST - VC,23330,2354.78,2580,-9999
03/01/2019 04:35,DYSINGER EAST,23326,833.33,3150,-9999
03/01/2019 04:35,MOSES SOUTH,23319,2008.11,3000,-1600
03/01/2019 04:35,SCH - HQ - NY,23324,1465,1500,-1000
03/01/2019 04:35,SCH - HQ_CEDARS,325274,160,160,-100
03/01/2019 04:35,SCH - HQ_IMPORT_EXPORT,325376,1310,1310,-9999
03/01/2019 04:35,SCH - NE - NY,23318,-699.91,600,-900
03/01/2019 04:35,SCH - NPX_1385,325277,-100,100,-100
03/01/2019 04:35,SCH - NPX_CSC,325154,0,330,-330
03/01/2019 04:35,SCH - OH - NY,23317,871.27,2050,-2000
03/01/2019 04:35,SCH - PJ - NY,23316,445.92,2000,-1300
03/01/2019 04:35,SCH - PJM_HTP,325905,0,660,-660
03/01/2019 04:35,SCH - PJM_NEPTUNE,325305,660,660,-660
03/01/2019 04:35,SCH - PJM_VFT,325658,307,315,-315
03/01/2019 04:35,SPR/DUN-SOUTH,23320,2181.32,4600,-9999
03/01/2019 04:35,TOTAL EAST,23314,3743.86,6800,-9999
03/01/2019 04:35,UPNY CONED,23315,1583.25,5700,-9999
03/01/2019 04:35,WEST CENTRAL,23312,368.74,9999,-9999
03/01/2019 04:40,CENTRAL EAST - VC,23330,2372.98,2580,-9999
03/01/2019 04:40,DYSINGER EAST,23326,813.92,3150,-9999
03/01/2019 04:40,MOSES SOUTH,23319,2011.36,3000,-1600
03/01/2019 04:40,SCH - HQ - NY,23324,1465,1500,-1000
03/01/2019 04:40,SCH - HQ_CEDARS,325274,160,160,-100
03/01/2019 04:40,SCH - HQ_IMPORT_EXPORT,325376,1310,1310,-9999
03/01/2019 04:40,SCH - NE - NY,23318,-699.91,600,-900
03/01/2019 04:40,SCH - NPX_1385,325277,-100,100,-100
03/01/2019 04:40,SCH - NPX_CSC,325154,0,330,-330
03/01/2019 04:40,SCH - OH - NY,23317,871.24,2050,-2000
03/01/2019 04:40,SCH - PJ - NY,23316,446.89,2000,-1300
03/01/2019 04:40,SCH - PJM_HTP,325905,0,660,-660
03/01/2019 04:40,SCH - PJM_NEPTUNE,325305,660,660,-660
03/01/2019 04:40,SCH - PJM_VFT,325658,307,315,-315
03/01/2019 04:40,SPR/DUN-SOUTH,23320,2191.88,4600,-9999
03/01/2019 04:40,TOTAL EAST,23314,3762,6800,-9999
03/01/2019 04:40,UPNY CONED,23315,1598.12,5700,-9999
03/01/2019 04:40,WEST CENTRAL,23312,345.44,9999,-9999
03/01/2019 04:45,CENTRAL EAST - VC,23330,2379.93,2580,-9999
03/01/2019 04:45,DYSINGER EAST,23326,812.33,3150,-9999
03/01/2019 04:45,MOSES SOUTH,23319,2014.26,3000,-1600
03/01/2019 04:45,SCH - HQ - NY,23324,1465,1500,-1000
03/01/2019 04:45,SCH - HQ_CEDARS,325274,160,160,-100
03/01/2019 04:45,SCH - HQ_IMPORT_EXPORT,325376,1310,1310,-9999
03/01/2019 04:45,SCH - NE - NY,23318,-699.91,600,-900
03/01/2019 04:45,SCH - NPX_1385,325277,-100,100,-100
03/01/2019 04:45,SCH - NPX_CSC,325154,0,330,-330
03/01/2019 04:45,SCH - OH - NY,23317,871.31,2050,-2000
03/01/2019 04:45,SCH - PJ - NY,23316,439.89,2000,-1300
03/01/2019 04:45,SCH - PJM_HTP,325905,0,660,-660
03/01/2019 04:45,SCH - PJM_NEPTUNE,325305,660,660,-660
03/01/2019 04:45,SCH - PJM_VFT,325658,307,315,-315
03/01/2019 04:45,SPR/DUN-SOUTH,23320,2187.59,4600,-9999
03/01/2019 04:45,TOTAL EAST,23314,3773.1,6800,-9999
03/01/2019 04:45,UPNY CONED,23315,1605.19,5700,-9999
03/01/2019 04:45,WEST CENTRAL,23312,339.58,9999,-9999
03/01/2019 04:50,CENTRAL EAST - VC,23330,2389.38,2580,-9999
03/01/2019 04:50,DYSINGER EAST,23326,885.41,3150,-9999
03/01/2019 04:50,MOSES SOUTH,23319,1997.5,3000,-1600
03/01/2019 04:50,SCH - HQ - NY,23324,1465,1500,-1000
03/01/2019 04:50,SCH - HQ_CEDARS,325274,160,160,-100
03/01/2019 04:50,SCH - HQ_IMPORT_EXPORT,325376,1310,1310,-9999
03/01/2019 04:50,SCH - NE - NY,23318,-699.91,600,-900
03/01/2019 04:50,SCH - NPX_1385,325277,-100,100,-100
03/01/2019 04:50,SCH - NPX_CSC,325154,0,330,-330
03/01/2019 04:50,SCH - OH - NY,23317,871.22,2050,-2000
03/01/2019 04:50,SCH - PJ - NY,23316,440.06,2000,-1300
03/01/2019 04:50,SCH - PJM_HTP,325905,0,660,-660
03/01/2019 04:50,SCH - PJM_NEPTUNE,325305,660,660,-660
03/01/2019 04:50,SCH - PJM_VFT,325658,307,315,-315
03/01/2019 04:50,SPR/DUN-SOUTH,23320,2207.41,4600,-9999
03/01/2019 04:50,TOTAL EAST,23314,3809.53,6800,-9999
03/01/2019 04:50,UPNY CONED,23315,1637.33,5700,-9999
03/01/2019 04:50,WEST CENTRAL,23312,401.12,9999,-9999
03/01/2019 04:55,CENTRAL EAST - VC,23330,2405.4,2580,-9999
03/01/2019 04:55,DYSINGER EAST,23326,923.29,3150,-9999
03/01/2019 04:55,MOSES SOUTH,23319,2010.33,3000,-1600
03/01/2019 04:55,SCH - HQ - NY,23324,1465,1500,-1000
03/01/2019 04:55,SCH - HQ_CEDARS,325274,160,160,-100
03/01/2019 04:55,SCH - HQ_IMPORT_EXPORT,325376,1310,1310,-9999
03/01/2019 04:55,SCH - NE - NY,23318,-699.91,600,-900
03/01/2019 04:55,SCH - NPX_1385,325277,-100,100,-100
03/01/2019 04:55,SCH - NPX_CSC,325154,0,330,-330
03/01/2019 04:55,SCH - OH - NY,23317,871.33,2050,-2000
03/01/2019 04:55,SCH - PJ - NY,23316,441,2000,-1300
03/01/2019 04:55,SCH - PJM_HTP,325905,0,660,-660
03/01/2019 04:55,SCH - PJM_NEPTUNE,325305,660,660,-660
03/01/2019 04:55,SCH - PJM_VFT,325658,307,315,-315
03/01/2019 04:55,SPR/DUN-SOUTH,23320,2230.26,4600,-9999
03/01/2019 04:55,TOTAL EAST,23314,3777.42,6800,-9999
03/01/2019 04:55,UPNY CONED,23315,1617.27,5700,-9999
03/01/2019 04:55,WEST CENTRAL,23312,430.65,9999,-9999
03/01/2019 05:00,CENTRAL EAST - VC,23330,2394.48,2580,-9999
03/01/2019 05:00,DYSINGER EAST,23326,811.6,3150,-9999
03/01/2019 05:00,MOSES SOUTH,23319,2006.89,3000,-1600
03/01/2019 05:00,SCH - HQ - NY,23324,1465,1500,-1000
03/01/2019 05:00,SCH - HQ_CEDARS,325274,160,160,-100
03/01/2019 05:00,SCH - HQ_IMPORT_EXPORT,325376,1310,1310,-9999
03/01/2019 05:00,SCH - NE - NY,23318,-699.91,600,-900
03/01/2019 05:00,SCH - NPX_1385,325277,-97,100,-100
03/01/2019 05:00,SCH - NPX_CSC,325154,0,330,-330
03/01/2019 05:00,SCH - OH - NY,23317,863.28,2050,-2000
03/01/2019 05:00,SCH - PJ - NY,23316,432.84,2000,-1300
03/01/2019 05:00,SCH - PJM_HTP,325905,0,660,-660
03/01/2019 05:00,SCH - PJM_NEPTUNE,325305,660,660,-660
03/01/2019 05:00,SCH - PJM_VFT,325658,311,315,-315
03/01/2019 05:00,SPR/DUN-SOUTH,23320,2209.7,4600,-9999
03/01/2019 05:00,TOTAL EAST,23314,3753.41,6800,-9999
03/01/2019 05:00,UPNY CONED,23315,1623.26,5700,-9999
03/01/2019 05:00,WEST CENTRAL,23312,316.62,9999,-9999
03/01/2019 05:05,CENTRAL EAST - VC,23330,2465.91,2580,-9999
03/01/2019 05:05,DYSINGER EAST,23326,962.22,3150,-9999
03/01/2019 05:05,MOSES SOUTH,23319,2015.39,3000,-1600
03/01/2019 05:05,SCH - HQ - NY,23324,1465,1500,-1000
03/01/2019 05:05,SCH - HQ_CEDARS,325274,160,160,-100
03/01/2019 05:05,SCH - HQ_IMPORT_EXPORT,325376,1310,1310,-9999
03/01/2019 05:05,SCH - NE - NY,23318,-699.93,600,-900
03/01/2019 05:05,SCH - NPX_1385,325277,-95,100,-100
03/01/2019 05:05,SCH - NPX_CSC,325154,0,330,-330
03/01/2019 05:05,SCH - OH - NY,23317,856.44,2050,-2000
03/01/2019 05:05,SCH - PJ - NY,23316,426.94,2000,-1300
03/01/2019 05:05,SCH - PJM_HTP,325905,0,660,-660
03/01/2019 05:05,SCH - PJM_NEPTUNE,325305,660,660,-660
03/01/2019 05:05,SCH - PJM_VFT,325658,315,315,-315
03/01/2019 05:05,SPR/DUN-SOUTH,23320,2222.82,4600,-9999
03/01/2019 05:05,TOTAL EAST,23314,3792.48,6800,-9999
03/01/2019 05:05,UPNY CONED,23315,1668.68,5700,-9999
03/01/2019 05:05,WEST CENTRAL,23312,461.17,9999,-9999
03/01/2019 05:10,CENTRAL EAST - VC,23330,2427.89,2610,-9999
03/01/2019 05:10,DYSINGER EAST,23326,905.78,3150,-9999
03/01/2019 05:10,MOSES SOUTH,23319,2033.67,3000,-1600
03/01/2019 05:10,SCH - HQ - NY,23324,1465,1500,-1000
03/01/2019 05:10,SCH - HQ_CEDARS,325274,160,160,-100
03/01/2019 05:10,SCH - HQ_IMPORT_EXPORT,325376,1310,1310,-9999
03/01/2019 05:10,SCH - NE - NY,23318,-699.9,600,-900
03/01/2019 05:10,SCH - NPX_1385,325277,-95,100,-100
03/01/2019 05:10,SCH - NPX_CSC,325154,0,330,-330
03/01/2019 05:10,SCH - OH - NY,23317,856.51,2050,-2000
03/01/2019 05:10,SCH - PJ - NY,23316,424.92,2000,-1300
03/01/2019 05:10,SCH - PJM_HTP,325905,0,660,-660
03/01/2019 05:10,SCH - PJM_NEPTUNE,325305,660,660,-660
03/01/2019 05:10,SCH - PJM_VFT,325658,315,315,-315
03/01/2019 05:10,SPR/DUN-SOUTH,23320,2170.15,4600,-9999
03/01/2019 05:10,TOTAL EAST,23314,3771.69,6800,-9999
03/01/2019 05:10,UPNY CONED,23315,1608.81,5700,-9999
03/01/2019 05:10,WEST CENTRAL,23312,397.73,9999,-9999
03/01/2019 05:15,CENTRAL EAST - VC,23330,2396.92,2640,-9999
03/01/2019 05:15,DYSINGER EAST,23326,896.64,3150,-9999
03/01/2019 05:15,MOSES SOUTH,23319,1999.65,3000,-1600
03/01/2019 05:15,SCH - HQ - NY,23324,1465,1500,-1000
03/01/2019 05:15,SCH - HQ_CEDARS,325274,160,160,-100
03/01/2019 05:15,SCH - HQ_IMPORT_EXPORT,325376,1310,1310,-9999
03/01/2019 05:15,SCH - NE - NY,23318,-699.89,600,-900
03/01/2019 05:15,SCH - NPX_1385,325277,-95,100,-100
03/01/2019 05:15,SCH - NPX_CSC,325154,0,330,-330
03/01/2019 05:15,SCH - OH - NY,23317,856.7,2050,-2000
03/01/2019 05:15,SCH - PJ - NY,23316,510.84,2000,-1300
03/01/2019 05:15,SCH - PJM_HTP,325905,0,660,-660
03/01/2019 05:15,SCH - PJM_NEPTUNE,325305,660,660,-660
03/01/2019 05:15,SCH - PJM_VFT,325658,315,315,-315
03/01/2019 05:15,SPR/DUN-SOUTH,23320,2129.75,4600,-9999
03/01/2019 05:15,TOTAL EAST,23314,3812.2,6800,-9999
03/01/2019 05:15,UPNY CONED,23315,1601.32,5700,-9999
03/01/2019 05:15,WEST CENTRAL,23312,383.29,9999,-9999
03/01/2019 05:20,CENTRAL EAST - VC,23330,2469.68,2670,-9999
03/01/2019 05:20,DYSINGER EAST,23326,987.04,3150,-9999
03/01/2019 05:20,MOSES SOUTH,23319,2001.57,3000,-1600
03/01/2019 05:20,SCH - HQ - NY,23324,1465,1500,-1000
03/01/2019 05:20,SCH - HQ_CEDARS,325274,160,160,-100
03/01/2019 05:20,SCH - HQ_IMPORT_EXPORT,325376,1310,1310,-9999
03/01/2019 05:20,SCH - NE - NY,23318,-699.9,600,-900
03/01/2019 05:20,SCH - NPX_1385,325277,-95,100,-100
03/01/2019 05:20,SCH - NPX_CSC,325154,0,330,-330
03/01/2019 05:20,SCH - OH - NY,23317,856.66,2050,-2000
03/01/2019 05:20,SCH - PJ - NY,23316,595.82,2000,-1300
03/01/2019 05:20,SCH - PJM_HTP,325905,0,660,-660
03/01/2019 05:20,SCH - PJM_NEPTUNE,325305,660,660,-660
03/01/2019 05:20,SCH - PJM_VFT,325658,315,315,-315
03/01/2019 05:20,SPR/DUN-SOUTH,23320,2208.36,4600,-9999
03/01/2019 05:20,TOTAL EAST,23314,3890.75,6800,-9999
03/01/2019 05:20,UPNY CONED,23315,1684.59,5700,-9999
03/01/2019 05:20,WEST CENTRAL,23312,460.15,9999,-9999
03/01/2019 05:25,CENTRAL EAST - VC,23330,2490.89,2670,-9999
03/01/2019 05:25,DYSINGER EAST,23326,1005.23,3150,-9999
03/01/2019 05:25,MOSES SOUTH,23319,2030.95,3000,-1600
03/01/2019 05:25,SCH - HQ - NY,23324,1465,1500,-1000
03/01/2019 05:25,SCH - HQ_CEDARS,325274,160,160,-100
03/01/2019 05:25,SCH - HQ_IMPORT_EXPORT,325376,1310,1310,-9999
03/01/2019 05:25,SCH - NE - NY,23318,-699.9,600,-900
03/01/2019 05:25,SCH - NPX_1385,325277,-95,100,-100
03/01/2019 05:25,SCH - NPX_CSC,325154,0,330,-330
03/01/2019 05:25,SCH - OH - NY,23317,856.69,2050,-2000
03/01/2019 05:25,SCH - PJ - NY,23316,594.85,2000,-1300
03/01/2019 05:25,SCH - PJM_HTP,325905,0,660,-660
03/01/2019 05:25,SCH - PJM_NEPTUNE,325305,660,660,-660
03/01/2019 05:25,SCH - PJM_VFT,325658,315,315,-315
03/01/2019 05:25,SPR/DUN-SOUTH,23320,2239.83,4600,-9999
03/01/2019 05:25,TOTAL EAST,23314,3897.19,6800,-9999
03/01/2019 05:25,UPNY CONED,23315,1709.6,5700,-9999
03/01/2019 05:25,WEST CENTRAL,23312,465.96,9999,-9999
03/01/2019 05:30,CENTRAL EAST - VC,23330,2451.39,2670,-9999
03/01/2019 05:30,DYSINGER EAST,23326,948.82,3150,-9999
03/01/2019 05:30,MOSES SOUTH,23319,2006.91,3000,-1600
03/01/2019 05:30,SCH - HQ - NY,23324,1465,1500,-1000
03/01/2019 05:30,SCH - HQ_CEDARS,325274,160,160,-100
03/01/2019 05:30,SCH - HQ_IMPORT_EXPORT,325376,1310,1310,-9999
03/01/2019 05:30,SCH - NE - NY,23318,-699.9,600,-900
03/01/2019 05:30,SCH - NPX_1385,325277,-95,100,-100
03/01/2019 05:30,SCH - NPX_CSC,325154,0,330,-330
03/01/2019 05:30,SCH - OH - NY,23317,856.61,2050,-2000
03/01/2019 05:30,SCH - PJ - NY,23316,618.82,2000,-1300
03/01/2019 05:30,SCH - PJM_HTP,325905,0,660,-660
03/01/2019 05:30,SCH - PJM_NEPTUNE,325305,660,660,-660
03/01/2019 05:30,SCH - PJM_VFT,325658,315,315,-315
03/01/2019 05:30,SPR/DUN-SOUTH,23320,2235.91,4600,-9999
03/01/2019 05:30,TOTAL EAST,23314,3909.83,6800,-9999
03/01/2019 05:30,UPNY CONED,23315,1710.63,5700,-9999
03/01/2019 05:30,WEST CENTRAL,23312,404.08,9999,-9999
03/01/2019 05:35,CENTRAL EAST - VC,23330,2420.33,2670,-9999
03/01/2019 05:35,DYSINGER EAST,23326,926.57,3150,-9999
03/01/2019 05:35,MOSES SOUTH,23319,2002.15,3000,-1600
03/01/2019 05:35,SCH - HQ - NY,23324,1465,1500,-1000
03/01/2019 05:35,SCH - HQ_CEDARS,325274,160,160,-100
03/01/2019 05:35,SCH - HQ_IMPORT_EXPORT,325376,1310,1310,-9999
03/01/2019 05:35,SCH - NE - NY,23318,-699.9,600,-900
03/01/2019 05:35,SCH - NPX_1385,325277,-95,100,-100
03/01/2019 05:35,SCH - NPX_CSC,325154,0,330,-330
03/01/2019 05:35,SCH - OH - NY,23317,856.42,2050,-2000
03/01/2019 05:35,SCH - PJ - NY,23316,646.98,2000,-1300
03/01/2019 05:35,SCH - PJM_HTP,325905,0,660,-660
03/01/2019 05:35,SCH - PJM_NEPTUNE,325305,660,660,-660
03/01/2019 05:35,SCH - PJM_VFT,325658,315,315,-315
03/01/2019 05:35,SPR/DUN-SOUTH,23320,2227.87,4600,-9999
03/01/2019 05:35,TOTAL EAST,23314,3975.07,6800,-9999
03/01/2019 05:35,UPNY CONED,23315,1727.58,5700,-9999
03/01/2019 05:35,WEST CENTRAL,23312,375.79,9999,-9999
03/01/2019 05:40,CENTRAL EAST - VC,23330,2394.76,2670,-9999
03/01/2019 05:40,DYSINGER EAST,23326,937.65,3150,-9999
03/01/2019 05:40,MOSES SOUTH,23319,1956.52,3000,-1600
03/01/2019 05:40,SCH - HQ - NY,23324,1465,1500,-1000
03/01/2019 05:40,SCH - HQ_CEDARS,325274,160,160,-100
03/01/2019 05:40,SCH - HQ_IMPORT_EXPORT,325376,1310,1310,-9999
03/01/2019 05:40,SCH - NE - NY,23318,-699.9,600,-900
03/01/2019 05:40,SCH - NPX_1385,325277,-95,100,-100
03/01/2019 05:40,SCH - NPX_CSC,325154,0,330,-330
03/01/2019 05:40,SCH - OH - NY,23317,856.31,2050,-2000
03/01/2019 05:40,SCH - PJ - NY,23316,645.13,2000,-1300
03/01/2019 05:40,SCH - PJM_HTP,325905,0,660,-660
03/01/2019 05:40,SCH - PJM_NEPTUNE,325305,660,660,-660
03/01/2019 05:40,SCH - PJM_VFT,325658,315,315,-315
03/01/2019 05:40,SPR/DUN-SOUTH,23320,2244.87,4600,-9999
03/01/2019 05:40,TOTAL EAST,23314,4025.54,6800,-9999
03/01/2019 05:40,UPNY CONED,23315,1768.98,5700,-9999
03/01/2019 05:40,WEST CENTRAL,23312,377.39,9999,-9999
03/01/2019 05:45,CENTRAL EAST - VC,23330,2419.5,2670,-9999
03/01/2019 05:45,DYSINGER EAST,23326,930.05,3150,-9999
03/01/2019 05:45,MOSES SOUTH,23319,1961.33,3000,-1600
03/01/2019 05:45,SCH - HQ - NY,23324,1465,1500,-1000
03/01/2019 05:45,SCH - HQ_CEDARS,325274,160,160,-100
03/01/2019 05:45,SCH - HQ_IMPORT_EXPORT,325376,1310,1310,-9999
03/01/2019 05:45,SCH - NE - NY,23318,-699.91,600,-900
03/01/2019 05:45,SCH - NPX_1385,325277,-95,100,-100
03/01/2019 05:45,SCH - NPX_CSC,325154,0,330,-330
03/01/2019 05:45,SCH - OH - NY,23317,859.05,2050,-2000
03/01/2019 05:45,SCH - PJ - NY,23316,678.22,2000,-1300
03/01/2019 05:45,SCH - PJM_HTP,325905,0,660,-660
03/01/2019 05:45,SCH - PJM_NEPTUNE,325305,660,660,-660
03/01/2019 05:45,SCH - PJM_VFT,325658,315,315,-315
03/01/2019 05:45,SPR/DUN-SOUTH,23320,2247.98,4600,-9999
03/01/2019 05:45,TOTAL EAST,23314,4059.52,6800,-9999
03/01/2019 05:45,UPNY CONED,23315,1795.07,5700,-9999
03/01/2019 05:45,WEST CENTRAL,23312,360.91,9999,-9999
03/01/2019 05:50,CENTRAL EAST - VC,23330,2436.74,2670,-9999
03/01/2019 05:50,DYSINGER EAST,23326,941.17,3150,-9999
03/01/2019 05:50,MOSES SOUTH,23319,1967.02,3000,-1600
03/01/2019 05:50,SCH - HQ - NY,23324,1465,1500,-1000
03/01/2019 05:50,SCH - HQ_CEDARS,325274,160,160,-100
03/01/2019 05:50,SCH - HQ_IMPORT_EXPORT,325376,1310,1310,-9999
03/01/2019 05:50,SCH - NE - NY,23318,-699.91,600,-900
03/01/2019 05:50,SCH - NPX_1385,325277,-95,100,-100
03/01/2019 05:50,SCH - NPX_CSC,325154,0,330,-330
03/01/2019 05:50,SCH - OH - NY,23317,855.95,2050,-2000
03/01/2019 05:50,SCH - PJ - NY,23316,716.17,2000,-1300
03/01/2019 05:50,SCH - PJM_HTP,325905,0,660,-660
03/01/2019 05:50,SCH - PJM_NEPTUNE,325305,660,660,-660
03/01/2019 05:50,SCH - PJM_VFT,325658,315,315,-315
03/01/2019 05:50,SPR/DUN-SOUTH,23320,2255.72,4600,-9999
03/01/2019 05:50,TOTAL EAST,23314,4127.46,6800,-9999
03/01/2019 05:50,UPNY CONED,23315,1834.74,5700,-9999
03/01/2019 05:50,WEST CENTRAL,23312,364.73,9999,-9999
03/01/2019 05:55,CENTRAL EAST - VC,23330,2452.14,2670,-9999
03/01/2019 05:55,DYSINGER EAST,23326,990.16,3150,-9999
03/01/2019 05:55,MOSES SOUTH,23319,1954.28,3000,-1600
03/01/2019 05:55,SCH - HQ - NY,23324,1465,1500,-1000
03/01/2019 05:55,SCH - HQ_CEDARS,325274,160,160,-100
03/01/2019 05:55,SCH - HQ_IMPORT_EXPORT,325376,1310,1310,-9999
03/01/2019 05:55,SCH - NE - NY,23318,-699.91,600,-900
03/01/2019 05:55,SCH - NPX_1385,325277,-95,100,-100
03/01/2019 05:55,SCH - NPX_CSC,325154,0,330,-330
03/01/2019 05:55,SCH - OH - NY,23317,852.89,2050,-2000
03/01/2019 05:55,SCH - PJ - NY,23316,719.26,2000,-1300
03/01/2019 05:55,SCH - PJM_HTP,325905,0,660,-660
03/01/2019 05:55,SCH - PJM_NEPTUNE,325305,660,660,-660
03/01/2019 05:55,SCH - PJM_VFT,325658,315,315,-315
03/01/2019 05:55,SPR/DUN-SOUTH,23320,2288.52,4600,-9999
03/01/2019 05:55,TOTAL EAST,23314,4153.85,6800,-9999
03/01/2019 05:55,UPNY CONED,23315,1860.43,5700,-9999
03/01/2019 05:55,WEST CENTRAL,23312,405.42,9999,-9999
03/01/2019 06:00,CENTRAL EAST - VC,23330,2393.4,2670,-9999
03/01/2019 06:00,DYSINGER EAST,23326,917.34,3150,-9999
03/01/2019 06:00,MOSES SOUTH,23319,1955.33,3000,-1600
03/01/2019 06:00,SCH - HQ - NY,23324,1465,1500,-1000
03/01/2019 06:00,SCH - HQ_CEDARS,325274,160,160,-100
03/01/2019 06:00,SCH - HQ_IMPORT_EXPORT,325376,1310,1310,-9999
03/01/2019 06:00,SCH - NE - NY,23318,-699.92,600,-900
03/01/2019 06:00,SCH - NPX_1385,325277,-97,100,-100
03/01/2019 06:00,SCH - NPX_CSC,325154,0,330,-330
03/01/2019 06:00,SCH - OH - NY,23317,802.75,2050,-2000
03/01/2019 06:00,SCH - PJ - NY,23316,474.19,2000,-1300
03/01/2019 06:00,SCH - PJM_HTP,325905,0,660,-660
03/01/2019 06:00,SCH - PJM_NEPTUNE,325305,660,660,-660
03/01/2019 06:00,SCH - PJM_VFT,325658,315,315,-315
03/01/2019 06:00,SPR/DUN-SOUTH,23320,2342.48,4600,-9999
03/01/2019 06:00,TOTAL EAST,23314,3906.21,6800,-9999
03/01/2019 06:00,UPNY CONED,23315,1916.01,5700,-9999
03/01/2019 06:00,WEST CENTRAL,23312,323.01,9999,-9999
03/01/2019 06:05,CENTRAL EAST - VC,23330,2433.98,2670,-9999
03/01/2019 06:05,DYSINGER EAST,23326,993.45,3150,-9999
03/01/2019 06:05,MOSES SOUTH,23319,1980.76,3000,-1600
03/01/2019 06:05,SCH - HQ - NY,23324,1465,1500,-1000
03/01/2019 06:05,SCH - HQ_CEDARS,325274,160,160,-100
03/01/2019 06:05,SCH - HQ_IMPORT_EXPORT,325376,1310,1310,-9999
03/01/2019 06:05,SCH - NE - NY,23318,-699.91,600,-900
03/01/2019 06:05,SCH - NPX_1385,325277,-100,100,-100
03/01/2019 06:05,SCH - NPX_CSC,325154,0,330,-330
03/01/2019 06:05,SCH - OH - NY,23317,751.05,2050,-2000
03/01/2019 06:05,SCH - PJ - NY,23316,230.15,2000,-1300
03/01/2019 06:05,SCH - PJM_HTP,325905,0,660,-660
03/01/2019 06:05,SCH - PJM_NEPTUNE,325305,660,660,-660
03/01/2019 06:05,SCH - PJM_VFT,325658,315,315,-315
03/01/2019 06:05,SPR/DUN-SOUTH,23320,2259.24,4600,-9999
03/01/2019 06:05,TOTAL EAST,23314,3830.72,6800,-9999
03/01/2019 06:05,UPNY CONED,23315,1862.82,5700,-9999
03/01/2019 06:05,WEST CENTRAL,23312,382.83,9999,-9999
03/01/2019 06:10,CENTRAL EAST - VC,23330,2470.99,2670,-9999
03/01/2019 06:10,DYSINGER EAST,23326,1104.01,3150,-9999
03/01/2019 06:10,MOSES SOUTH,23319,1945.96,3000,-1600
03/01/2019 06:10,SCH - HQ - NY,23324,1465,1500,-1000
03/01/2019 06:10,SCH - HQ_CEDARS,325274,160,160,-100
03/01/2019 06:10,SCH - HQ_IMPORT_EXPORT,325376,1310,1310,-9999
03/01/2019 06:10,SCH - NE - NY,23318,-699.91,600,-900
03/01/2019 06:10,SCH - NPX_1385,325277,-100,100,-100
03/01/2019 06:10,SCH - NPX_CSC,325154,0,330,-330
03/01/2019 06:10,SCH - OH - NY,23317,754.72,2050,-2000
03/01/2019 06:10,SCH - PJ - NY,23316,228.74,2000,-1300
03/01/2019 06:10,SCH - PJM_HTP,325905,0,660,-660
03/01/2019 06:10,SCH - PJM_NEPTUNE,325305,660,660,-660
03/01/2019 06:10,SCH - PJM_VFT,325658,315,315,-315
03/01/2019 06:10,SPR/DUN-SOUTH,23320,2317.72,4600,-9999
03/01/2019 06:10,TOTAL EAST,23314,3935.44,6800,-9999
03/01/2019 06:10,UPNY CONED,23315,1946.78,5700,-9999
03/01/2019 06:10,WEST CENTRAL,23312,476.44,9999,-9999
03/01/2019 06:15,CENTRAL EAST - VC,23330,2485.65,2670,-9999
03/01/2019 06:15,DYSINGER EAST,23326,1145.5,3150,-9999
03/01/2019 06:15,MOSES SOUTH,23319,1928.56,3000,-1600
03/01/2019 06:15,SCH - HQ - NY,23324,1465,1500,-1000
03/01/2019 06:15,SCH - HQ_CEDARS,325274,160,160,-100
03/01/2019 06:15,SCH - HQ_IMPORT_EXPORT,325376,1310,1310,-9999
03/01/2019 06:15,SCH - NE - NY,23318,-699.91,600,-900
03/01/2019 06:15,SCH - NPX_1385,325277,-100,100,-100
03/01/2019 06:15,SCH - NPX_CSC,325154,0,330,-330
03/01/2019 06:15,SCH - OH - NY,23317,754.13,2050,-2000
03/01/2019 06:15,SCH - PJ - NY,23316,227.4,2000,-1300
03/01/2019 06:15,SCH - PJM_HTP,325905,0,660,-660
03/01/2019 06:15,SCH - PJM_NEPTUNE,325305,660,660,-660
03/01/2019 06:15,SCH - PJM_VFT,325658,315,315,-315
03/01/2019 06:15,SPR/DUN-SOUTH,23320,2340.74,4600,-9999
03/01/2019 06:15,TOTAL EAST,23314,4008.99,6800,-9999
03/01/2019 06:15,UPNY CONED,23315,1991.06,5700,-9999
03/01/2019 06:15,WEST CENTRAL,23312,510.62,9999,-9999
03/01/2019 06:20,CENTRAL EAST - VC,23330,2565.77,2670,-9999
03/01/2019 06:20,DYSINGER EAST,23326,1278.14,3150,-9999
03/01/2019 06:20,MOSES SOUTH,23319,1907.51,3000,-1600
03/01/2019 06:20,SCH - HQ - NY,23324,1465,1500,-1000
03/01/2019 06:20,SCH - HQ_CEDARS,325274,160,160,-100
03/01/2019 06:20,SCH - HQ_IMPORT_EXPORT,325376,1310,1310,-9999
03/01/2019 06:20,SCH - NE - NY,23318,-699.74,600,-900
03/01/2019 06:20,SCH - NPX_1385,325277,-100,100,-100
03/01/2019 06:20,SCH - NPX_CSC,325154,0,330,-330
03/01/2019 06:20,SCH - OH - NY,23317,748.75,2050,-2000
03/01/2019 06:20,SCH - PJ - NY,23316,231.53,2000,-1300
03/01/2019 06:20,SCH - PJM_HTP,325905,0,660,-660
03/01/2019 06:20,SCH - PJM_NEPTUNE,325305,660,660,-660
03/01/2019 06:20,SCH - PJM_VFT,325658,315,315,-315
03/01/2019 06:20,SPR/DUN-SOUTH,23320,2410.39,4600,-9999
03/01/2019 06:20,TOTAL EAST,23314,4124.12,6800,-9999
03/01/2019 06:20,UPNY CONED,23315,2090.73,5700,-9999
03/01/2019 06:20,WEST CENTRAL,23312,630.03,9999,-9999
03/01/2019 06:25,CENTRAL EAST - VC,23330,2568.23,2670,-9999
03/01/2019 06:25,DYSINGER EAST,23326,1334.77,3150,-9999
03/01/2019 06:25,MOSES SOUTH,23319,1869.32,3000,-1600
03/01/2019 06:25,SCH - HQ - NY,23324,1465,1500,-1000
03/01/2019 06:25,SCH - HQ_CEDARS,325274,160,160,-100
03/01/2019 06:25,SCH - HQ_IMPORT_EXPORT,325376,1310,1310,-9999
03/01/2019 06:25,SCH - NE - NY,23318,-699.77,600,-900
03/01/2019 06:25,SCH - NPX_1385,325277,-100,100,-100
03/01/2019 06:25,SCH - NPX_CSC,325154,0,330,-330
03/01/2019 06:25,SCH - OH - NY,23317,750.83,2050,-2000
03/01/2019 06:25,SCH - PJ - NY,23316,232.56,2000,-1300
03/01/2019 06:25,SCH - PJM_HTP,325905,0,660,-660
03/01/2019 06:25,SCH - PJM_NEPTUNE,325305,660,660,-660
03/01/2019 06:25,SCH - PJM_VFT,325658,315,315,-315
03/01/2019 06:25,SPR/DUN-SOUTH,23320,2394.76,4600,-9999
03/01/2019 06:25,TOTAL EAST,23314,4188.62,6800,-9999
03/01/2019 06:25,UPNY CONED,23315,2113.86,5700,-9999
03/01/2019 06:25,WEST CENTRAL,23312,674.08,9999,-9999
03/01/2019 06:30,CENTRAL EAST - VC,23330,2537.63,2670,-9999
03/01/2019 06:30,DYSINGER EAST,23326,1313.23,3150,-9999
03/01/2019 06:30,MOSES SOUTH,23319,1875.41,3000,-1600
03/01/2019 06:30,SCH - HQ - NY,23324,1465,1500,-1000
03/01/2019 06:30,SCH - HQ_CEDARS,325274,160,160,-100
03/01/2019 06:30,SCH - HQ_IMPORT_EXPORT,325376,1310,1310,-9999
03/01/2019 06:30,SCH - NE - NY,23318,-699.92,600,-900
03/01/2019 06:30,SCH - NPX_1385,325277,-100,100,-100
03/01/2019 06:30,SCH - NPX_CSC,325154,0,330,-330
03/01/2019 06:30,SCH - OH - NY,23317,750.61,2050,-2000
03/01/2019 06:30,SCH - PJ - NY,23316,237.36,2000,-1300
03/01/2019 06:30,SCH - PJM_HTP,325905,0,660,-660
03/01/2019 06:30,SCH - PJM_NEPTUNE,325305,660,660,-660
03/01/2019 06:30,SCH - PJM_VFT,325658,315,315,-315
03/01/2019 06:30,SPR/DUN-SOUTH,23320,2379.13,4600,-9999
03/01/2019 06:30,TOTAL EAST,23314,4193.93,6800,-9999
03/01/2019 06:30,UPNY CONED,23315,2123.3,5700,-9999
03/01/2019 06:30,WEST CENTRAL,23312,644.9,9999,-9999
03/01/2019 06:35,CENTRAL EAST - VC,23330,2535.97,2670,-9999
03/01/2019 06:35,DYSINGER EAST,23326,1329.01,3150,-9999
03/01/2019 06:35,MOSES SOUTH,23319,1878.38,3000,-1600
03/01/2019 06:35,SCH - HQ - NY,23324,1465,1500,-1000
03/01/2019 06:35,SCH - HQ_CEDARS,325274,160,160,-100
03/01/2019 06:35,SCH - HQ_IMPORT_EXPORT,325376,1310,1310,-9999
03/01/2019 06:35,SCH - NE - NY,23318,-699.92,600,-900
03/01/2019 06:35,SCH - NPX_1385,325277,-100,100,-100
03/01/2019 06:35,SCH - NPX_CSC,325154,0,330,-330
03/01/2019 06:35,SCH - OH - NY,23317,750.52,2050,-2000
03/01/2019 06:35,SCH - PJ - NY,23316,248.51,2000,-1300
03/01/2019 06:35,SCH - PJM_HTP,325905,0,660,-660
03/01/2019 06:35,SCH - PJM_NEPTUNE,325305,660,660,-660
03/01/2019 06:35,SCH - PJM_VFT,325658,315,315,-315
03/01/2019 06:35,SPR/DUN-SOUTH,23320,2332.97,4600,-9999
03/01/2019 06:35,TOTAL EAST,23314,4203.32,6800,-9999
03/01/2019 06:35,UPNY CONED,23315,2094.56,5700,-9999
03/01/2019 06:35,WEST CENTRAL,23312,647.97,9999,-9999
03/01/2019 06:40,CENTRAL EAST - VC,23330,2554.82,2670,-9999
03/01/2019 06:40,DYSINGER EAST,23326,1388.44,3150,-9999
03/01/2019 06:40,MOSES SOUTH,23319,1873.45,3000,-1600
03/01/2019 06:40,SCH - HQ - NY,23324,1465,1500,-1000
03/01/2019 06:40,SCH - HQ_CEDARS,325274,160,160,-100
03/01/2019 06:40,SCH - HQ_IMPORT_EXPORT,325376,1310,1310,-9999
03/01/2019 06:40,SCH - NE - NY,23318,-699.92,600,-900
03/01/2019 06:40,SCH - NPX_1385,325277,-100,100,-100
03/01/2019 06:40,SCH - NPX_CSC,325154,0,330,-330
03/01/2019 06:40,SCH - OH - NY,23317,750.45,2050,-2000
03/01/2019 06:40,SCH - PJ - NY,23316,248.73,2000,-1300
03/01/2019 06:40,SCH - PJM_HTP,325905,0,660,-660
03/01/2019 06:40,SCH - PJM_NEPTUNE,325305,660,660,-660
03/01/2019 06:40,SCH - PJM_VFT,325658,315,315,-315
03/01/2019 06:40,SPR/DUN-SOUTH,23320,2334.29,4600,-9999
03/01/2019 06:40,TOTAL EAST,23314,4226.55,6800,-9999
03/01/2019 06:40,UPNY CONED,23315,2114.95,5700,-9999
03/01/2019 06:40,WEST CENTRAL,23312,697.94,9999,-9999
03/01/2019 06:45,CENTRAL EAST - VC,23330,2546.06,2670,-9999
03/01/2019 06:45,DYSINGER EAST,23326,1370.29,3150,-9999
03/01/2019 06:45,MOSES SOUTH,23319,1868.97,3000,-1600
03/01/2019 06:45,SCH - HQ - NY,23324,1465,1500,-1000
03/01/2019 06:45,SCH - HQ_CEDARS,325274,160,160,-100
03/01/2019 06:45,SCH - HQ_IMPORT_EXPORT,325376,1310,1310,-9999
03/01/2019 06:45,SCH - NE - NY,23318,-699.92,600,-900
03/01/2019 06:45,SCH - NPX_1385,325277,-100,100,-100
03/01/2019 06:45,SCH - NPX_CSC,325154,0,330,-330
03/01/2019 06:45,SCH - OH - NY,23317,750.4,2050,-2000
03/01/2019 06:45,SCH - PJ - NY,23316,286.78,2000,-1300
03/01/2019 06:45,SCH - PJM_HTP,325905,0,660,-660
03/01/2019 06:45,SCH - PJM_NEPTUNE,325305,660,660,-660
03/01/2019 06:45,SCH - PJM_VFT,325658,315,315,-315
03/01/2019 06:45,SPR/DUN-SOUTH,23320,2297.8,4600,-9999
03/01/2019 06:45,TOTAL EAST,23314,4203.7,6800,-9999
03/01/2019 06:45,UPNY CONED,23315,2091.09,5700,-9999
03/01/2019 06:45,WEST CENTRAL,23312,674.19,9999,-9999
03/01/2019 06:50,CENTRAL EAST - VC,23330,2544.47,2730,-9999
03/01/2019 06:50,DYSINGER EAST,23326,1367.23,3150,-9999
03/01/2019 06:50,MOSES SOUTH,23319,1879.29,3000,-1600
03/01/2019 06:50,SCH - HQ - NY,23324,1465,1500,-1000
03/01/2019 06:50,SCH - HQ_CEDARS,325274,160,160,-100
03/01/2019 06:50,SCH - HQ_IMPORT_EXPORT,325376,1310,1310,-9999
03/01/2019 06:50,SCH - NE - NY,23318,-699.92,600,-900
03/01/2019 06:50,SCH - NPX_1385,325277,-100,100,-100
03/01/2019 06:50,SCH - NPX_CSC,325154,0,330,-330
03/01/2019 06:50,SCH - OH - NY,23317,750.41,2050,-2000
03/01/2019 06:50,SCH - PJ - NY,23316,320.76,2000,-1300
03/01/2019 06:50,SCH - PJM_HTP,325905,0,660,-660
03/01/2019 06:50,SCH - PJM_NEPTUNE,325305,660,660,-660
03/01/2019 06:50,SCH - PJM_VFT,325658,315,315,-315
03/01/2019 06:50,SPR/DUN-SOUTH,23320,2366.19,4600,-9999
03/01/2019 06:50,TOTAL EAST,23314,4249.75,6800,-9999
03/01/2019 06:50,UPNY CONED,23315,2167.93,5700,-9999
03/01/2019 06:50,WEST CENTRAL,23312,670.88,9999,-9999
03/01/2019 06:55,CENTRAL EAST - VC,23330,2558.63,2730,-9999
03/01/2019 06:55,DYSINGER EAST,23326,1412.53,3150,-9999
03/01/2019 06:55,MOSES SOUTH,23319,1887,3000,-1600
03/01/2019 06:55,SCH - HQ - NY,23324,1465,1500,-1000
03/01/2019 06:55,SCH - HQ_CEDARS,325274,160,160,-100
03/01/2019 06:55,SCH - HQ_IMPORT_EXPORT,325376,1310,1310,-9999
03/01/2019 06:55,SCH - NE - NY,23318,-699.93,600,-900
03/01/2019 06:55,SCH - NPX_1385,325277,-100,100,-100
03/01/2019 06:55,SCH - NPX_CSC,325154,0,330,-330
03/01/2019 06:55,SCH - OH - NY,23317,750.56,2050,-2000
03/01/2019 06:55,SCH - PJ - NY,23316,318.67,2000,-1300
03/01/2019 06:55,SCH - PJM_HTP,325905,0,660,-660
03/01/2019 06:55,SCH - PJM_NEPTUNE,325305,660,660,-660
03/01/2019 06:55,SCH - PJM_VFT,325658,315,315,-315
03/01/2019 06:55,SPR/DUN-SOUTH,23320,2431.43,4600,-9999
03/01/2019 06:55,TOTAL EAST,23314,4289.13,6800,-9999
03/01/2019 06:55,UPNY CONED,23315,2264.61,5700,-9999
03/01/2019 06:55,WEST CENTRAL,23312,714.02,9999,-9999
03/01/2019 07:00,CENTRAL EAST - VC,23330,2464.15,2730,-9999
03/01/2019 07:00,DYSINGER EAST,23326,1303.65,3150,-9999
03/01/2019 07:00,MOSES SOUTH,23319,1786.47,3000,-1600
03/01/2019 07:00,SCH - HQ - NY,23324,1364,1500,-1000
03/01/2019 07:00,SCH - HQ_CEDARS,325274,160,160,-100
03/01/2019 07:00,SCH - HQ_IMPORT_EXPORT,325376,1209,1310,-9999
03/01/2019 07:00,SCH - NE - NY,23318,-699.93,600,-900
03/01/2019 07:00,SCH - NPX_1385,325277,-100,100,-100
03/01/2019 07:00,SCH - NPX_CSC,325154,25,330,-330
03/01/2019 07:00,SCH - OH - NY,23317,492.77,2050,-2000
03/01/2019 07:00,SCH - PJ - NY,23316,486.08,2000,-1300
03/01/2019 07:00,SCH - PJM_HTP,325905,0,660,-660
03/01/2019 07:00,SCH - PJM_NEPTUNE,325305,660,660,-660
03/01/2019 07:00,SCH - PJM_VFT,325658,315,315,-315
03/01/2019 07:00,SPR/DUN-SOUTH,23320,2596.84,4600,-9999
03/01/2019 07:00,TOTAL EAST,23314,4203.9,6800,-9999
03/01/2019 07:00,UPNY CONED,23315,2409.37,5700,-9999
03/01/2019 07:00,WEST CENTRAL,23312,609.57,9999,-9999
03/01/2019 07:05,CENTRAL EAST - VC,23330,2380.97,2730,-9999
03/01/2019 07:05,DYSINGER EAST,23326,1200.85,3150,-9999
03/01/2019 07:05,MOSES SOUTH,23319,1688.25,3000,-1600
03/01/2019 07:05,SCH - HQ - NY,23324,1264,1500,-1000
03/01/2019 07:05,SCH - HQ_CEDARS,325274,160,160,-100
03/01/2019 07:05,SCH - HQ_IMPORT_EXPORT,325376,1109,1310,-9999
03/01/2019 07:05,SCH - NE - NY,23318,-699.93,600,-900
03/01/2019 07:05,SCH - NPX_1385,325277,-100,100,-100
03/01/2019 07:05,SCH - NPX_CSC,325154,50,330,-330
03/01/2019 07:05,SCH - OH - NY,23317,235.8,2050,-2000
03/01/2019 07:05,SCH - PJ - NY,23316,656.93,2000,-1300
03/01/2019 07:05,SCH - PJM_HTP,325905,0,660,-660
03/01/2019 07:05,SCH - PJM_NEPTUNE,325305,660,660,-660
03/01/2019 07:05,SCH - PJM_VFT,325658,315,315,-315
03/01/2019 07:05,SPR/DUN-SOUTH,23320,2592.96,4600,-9999
03/01/2019 07:05,TOTAL EAST,23314,4040.42,6800,-9999
03/01/2019 07:05,UPNY CONED,23315,2390.32,5700,-9999
03/01/2019 07:05,WEST CENTRAL,23312,511.91,9999,-9999
03/01/2019 07:10,CENTRAL EAST - VC,23330,2364.69,2730,-9999
03/01/2019 07:10,DYSINGER EAST,23326,1182.08,3150,-9999
03/01/2019 07:10,MOSES SOUTH,23319,1665.71,3000,-1600
03/01/2019 07:10,SCH - HQ - NY,23324,1264,1500,-1000
03/01/2019 07:10,SCH - HQ_CEDARS,325274,160,160,-100
03/01/2019 07:10,SCH - HQ_IMPORT_EXPORT,325376,1109,1310,-9999
03/01/2019 07:10,SCH - NE - NY,23318,-699.93,600,-900
03/01/2019 07:10,SCH - NPX_1385,325277,-100,100,-100
03/01/2019 07:10,SCH - NPX_CSC,325154,50,330,-330
03/01/2019 07:10,SCH - OH - NY,23317,235.8,2050,-2000
03/01/2019 07:10,SCH - PJ - NY,23316,657.91,2000,-1300
03/01/2019 07:10,SCH - PJM_HTP,325905,0,660,-660
03/01/2019 07:10,SCH - PJM_NEPTUNE,325305,660,660,-660
03/01/2019 07:10,SCH - PJM_VFT,325658,315,315,-315
03/01/2019 07:10,SPR/DUN-SOUTH,23320,2632.36,4600,-9999
03/01/2019 07:10,TOTAL EAST,23314,4016.21,6800,-9999
03/01/2019 07:10,UPNY CONED,23315,2447.08,5700,-9999
03/01/2019 07:10,WEST CENTRAL,23312,489.59,9999,-9999
03/01/2019 07:15,CENTRAL EAST - VC,23330,2334.66,2730,-9999
03/01/2019 07:15,DYSINGER EAST,23326,1248.43,3150,-9999
03/01/2019 07:15,MOSES SOUTH,23319,1650.22,3000,-1600
03/01/2019 07:15,SCH - HQ - NY,23324,1264,1500,-1000
03/01/2019 07:15,SCH - HQ_CEDARS,325274,160,160,-100
03/01/2019 07:15,SCH - HQ_IMPORT_EXPORT,325376,1109,1310,-9999
03/01/2019 07:15,SCH - NE - NY,23318,-699.94,600,-900
03/01/2019 07:15,SCH - NPX_1385,325277,-100,100,-100
03/01/2019 07:15,SCH - NPX_CSC,325154,50,330,-330
03/01/2019 07:15,SCH - OH - NY,23317,235.37,2050,-2000
03/01/2019 07:15,SCH - PJ - NY,23316,547.21,2000,-1300
03/01/2019 07:15,SCH - PJM_HTP,325905,0,660,-660
03/01/2019 07:15,SCH - PJM_NEPTUNE,325305,660,660,-660
03/01/2019 07:15,SCH - PJM_VFT,325658,315,315,-315
03/01/2019 07:15,SPR/DUN-SOUTH,23320,2589.97,4600,-9999
03/01/2019 07:15,TOTAL EAST,23314,3956.8,6800,-9999
03/01/2019 07:15,UPNY CONED,23315,2417.21,5700,-9999
03/01/2019 07:15,WEST CENTRAL,23312,552.13,9999,-9999
03/01/2019 07:20,CENTRAL EAST - VC,23330,2312.81,2730,-9999
03/01/2019 07:20,DYSINGER EAST,23326,1209,3150,-9999
03/01/2019 07:20,MOSES SOUTH,23319,1690.96,3000,-1600
03/01/2019 07:20,SCH - HQ - NY,23324,1264,1500,-1000
03/01/2019 07:20,SCH - HQ_CEDARS,325274,160,160,-100
03/01/2019 07:20,SCH - HQ_IMPORT_EXPORT,325376,1109,1310,-9999
03/01/2019 07:20,SCH - NE - NY,23318,-699.86,600,-900
03/01/2019 07:20,SCH - NPX_1385,325277,-100,100,-100
03/01/2019 07:20,SCH - NPX_CSC,325154,50,330,-330
03/01/2019 07:20,SCH - OH - NY,23317,235.85,2050,-2000
03/01/2019 07:20,SCH - PJ - NY,23316,434.04,2000,-1300
03/01/2019 07:20,SCH - PJM_HTP,325905,0,660,-660
03/01/2019 07:20,SCH - PJM_NEPTUNE,325305,660,660,-660
03/01/2019 07:20,SCH - PJM_VFT,325658,315,315,-315
03/01/2019 07:20,SPR/DUN-SOUTH,23320,2498.77,4600,-9999
03/01/2019 07:20,TOTAL EAST,23314,3859.79,6800,-9999
03/01/2019 07:20,UPNY CONED,23315,2352.16,5700,-9999
03/01/2019 07:20,WEST CENTRAL,23312,509.64,9999,-9999
03/01/2019 07:25,CENTRAL EAST - VC,23330,2364.74,2730,-9999
03/01/2019 07:25,DYSINGER EAST,23326,1339.86,3150,-9999
03/01/2019 07:25,MOSES SOUTH,23319,1642.96,3000,-1600
03/01/2019 07:25,SCH - HQ - NY,23324,1264,1500,-1000
03/01/2019 07:25,SCH - HQ_CEDARS,325274,160,160,-100
03/01/2019 07:25,SCH - HQ_IMPORT_EXPORT,325376,1109,1310,-9999
03/01/2019 07:25,SCH - NE - NY,23318,-699.94,600,-900
03/01/2019 07:25,SCH - NPX_1385,325277,-100,100,-100
03/01/2019 07:25,SCH - NPX_CSC,325154,50,330,-330
03/01/2019 07:25,SCH - OH - NY,23317,238.01,2050,-2000
03/01/2019 07:25,SCH - PJ - NY,23316,435.67,2000,-1300
03/01/2019 07:25,SCH - PJM_HTP,325905,0,660,-660
03/01/2019 07:25,SCH - PJM_NEPTUNE,325305,660,660,-660
03/01/2019 07:25,SCH - PJM_VFT,325658,315,315,-315
03/01/2019 07:25,SPR/DUN-SOUTH,23320,2560.22,4600,-9999
03/01/2019 07:25,TOTAL EAST,23314,3948.2,6800,-9999
03/01/2019 07:25,UPNY CONED,23315,2436.26,5700,-9999
03/01/2019 07:25,WEST CENTRAL,23312,636.42,9999,-9999
03/01/2019 07:30,CENTRAL EAST - VC,23330,2399,2730,-9999
03/01/2019 07:30,DYSINGER EAST,23326,1410.29,3150,-9999
03/01/2019 07:30,MOSES SOUTH,23319,1617.73,3000,-1600
03/01/2019 07:30,SCH - HQ - NY,23324,1264,1500,-1000
03/01/2019 07:30,SCH - HQ_CEDARS,325274,160,160,-100
03/01/2019 07:30,SCH - HQ_IMPORT_EXPORT,325376,1109,1310,-9999
03/01/2019 07:30,SCH - NE - NY,23318,-699.93,600,-900
03/01/2019 07:30,SCH - NPX_1385,325277,-100,100,-100
03/01/2019 07:30,SCH - NPX_CSC,325154,50,330,-330
03/01/2019 07:30,SCH - OH - NY,23317,239.1,2050,-2000
03/01/2019 07:30,SCH - PJ - NY,23316,543.7,2000,-1300
03/01/2019 07:30,SCH - PJM_HTP,325905,0,660,-660
03/01/2019 07:30,SCH - PJM_NEPTUNE,325305,660,660,-660
03/01/2019 07:30,SCH - PJM_VFT,325658,315,315,-315
03/01/2019 07:30,SPR/DUN-SOUTH,23320,2650.04,4600,-9999
03/01/2019 07:30,TOTAL EAST,23314,4058.47,6800,-9999
03/01/2019 07:30,UPNY CONED,23315,2540.66,5700,-9999
03/01/2019 07:30,WEST CENTRAL,23312,704.62,9999,-9999
03/01/2019 07:35,CENTRAL EAST - VC,23330,2448.51,2730,-9999
03/01/2019 07:35,DYSINGER EAST,23326,1442.14,3150,-9999
03/01/2019 07:35,MOSES SOUTH,23319,1625.18,3000,-1600
03/01/2019 07:35,SCH - HQ - NY,23324,1264,1500,-1000
03/01/2019 07:35,SCH - HQ_CEDARS,325274,160,160,-100
03/01/2019 07:35,SCH - HQ_IMPORT_EXPORT,325376,1109,1310,-9999
03/01/2019 07:35,SCH - NE - NY,23318,-699.94,600,-900
03/01/2019 07:35,SCH - NPX_1385,325277,-100,100,-100
03/01/2019 07:35,SCH - NPX_CSC,325154,50,330,-330
03/01/2019 07:35,SCH - OH - NY,23317,232.75,2050,-2000
03/01/2019 07:35,SCH - PJ - NY,23316,657.31,2000,-1300
03/01/2019 07:35,SCH - PJM_HTP,325905,0,660,-660
03/01/2019 07:35,SCH - PJM_NEPTUNE,325305,660,660,-660
03/01/2019 07:35,SCH - PJM_VFT,325658,315,315,-315
03/01/2019 07:35,SPR/DUN-SOUTH,23320,2737.2,4600,-9999
03/01/2019 07:35,TOTAL EAST,23314,4165.67,6800,-9999
03/01/2019 07:35,UPNY CONED,23315,2643.51,5700,-9999
03/01/2019 07:35,WEST CENTRAL,23312,736.06,9999,-9999
03/01/2019 07:40,CENTRAL EAST - VC,23330,2414.04,2730,-9999
03/01/2019 07:40,DYSINGER EAST,23326,1387.93,3150,-9999
03/01/2019 07:40,MOSES SOUTH,23319,1643.3,3000,-1600
03/01/2019 07:40,SCH - HQ - NY,23324,1264,1500,-1000
03/01/2019 07:40,SCH - HQ_CEDARS,325274,160,160,-100
03/01/2019 07:40,SCH - HQ_IMPORT_EXPORT,325376,1109,1310,-9999
03/01/2019 07:40,SCH - NE - NY,23318,-699.93,600,-900
03/01/2019 07:40,SCH - NPX_1385,325277,-100,100,-100
03/01/2019 07:40,SCH - NPX_CSC,325154,50,330,-330
03/01/2019 07:40,SCH - OH - NY,23317,235.81,2050,-2000
03/01/2019 07:40,SCH - PJ - NY,23316,654.05,2000,-1300
03/01/2019 07:40,SCH - PJM_HTP,325905,0,660,-660
03/01/2019 07:40,SCH - PJM_NEPTUNE,325305,660,660,-660
03/01/2019 07:40,SCH - PJM_VFT,325658,315,315,-315
03/01/2019 07:40,SPR/DUN-SOUTH,23320,2703.59,4600,-9999
03/01/2019 07:40,TOTAL EAST,23314,4191.85,6800,-9999
03/01/2019 07:40,UPNY CONED,23315,2623.63,5700,-9999
03/01/2019 07:40,WEST CENTRAL,23312,681.62,9999,-9999
03/01/2019 07:45,CENTRAL EAST - VC,23330,2425.54,2730,-9999
03/01/2019 07:45,DYSINGER EAST,23326,1411.51,3150,-9999
03/01/2019 07:45,MOSES SOUTH,23319,1707.55,3000,-1600
03/01/2019 07:45,SCH - HQ - NY,23324,1264,1500,-1000
03/01/2019 07:45,SCH - HQ_CEDARS,325274,160,160,-100
03/01/2019 07:45,SCH - HQ_IMPORT_EXPORT,325376,1109,1310,-9999
03/01/2019 07:45,SCH - NE - NY,23318,-699.94,600,-900
03/01/2019 07:45,SCH - NPX_1385,325277,-100,100,-100
03/01/2019 07:45,SCH - NPX_CSC,325154,50,330,-330
03/01/2019 07:45,SCH - OH - NY,23317,234.77,2050,-2000
03/01/2019 07:45,SCH - PJ - NY,23316,620.01,2000,-1300
03/01/2019 07:45,SCH - PJM_HTP,325905,0,660,-660
03/01/2019 07:45,SCH - PJM_NEPTUNE,325305,660,660,-660
03/01/2019 07:45,SCH - PJM_VFT,325658,315,315,-315
03/01/2019 07:45,SPR/DUN-SOUTH,23320,2705.16,4600,-9999
03/01/2019 07:45,TOTAL EAST,23314,4223.96,6800,-9999
03/01/2019 07:45,UPNY CONED,23315,2641.81,5700,-9999
03/01/2019 07:45,WEST CENTRAL,23312,703.25,9999,-9999
03/01/2019 07:50,CENTRAL EAST - VC,23330,2434.71,2730,-9999
03/01/2019 07:50,DYSINGER EAST,23326,1420.72,3150,-9999
03/01/2019 07:50,MOSES SOUTH,23319,1725.05,3000,-1600
03/01/2019 07:50,SCH - HQ - NY,23324,1264,1500,-1000
03/01/2019 07:50,SCH - HQ_CEDARS,325274,160,160,-100
03/01/2019 07:50,SCH - HQ_IMPORT_EXPORT,325376,1109,1310,-9999
03/01/2019 07:50,SCH - NE - NY,23318,-699.93,600,-900
03/01/2019 07:50,SCH - NPX_1385,325277,-100,100,-100
03/01/2019 07:50,SCH - NPX_CSC,325154,50,330,-330
03/01/2019 07:50,SCH - OH - NY,23317,234.31,2050,-2000
03/01/2019 07:50,SCH - PJ - NY,23316,591.48,2000,-1300
03/01/2019 07:50,SCH - PJM_HTP,325905,0,660,-660
03/01/2019 07:50,SCH - PJM_NEPTUNE,325305,660,660,-660
03/01/2019 07:50,SCH - PJM_VFT,325658,315,315,-315
03/01/2019 07:50,SPR/DUN-SOUTH,23320,2654.47,4600,-9999
03/01/2019 07:50,TOTAL EAST,23314,4207.38,6800,-9999
03/01/2019 07:50,UPNY CONED,23315,2599.09,5700,-9999
03/01/2019 07:50,WEST CENTRAL,23312,709.91,9999,-9999
03/01/2019 07:55,CENTRAL EAST - VC,23330,2409.18,2730,-9999
03/01/2019 07:55,DYSINGER EAST,23326,1416.22,3150,-9999
03/01/2019 07:55,MOSES SOUTH,23319,1690.17,3000,-1600
03/01/2019 07:55,SCH - HQ - NY,23324,1264,1500,-1000
03/01/2019 07:55,SCH - HQ_CEDARS,325274,160,160,-100
03/01/2019 07:55,SCH - HQ_IMPORT_EXPORT,325376,1109,1310,-9999
03/01/2019 07:55,SCH - NE - NY,23318,-699.87,600,-900
03/01/2019 07:55,SCH - NPX_1385,325277,-100,100,-100
03/01/2019 07:55,SCH - NPX_CSC,325154,50,330,-330
03/01/2019 07:55,SCH - OH - NY,23317,235.99,2050,-2000
03/01/2019 07:55,SCH - PJ - NY,23316,587.07,2000,-1300
03/01/2019 07:55,SCH - PJM_HTP,325905,0,660,-660
03/01/2019 07:55,SCH - PJM_NEPTUNE,325305,660,660,-660
03/01/2019 07:55,SCH - PJM_VFT,325658,315,315,-315
03/01/2019 07:55,SPR/DUN-SOUTH,23320,2621.49,4600,-9999
03/01/2019 07:55,TOTAL EAST,23314,4218.83,6800,-9999
03/01/2019 07:55,UPNY CONED,23315,2552.43,5700,-9999
03/01/2019 07:55,WEST CENTRAL,23312,705.39,9999,-9999
03/01/2019 08:00,CENTRAL EAST - VC,23330,2497.94,2730,-9999
03/01/2019 08:00,DYSINGER EAST,23326,1538.7,3150,-9999
03/01/2019 08:00,MOSES SOUTH,23319,1766.15,3000,-1600
03/01/2019 08:00,SCH - HQ - NY,23324,1349,1500,-1000
03/01/2019 08:00,SCH - HQ_CEDARS,325274,160,160,-100
03/01/2019 08:00,SCH - HQ_IMPORT_EXPORT,325376,1194,1310,-9999
03/01/2019 08:00,SCH - NE - NY,23318,-699.94,600,-900
03/01/2019 08:00,SCH - NPX_1385,325277,-90,100,-100
03/01/2019 08:00,SCH - NPX_CSC,325154,32,330,-330
03/01/2019 08:00,SCH - OH - NY,23317,313.32,2050,-2000
03/01/2019 08:00,SCH - PJ - NY,23316,698.73,2000,-1300
03/01/2019 08:00,SCH - PJM_HTP,325905,37,660,-660
03/01/2019 08:00,SCH - PJM_NEPTUNE,325305,660,660,-660
03/01/2019 08:00,SCH - PJM_VFT,325658,315,315,-315
03/01/2019 08:00,SPR/DUN-SOUTH,23320,2603.85,4600,-9999
03/01/2019 08:00,TOTAL EAST,23314,4419.11,6800,-9999
03/01/2019 08:00,UPNY CONED,23315,2541.01,5700,-9999
03/01/2019 08:00,WEST CENTRAL,23312,821.1,9999,-9999
03/01/2019 08:05,CENTRAL EAST - VC,23330,2605.74,2730,-9999
03/01/2019 08:05,DYSINGER EAST,23326,1628.24,3150,-9999
03/01/2019 08:05,MOSES SOUTH,23319,1862.28,3000,-1600
03/01/2019 08:05,SCH - HQ - NY,23324,1435,1500,-1000
03/01/2019 08:05,SCH - HQ_CEDARS,325274,159,160,-100
03/01/2019 08:05,SCH - HQ_IMPORT_EXPORT,325376,1280,1310,-9999
03/01/2019 08:05,SCH - NE - NY,23318,-699.76,600,-900
03/01/2019 08:05,SCH - NPX_1385,325277,-80,100,-100
03/01/2019 08:05,SCH - NPX_CSC,325154,15,330,-330
03/01/2019 08:05,SCH - OH - NY,23317,400.98,2050,-2000
03/01/2019 08:05,SCH - PJ - NY,23316,800.36,2000,-1300
03/01/2019 08:05,SCH - PJM_HTP,325905,75,660,-660
03/01/2019 08:05,SCH - PJM_NEPTUNE,325305,660,660,-660
03/01/2019 08:05,SCH - PJM_VFT,325658,315,315,-315
03/01/2019 08:05,SPR/DUN-SOUTH,23320,2761.15,4600,-9999
03/01/2019 08:05,TOTAL EAST,23314,4631.18,6800,-9999
03/01/2019 08:05,UPNY CONED,23315,2724.79,5700,-9999
03/01/2019 08:05,WEST CENTRAL,23312,906.67,9999,-9999
03/01/2019 08:10,CENTRAL EAST - VC,23330,2592.17,2730,-9999
03/01/2019 08:10,DYSINGER EAST,23326,1589.94,3150,-9999
03/01/2019 08:10,MOSES SOUTH,23319,1863.84,3000,-1600
03/01/2019 08:10,SCH - HQ - NY,23324,1435,1500,-1000
03/01/2019 08:10,SCH - HQ_CEDARS,325274,160,160,-100
03/01/2019 08:10,SCH - HQ_IMPORT_EXPORT,325376,1280,1310,-9999
03/01/2019 08:10,SCH - NE - NY,23318,-699.76,600,-900
03/01/2019 08:10,SCH - NPX_1385,325277,-80,100,-100
03/01/2019 08:10,SCH - NPX_CSC,325154,15,330,-330
03/01/2019 08:10,SCH - OH - NY,23317,401.01,2050,-2000
03/01/2019 08:10,SCH - PJ - NY,23316,798.31,2000,-1300
03/01/2019 08:10,SCH - PJM_HTP,325905,75,660,-660
03/01/2019 08:10,SCH - PJM_NEPTUNE,325305,660,660,-660
03/01/2019 08:10,SCH - PJM_VFT,325658,315,315,-315
03/01/2019 08:10,SPR/DUN-SOUTH,23320,2750.28,4600,-9999
03/01/2019 08:10,TOTAL EAST,23314,4676.78,6800,-9999
03/01/2019 08:10,UPNY CONED,23315,2722.17,5700,-9999
03/01/2019 08:10,WEST CENTRAL,23312,871.2,9999,-9999
03/01/2019 08:15,CENTRAL EAST - VC,23330,2610.76,2730,-9999
03/01/2019 08:15,DYSINGER EAST,23326,1573.83,3150,-9999
03/01/2019 08:15,MOSES SOUTH,23319,1896.09,3000,-1600
03/01/2019 08:15,SCH - HQ - NY,23324,1435,1500,-1000
03/01/2019 08:15,SCH - HQ_CEDARS,325274,160,160,-100
03/01/2019 08:15,SCH - HQ_IMPORT_EXPORT,325376,1280,1310,-9999
03/01/2019 08:15,SCH - NE - NY,23318,-699.82,600,-900
03/01/2019 08:15,SCH - NPX_1385,325277,-80,100,-100
03/01/2019 08:15,SCH - NPX_CSC,325154,15,330,-330
03/01/2019 08:15,SCH - OH - NY,23317,401,2050,-2000
03/01/2019 08:15,SCH - PJ - NY,23316,763.49,2000,-1300
03/01/2019 08:15,SCH - PJM_HTP,325905,37,660,-660
03/01/2019 08:15,SCH - PJM_NEPTUNE,325305,660,660,-660
03/01/2019 08:15,SCH - PJM_VFT,325658,315,315,-315
03/01/2019 08:15,SPR/DUN-SOUTH,23320,2745.07,4600,-9999
03/01/2019 08:15,TOTAL EAST,23314,4669.95,6800,-9999
03/01/2019 08:15,UPNY CONED,23315,2716.3,5700,-9999
03/01/2019 08:15,WEST CENTRAL,23312,860.58,9999,-9999
03/01/2019 08:20,CENTRAL EAST - VC,23330,2591.96,2730,-9999
03/01/2019 08:20,DYSINGER EAST,23326,1542.07,3150,-9999
03/01/2019 08:20,MOSES SOUTH,23319,1902.51,3000,-1600
03/01/2019 08:20,SCH - HQ - NY,23324,1435,1500,-1000
03/01/2019 08:20,SCH - HQ_CEDARS,325274,160,160,-100
03/01/2019 08:20,SCH - HQ_IMPORT_EXPORT,325376,1280,1310,-9999
03/01/2019 08:20,SCH - NE - NY,23318,-699.82,600,-900
03/01/2019 08:20,SCH - NPX_1385,325277,-80,100,-100
03/01/2019 08:20,SCH - NPX_CSC,325154,15,330,-330
03/01/2019 08:20,SCH - OH - NY,23317,401,2050,-2000
03/01/2019 08:20,SCH - PJ - NY,23316,732.48,2000,-1300
03/01/2019 08:20,SCH - PJM_HTP,325905,0,660,-660
03/01/2019 08:20,SCH - PJM_NEPTUNE,325305,660,660,-660
03/01/2019 08:20,SCH - PJM_VFT,325658,315,315,-315
03/01/2019 08:20,SPR/DUN-SOUTH,23320,2735.85,4600,-9999
03/01/2019 08:20,TOTAL EAST,23314,4665.54,6800,-9999
03/01/2019 08:20,UPNY CONED,23315,2706.78,5700,-9999
03/01/2019 08:20,WEST CENTRAL,23312,832.53,9999,-9999
03/01/2019 08:25,CENTRAL EAST - VC,23330,2577.9,2730,-9999
03/01/2019 08:25,DYSINGER EAST,23326,1509.41,3150,-9999
03/01/2019 08:25,MOSES SOUTH,23319,1899.72,3000,-1600
03/01/2019 08:25,SCH - HQ - NY,23324,1435,1500,-1000
03/01/2019 08:25,SCH - HQ_CEDARS,325274,160,160,-100
03/01/2019 08:25,SCH - HQ_IMPORT_EXPORT,325376,1280,1310,-9999
03/01/2019 08:25,SCH - NE - NY,23318,-699.82,600,-900
03/01/2019 08:25,SCH - NPX_1385,325277,-80,100,-100
03/01/2019 08:25,SCH - NPX_CSC,325154,15,330,-330
03/01/2019 08:25,SCH - OH - NY,23317,401.05,2050,-2000
03/01/2019 08:25,SCH - PJ - NY,23316,730.41,2000,-1300
03/01/2019 08:25,SCH - PJM_HTP,325905,0,660,-660
03/01/2019 08:25,SCH - PJM_NEPTUNE,325305,660,660,-660
03/01/2019 08:25,SCH - PJM_VFT,325658,315,315,-315
03/01/2019 08:25,SPR/DUN-SOUTH,23320,2721.09,4600,-9999
03/01/2019 08:25,TOTAL EAST,23314,4663.63,6800,-9999
03/01/2019 08:25,UPNY CONED,23315,2703.75,5700,-9999
03/01/2019 08:25,WEST CENTRAL,23312,800.76,9999,-9999
03/01/2019 08:30,CENTRAL EAST - VC,23330,2577.23,2760,-9999
03/01/2019 08:30,DYSINGER EAST,23326,1530.55,3150,-9999
03/01/2019 08:30,MOSES SOUTH,23319,1909.14,3000,-1600
03/01/2019 08:30,SCH - HQ - NY,23324,1435,1500,-1000
03/01/2019 08:30,SCH - HQ_CEDARS,325274,160,160,-100
03/01/2019 08:30,SCH - HQ_IMPORT_EXPORT,325376,1280,1310,-9999
03/01/2019 08:30,SCH - NE - NY,23318,-699.82,600,-900
03/01/2019 08:30,SCH - NPX_1385,325277,-80,100,-100
03/01/2019 08:30,SCH - NPX_CSC,325154,15,330,-330
03/01/2019 08:30,SCH - OH - NY,23317,401.01,2050,-2000
03/01/2019 08:30,SCH - PJ - NY,23316,790.47,2000,-1300
03/01/2019 08:30,SCH - PJM_HTP,325905,0,660,-660
03/01/2019 08:30,SCH - PJM_NEPTUNE,325305,660,660,-660
03/01/2019 08:30,SCH - PJM_VFT,325658,315,315,-315
03/01/2019 08:30,SPR/DUN-SOUTH,23320,2762.6,4600,-9999
03/01/2019 08:30,TOTAL EAST,23314,4716.93,6800,-9999
03/01/2019 08:30,UPNY CONED,23315,2747.93,5700,-9999
03/01/2019 08:30,WEST CENTRAL,23312,820.32,9999,-9999
03/01/2019 08:35,CENTRAL EAST - VC,23330,2595.09,2760,-9999
03/01/2019 08:35,DYSINGER EAST,23326,1524.43,3150,-9999
03/01/2019 08:35,MOSES SOUTH,23319,1921.2,3000,-1600
03/01/2019 08:35,SCH - HQ - NY,23324,1435,1500,-1000
03/01/2019 08:35,SCH - HQ_CEDARS,325274,160,160,-100
03/01/2019 08:35,SCH - HQ_IMPORT_EXPORT,325376,1280,1310,-9999
03/01/2019 08:35,SCH - NE - NY,23318,-699.82,600,-900
03/01/2019 08:35,SCH - NPX_1385,325277,-80,100,-100
03/01/2019 08:35,SCH - NPX_CSC,325154,15,330,-330
03/01/2019 08:35,SCH - OH - NY,23317,401.09,2050,-2000
03/01/2019 08:35,SCH - PJ - NY,23316,846.33,2000,-1300
03/01/2019 08:35,SCH - PJM_HTP,325905,0,660,-660
03/01/2019 08:35,SCH - PJM_NEPTUNE,325305,660,660,-660
03/01/2019 08:35,SCH - PJM_VFT,325658,315,315,-315
03/01/2019 08:35,SPR/DUN-SOUTH,23320,2815.2,4600,-9999
03/01/2019 08:35,TOTAL EAST,23314,4753.16,6800,-9999
03/01/2019 08:35,UPNY CONED,23315,2796.05,5700,-9999
03/01/2019 08:35,WEST CENTRAL,23312,815.59,9999,-9999
03/01/2019 08:40,CENTRAL EAST - VC,23330,2589.63,2760,-9999
03/01/2019 08:40,DYSINGER EAST,23326,1547.95,3150,-9999
03/01/2019 08:40,MOSES SOUTH,23319,1935.64,3000,-1600
03/01/2019 08:40,SCH - HQ - NY,23324,1435,1500,-1000
03/01/2019 08:40,SCH - HQ_CEDARS,325274,160,160,-100
03/01/2019 08:40,SCH - HQ_IMPORT_EXPORT,325376,1280,1310,-9999
03/01/2019 08:40,SCH - NE - NY,23318,-699.82,600,-900
03/01/2019 08:40,SCH - NPX_1385,325277,-80,100,-100
03/01/2019 08:40,SCH - NPX_CSC,325154,15,330,-330
03/01/2019 08:40,SCH - OH - NY,23317,401.02,2050,-2000
03/01/2019 08:40,SCH - PJ - NY,23316,849.43,2000,-1300
03/01/2019 08:40,SCH - PJM_HTP,325905,0,660,-660
03/01/2019 08:40,SCH - PJM_NEPTUNE,325305,660,660,-660
03/01/2019 08:40,SCH - PJM_VFT,325658,315,315,-315
03/01/2019 08:40,SPR/DUN-SOUTH,23320,2800.8,4600,-9999
03/01/2019 08:40,TOTAL EAST,23314,4736.56,6800,-9999
03/01/2019 08:40,UPNY CONED,23315,2783.8,5700,-9999
03/01/2019 08:40,WEST CENTRAL,23312,841.49,9999,-9999
03/01/2019 08:45,CENTRAL EAST - VC,23330,2578.85,2760,-9999
03/01/2019 08:45,DYSINGER EAST,23326,1523.15,3150,-9999
03/01/2019 08:45,MOSES SOUTH,23319,1938.4,3000,-1600
03/01/2019 08:45,SCH - HQ - NY,23324,1435,1500,-1000
03/01/2019 08:45,SCH - HQ_CEDARS,325274,160,160,-100
03/01/2019 08:45,SCH - HQ_IMPORT_EXPORT,325376,1280,1310,-9999
03/01/2019 08:45,SCH - NE - NY,23318,-699.82,600,-900
03/01/2019 08:45,SCH - NPX_1385,325277,-80,100,-100
03/01/2019 08:45,SCH - NPX_CSC,325154,15,330,-330
03/01/2019 08:45,SCH - OH - NY,23317,401.06,2050,-2000
03/01/2019 08:45,SCH - PJ - NY,23316,755.35,2000,-1300
03/01/2019 08:45,SCH - PJM_HTP,325905,0,660,-660
03/01/2019 08:45,SCH - PJM_NEPTUNE,325305,660,660,-660
03/01/2019 08:45,SCH - PJM_VFT,325658,315,315,-315
03/01/2019 08:45,SPR/DUN-SOUTH,23320,2740.9,4600,-9999
03/01/2019 08:45,TOTAL EAST,23314,4640.98,6800,-9999
03/01/2019 08:45,UPNY CONED,23315,2717.55,5700,-9999
03/01/2019 08:45,WEST CENTRAL,23312,820.39,9999,-9999
03/01/2019 08:50,CENTRAL EAST - VC,23330,2563.71,2760,-9999
03/01/2019 08:50,DYSINGER EAST,23326,1468.26,3150,-9999
03/01/2019 08:50,MOSES SOUTH,23319,2010.85,3000,-1600
03/01/2019 08:50,SCH - HQ - NY,23324,1435,1500,-1000
03/01/2019 08:50,SCH - HQ_CEDARS,325274,160,160,-100
03/01/2019 08:50,SCH - HQ_IMPORT_EXPORT,325376,1280,1310,-9999
03/01/2019 08:50,SCH - NE - NY,23318,-699.96,600,-900
03/01/2019 08:50,SCH - NPX_1385,325277,-80,100,-100
03/01/2019 08:50,SCH - NPX_CSC,325154,15,330,-330
03/01/2019 08:50,SCH - OH - NY,23317,400.98,2050,-2000
03/01/2019 08:50,SCH - PJ - NY,23316,658.85,2000,-1300
03/01/2019 08:50,SCH - PJM_HTP,325905,0,660,-660
03/01/2019 08:50,SCH - PJM_NEPTUNE,325305,660,660,-660
03/01/2019 08:50,SCH - PJM_VFT,325658,315,315,-315
03/01/2019 08:50,SPR/DUN-SOUTH,23320,2670.8,4600,-9999
03/01/2019 08:50,TOTAL EAST,23314,4555.01,6800,-9999
03/01/2019 08:50,UPNY CONED,23315,2648.13,5700,-9999
03/01/2019 08:50,WEST CENTRAL,23312,769.57,9999,-9999
03/01/2019 08:55,CENTRAL EAST - VC,23330,2576.69,2760,-9999
03/01/2019 08:55,DYSINGER EAST,23326,1543.71,3150,-9999
03/01/2019 08:55,MOSES SOUTH,23319,1953.88,3000,-1600
03/01/2019 08:55,SCH - HQ - NY,23324,1435,1500,-1000
03/01/2019 08:55,SCH - HQ_CEDARS,325274,160,160,-100
03/01/2019 08:55,SCH - HQ_IMPORT_EXPORT,325376,1280,1310,-9999
03/01/2019 08:55,SCH - NE - NY,23318,-699.96,600,-900
03/01/2019 08:55,SCH - NPX_1385,325277,-80,100,-100
03/01/2019 08:55,SCH - NPX_CSC,325154,15,330,-330
03/01/2019 08:55,SCH - OH - NY,23317,401,2050,-2000
03/01/2019 08:55,SCH - PJ - NY,23316,662.01,2000,-1300
03/01/2019 08:55,SCH - PJM_HTP,325905,0,660,-660
03/01/2019 08:55,SCH - PJM_NEPTUNE,325305,660,660,-660
03/01/2019 08:55,SCH - PJM_VFT,325658,315,315,-315
03/01/2019 08:55,SPR/DUN-SOUTH,23320,2730.34,4600,-9999
03/01/2019 08:55,TOTAL EAST,23314,4559.24,6800,-9999
03/01/2019 08:55,UPNY CONED,23315,2710.33,5700,-9999
03/01/2019 08:55,WEST CENTRAL,23312,842.46,9999,-9999
03/01/2019 09:00,CENTRAL EAST - VC,23330,2615.41,2760,-9999
03/01/2019 09:00,DYSINGER EAST,23326,1536.7,3150,-9999
03/01/2019 09:00,MOSES SOUTH,23319,1968.96,3000,-1600
03/01/2019 09:00,SCH - HQ - NY,23324,1447,1500,-1000
03/01/2019 09:00,SCH - HQ_CEDARS,325274,160,160,-100
03/01/2019 09:00,SCH - HQ_IMPORT_EXPORT,325376,1292,1310,-9999
03/01/2019 09:00,SCH - NE - NY,23318,-699.96,600,-900
03/01/2019 09:00,SCH - NPX_1385,325277,-90,100,-100
03/01/2019 09:00,SCH - NPX_CSC,325154,7,330,-330
03/01/2019 09:00,SCH - OH - NY,23317,376.08,2050,-2000
03/01/2019 09:00,SCH - PJ - NY,23316,717.09,2000,-1300
03/01/2019 09:00,SCH - PJM_HTP,325905,0,660,-660
03/01/2019 09:00,SCH - PJM_NEPTUNE,325305,660,660,-660
03/01/2019 09:00,SCH - PJM_VFT,325658,315,315,-315
03/01/2019 09:00,SPR/DUN-SOUTH,23320,2781.71,4600,-9999
03/01/2019 09:00,TOTAL EAST,23314,4608,6800,-9999
03/01/2019 09:00,UPNY CONED,23315,2767.7,5700,-9999
03/01/2019 09:00,WEST CENTRAL,23312,834.87,9999,-9999
03/01/2019 09:05,CENTRAL EAST - VC,23330,2636.94,2760,-9999
03/01/2019 09:05,DYSINGER EAST,23326,1569.09,3150,-9999
03/01/2019 09:05,MOSES SOUTH,23319,1990.77,3000,-1600
03/01/2019 09:05,SCH - HQ - NY,23324,1460,1500,-1000
03/01/2019 09:05,SCH - HQ_CEDARS,325274,160,160,-100
03/01/2019 09:05,SCH - HQ_IMPORT_EXPORT,325376,1305,1310,-9999
03/01/2019 09:05,SCH - NE - NY,23318,-699.96,600,-900
03/01/2019 09:05,SCH - NPX_1385,325277,-100,100,-100
03/01/2019 09:05,SCH - NPX_CSC,325154,0,330,-330
03/01/2019 09:05,SCH - OH - NY,23317,351.02,2050,-2000
03/01/2019 09:05,SCH - PJ - NY,23316,777.2,2000,-1300
03/01/2019 09:05,SCH - PJM_HTP,325905,0,660,-660
03/01/2019 09:05,SCH - PJM_NEPTUNE,325305,660,660,-660
03/01/2019 09:05,SCH - PJM_VFT,325658,315,315,-315
03/01/2019 09:05,SPR/DUN-SOUTH,23320,2826.29,4600,-9999
03/01/2019 09:05,TOTAL EAST,23314,4649.88,6800,-9999
03/01/2019 09:05,UPNY CONED,23315,2817.84,5700,-9999
03/01/2019 09:05,WEST CENTRAL,23312,870.5,9999,-9999
03/01/2019 09:10,CENTRAL EAST - VC,23330,2658.38,2760,-9999
03/01/2019 09:10,DYSINGER EAST,23326,1577.13,3150,-9999
03/01/2019 09:10,MOSES SOUTH,23319,1990.9,3000,-1600
03/01/2019 09:10,SCH - HQ - NY,23324,1460,1500,-1000
03/01/2019 09:10,SCH - HQ_CEDARS,325274,160,160,-100
03/01/2019 09:10,SCH - HQ_IMPORT_EXPORT,325376,1305,1310,-9999
03/01/2019 09:10,SCH - NE - NY,23318,-699.82,600,-900
03/01/2019 09:10,SCH - NPX_1385,325277,-100,100,-100
03/01/2019 09:10,SCH - NPX_CSC,325154,0,330,-330
03/01/2019 09:10,SCH - OH - NY,23317,351,2050,-2000
03/01/2019 09:10,SCH - PJ - NY,23316,780.23,2000,-1300
03/01/2019 09:10,SCH - PJM_HTP,325905,0,660,-660
03/01/2019 09:10,SCH - PJM_NEPTUNE,325305,660,660,-660
03/01/2019 09:10,SCH - PJM_VFT,325658,315,315,-315
03/01/2019 09:10,SPR/DUN-SOUTH,23320,2842.52,4600,-9999
03/01/2019 09:10,TOTAL EAST,23314,4650.55,6800,-9999
03/01/2019 09:10,UPNY CONED,23315,2835.34,5700,-9999
03/01/2019 09:10,WEST CENTRAL,23312,881.54,9999,-9999
03/01/2019 09:15,CENTRAL EAST - VC,23330,2660.96,2760,-9999
03/01/2019 09:15,DYSINGER EAST,23326,1560.53,3150,-9999
03/01/2019 09:15,MOSES SOUTH,23319,2006.76,3000,-1600
03/01/2019 09:15,SCH - HQ - NY,23324,1460,1500,-1000
03/01/2019 09:15,SCH - HQ_CEDARS,325274,160,160,-100
03/01/2019 09:15,SCH - HQ_IMPORT_EXPORT,325376,1305,1310,-9999
03/01/2019 09:15,SCH - NE - NY,23318,-699.81,600,-900
03/01/2019 09:15,SCH - NPX_1385,325277,-100,100,-100
03/01/2019 09:15,SCH - NPX_CSC,325154,0,330,-330
03/01/2019 09:15,SCH - OH - NY,23317,347.45,2050,-2000
03/01/2019 09:15,SCH - PJ - NY,23316,763.89,2000,-1300
03/01/2019 09:15,SCH - PJM_HTP,325905,0,660,-660
03/01/2019 09:15,SCH - PJM_NEPTUNE,325305,660,660,-660
03/01/2019 09:15,SCH - PJM_VFT,325658,315,315,-315
03/01/2019 09:15,SPR/DUN-SOUTH,23320,2819.19,4600,-9999
03/01/2019 09:15,TOTAL EAST,23314,4599.88,6800,-9999
03/01/2019 09:15,UPNY CONED,23315,2813.56,5700,-9999
03/01/2019 09:15,WEST CENTRAL,23312,873.42,9999,-9999
03/01/2019 09:20,CENTRAL EAST - VC,23330,2660.51,2760,-9999
03/01/2019 09:20,DYSINGER EAST,23326,1577.88,3150,-9999
03/01/2019 09:20,MOSES SOUTH,23319,2009.18,3000,-1600
03/01/2019 09:20,SCH - HQ - NY,23324,1460,1500,-1000
03/01/2019 09:20,SCH - HQ_CEDARS,325274,160,160,-100
03/01/2019 09:20,SCH - HQ_IMPORT_EXPORT,325376,1305,1310,-9999
03/01/2019 09:20,SCH - NE - NY,23318,-699.8,600,-900
03/01/2019 09:20,SCH - NPX_1385,325277,-100,100,-100
03/01/2019 09:20,SCH - NPX_CSC,325154,0,330,-330
03/01/2019 09:20,SCH - OH - NY,23317,353.19,2050,-2000
03/01/2019 09:20,SCH - PJ - NY,23316,740.25,2000,-1300
03/01/2019 09:20,SCH - PJM_HTP,325905,0,660,-660
03/01/2019 09:20,SCH - PJM_NEPTUNE,325305,660,660,-660
03/01/2019 09:20,SCH - PJM_VFT,325658,315,315,-315
03/01/2019 09:20,SPR/DUN-SOUTH,23320,2845.73,4600,-9999
03/01/2019 09:20,TOTAL EAST,23314,4644,6800,-9999
03/01/2019 09:20,UPNY CONED,23315,2839.62,5700,-9999
03/01/2019 09:20,WEST CENTRAL,23312,895.14,9999,-9999
03/01/2019 09:25,CENTRAL EAST - VC,23330,2679.75,2780,-9999
03/01/2019 09:25,DYSINGER EAST,23326,1599.62,3150,-9999
03/01/2019 09:25,MOSES SOUTH,23319,2018.77,3000,-1600
03/01/2019 09:25,SCH - HQ - NY,23324,1460,1500,-1000
03/01/2019 09:25,SCH - HQ_CEDARS,325274,160,160,-100
03/01/2019 09:25,SCH - HQ_IMPORT_EXPORT,325376,1305,1310,-9999
03/01/2019 09:25,SCH - NE - NY,23318,-699.81,600,-900
03/01/2019 09:25,SCH - NPX_1385,325277,-100,100,-100
03/01/2019 09:25,SCH - NPX_CSC,325154,0,330,-330
03/01/2019 09:25,SCH - OH - NY,23317,354.3,2050,-2000
03/01/2019 09:25,SCH - PJ - NY,23316,740.18,2000,-1300
03/01/2019 09:25,SCH - PJM_HTP,325905,0,660,-660
03/01/2019 09:25,SCH - PJM_NEPTUNE,325305,660,660,-660
03/01/2019 09:25,SCH - PJM_VFT,325658,315,315,-315
03/01/2019 09:25,SPR/DUN-SOUTH,23320,2890.21,4600,-9999
03/01/2019 09:25,TOTAL EAST,23314,4686.28,6800,-9999
03/01/2019 09:25,UPNY CONED,23315,2889.15,5700,-9999
03/01/2019 09:25,WEST CENTRAL,23312,916.27,9999,-9999
03/01/2019 09:30,CENTRAL EAST - VC,23330,2678.03,2780,-9999
03/01/2019 09:30,DYSINGER EAST,23326,1572.02,3150,-9999
03/01/2019 09:30,MOSES SOUTH,23319,2014.7,3000,-1600
03/01/2019 09:30,SCH - HQ - NY,23324,1460,1500,-1000
03/01/2019 09:30,SCH - HQ_CEDARS,325274,160,160,-100
03/01/2019 09:30,SCH - HQ_IMPORT_EXPORT,325376,1305,1310,-9999
03/01/2019 09:30,SCH - NE - NY,23318,-699.8,600,-900
03/01/2019 09:30,SCH - NPX_1385,325277,-100,100,-100
03/01/2019 09:30,SCH - NPX_CSC,325154,0,330,-330
03/01/2019 09:30,SCH - OH - NY,23317,350.98,2050,-2000
03/01/2019 09:30,SCH - PJ - NY,23316,689.39,2000,-1300
03/01/2019 09:30,SCH - PJM_HTP,325905,0,660,-660
03/01/2019 09:30,SCH - PJM_NEPTUNE,325305,660,660,-660
03/01/2019 09:30,SCH - PJM_VFT,325658,315,315,-315
03/01/2019 09:30,SPR/DUN-SOUTH,23320,2846.24,4600,-9999
03/01/2019 09:30,TOTAL EAST,23314,4607.42,6800,-9999
03/01/2019 09:30,UPNY CONED,23315,2842.39,5700,-9999
03/01/2019 09:30,WEST CENTRAL,23312,890.62,9999,-9999
03/01/2019 09:35,CENTRAL EAST - VC,23330,2670.49,2780,-9999
03/01/2019 09:35,DYSINGER EAST,23326,1512.99,3150,-9999
03/01/2019 09:35,MOSES SOUTH,23319,2100.88,3000,-1600
03/01/2019 09:35,SCH - HQ - NY,23324,1460,1500,-1000
03/01/2019 09:35,SCH - HQ_CEDARS,325274,160,160,-100
03/01/2019 09:35,SCH - HQ_IMPORT_EXPORT,325376,1305,1310,-9999
03/01/2019 09:35,SCH - NE - NY,23318,-699.81,600,-900
03/01/2019 09:35,SCH - NPX_1385,325277,-100,100,-100
03/01/2019 09:35,SCH - NPX_CSC,325154,0,330,-330
03/01/2019 09:35,SCH - OH - NY,23317,346.34,2050,-2000
03/01/2019 09:35,SCH - PJ - NY,23316,627.9,2000,-1300
03/01/2019 09:35,SCH - PJM_HTP,325905,0,660,-660
03/01/2019 09:35,SCH - PJM_NEPTUNE,325305,660,660,-660
03/01/2019 09:35,SCH - PJM_VFT,325658,315,315,-315
03/01/2019 09:35,SPR/DUN-SOUTH,23320,2829.23,4600,-9999
03/01/2019 09:35,TOTAL EAST,23314,4591.49,6800,-9999
03/01/2019 09:35,UPNY CONED,23315,2830.27,5700,-9999
03/01/2019 09:35,WEST CENTRAL,23312,835.59,9999,-9999
03/01/2019 09:40,CENTRAL EAST - VC,23330,2674.02,2780,-9999
03/01/2019 09:40,DYSINGER EAST,23326,1510.6,3150,-9999
03/01/2019 09:40,MOSES SOUTH,23319,2111.38,3000,-1600
03/01/2019 09:40,SCH - HQ - NY,23324,1460,1500,-1000
03/01/2019 09:40,SCH - HQ_CEDARS,325274,160,160,-100
03/01/2019 09:40,SCH - HQ_IMPORT_EXPORT,325376,1305,1310,-9999
03/01/2019 09:40,SCH - NE - NY,23318,-699.81,600,-900
03/01/2019 09:40,SCH - NPX_1385,325277,-100,100,-100
03/01/2019 09:40,SCH - NPX_CSC,325154,0,330,-330
03/01/2019 09:40,SCH - OH - NY,23317,348.9,2050,-2000
03/01/2019 09:40,SCH - PJ - NY,23316,624.33,2000,-1300
03/01/2019 09:40,SCH - PJM_HTP,325905,0,660,-660
03/01/2019 09:40,SCH - PJM_NEPTUNE,325305,660,660,-660
03/01/2019 09:40,SCH - PJM_VFT,325658,315,315,-315
03/01/2019 09:40,SPR/DUN-SOUTH,23320,2838.59,4600,-9999
03/01/2019 09:40,TOTAL EAST,23314,4580.61,6800,-9999
03/01/2019 09:40,UPNY CONED,23315,2841.82,5700,-9999
03/01/2019 09:40,WEST CENTRAL,23312,835.21,9999,-9999
03/01/2019 09:45,CENTRAL EAST - VC,23330,2673.45,2780,-9999
03/01/2019 09:45,DYSINGER EAST,23326,1583.29,3150,-9999
03/01/2019 09:45,MOSES SOUTH,23319,2039.92,3000,-1600
03/01/2019 09:45,SCH - HQ - NY,23324,1460,1500,-1000
03/01/2019 09:45,SCH - HQ_CEDARS,325274,160,160,-100
03/01/2019 09:45,SCH - HQ_IMPORT_EXPORT,325376,1305,1310,-9999
03/01/2019 09:45,SCH - NE - NY,23318,-699.81,600,-900
03/01/2019 09:45,SCH - NPX_1385,325277,-100,100,-100
03/01/2019 09:45,SCH - NPX_CSC,325154,0,330,-330
03/01/2019 09:45,SCH - OH - NY,23317,351.77,2050,-2000
03/01/2019 09:45,SCH - PJ - NY,23316,655.69,2000,-1300
03/01/2019 09:45,SCH - PJM_HTP,325905,0,660,-660
03/01/2019 09:45,SCH - PJM_NEPTUNE,325305,660,660,-660
03/01/2019 09:45,SCH - PJM_VFT,325658,315,315,-315
03/01/2019 09:45,SPR/DUN-SOUTH,23320,2892.72,4600,-9999
03/01/2019 09:45,TOTAL EAST,23314,4624.8,6800,-9999
03/01/2019 09:45,UPNY CONED,23315,2895.65,5700,-9999
03/01/2019 09:45,WEST CENTRAL,23312,904.41,9999,-9999
03/01/2019 09:50,CENTRAL EAST - VC,23330,2670.12,2780,-9999
03/01/2019 09:50,DYSINGER EAST,23326,1504.5,3150,-9999
03/01/2019 09:50,MOSES SOUTH,23319,2062.57,3000,-1600
03/01/2019 09:50,SCH - HQ - NY,23324,1460,1500,-1000
03/01/2019 09:50,SCH - HQ_CEDARS,325274,160,160,-100
03/01/2019 09:50,SCH - HQ_IMPORT_EXPORT,325376,1305,1310,-9999
03/01/2019 09:50,SCH - NE - NY,23318,-699.81,600,-900
03/01/2019 09:50,SCH - NPX_1385,325277,-100,100,-100
03/01/2019 09:50,SCH - NPX_CSC,325154,0,330,-330
03/01/2019 09:50,SCH - OH - NY,23317,351.12,2050,-2000
03/01/2019 09:50,SCH - PJ - NY,23316,698.2,2000,-1300
03/01/2019 09:50,SCH - PJM_HTP,325905,0,660,-660
03/01/2019 09:50,SCH - PJM_NEPTUNE,325305,660,660,-660
03/01/2019 09:50,SCH - PJM_VFT,325658,315,315,-315
03/01/2019 09:50,SPR/DUN-SOUTH,23320,2855.32,4600,-9999
03/01/2019 09:50,TOTAL EAST,23314,4591.76,6800,-9999
03/01/2019 09:50,UPNY CONED,23315,2853.79,5700,-9999
03/01/2019 09:50,WEST CENTRAL,23312,827.98,9999,-9999
03/01/2019 09:55,CENTRAL EAST - VC,23330,2678.61,2780,-9999
03/01/2019 09:55,DYSINGER EAST,23326,1523.79,3150,-9999
03/01/2019 09:55,MOSES SOUTH,23319,2066.07,3000,-1600
03/01/2019 09:55,SCH - HQ - NY,23324,1460,1500,-1000
03/01/2019 09:55,SCH - HQ_CEDARS,325274,160,160,-100
03/01/2019 09:55,SCH - HQ_IMPORT_EXPORT,325376,1305,1310,-9999
03/01/2019 09:55,SCH - NE - NY,23318,-699.81,600,-900
03/01/2019 09:55,SCH - NPX_1385,325277,-100,100,-100
03/01/2019 09:55,SCH - NPX_CSC,325154,0,330,-330
03/01/2019 09:55,SCH - OH - NY,23317,350.92,2050,-2000
03/01/2019 09:55,SCH - PJ - NY,23316,697.44,2000,-1300
03/01/2019 09:55,SCH - PJM_HTP,325905,0,660,-660
03/01/2019 09:55,SCH - PJM_NEPTUNE,325305,660,660,-660
03/01/2019 09:55,SCH - PJM_VFT,325658,315,315,-315
03/01/2019 09:55,SPR/DUN-SOUTH,23320,2911.18,4600,-9999
03/01/2019 09:55,TOTAL EAST,23314,4683.47,6800,-9999
03/01/2019 09:55,UPNY CONED,23315,2905.49,5700,-9999
03/01/2019 09:55,WEST CENTRAL,23312,849.64,9999,-9999
03/01/2019 10:00,CENTRAL EAST - VC,23330,2644.52,2780,-9999
03/01/2019 10:00,DYSINGER EAST,23326,1394.52,3150,-9999
03/01/2019 10:00,MOSES SOUTH,23319,2150.5,3000,-1600
03/01/2019 10:00,SCH - HQ - NY,23324,1462,1500,-1000
03/01/2019 10:00,SCH - HQ_CEDARS,325274,160,160,-100
03/01/2019 10:00,SCH - HQ_IMPORT_EXPORT,325376,1307,1310,-9999
03/01/2019 10:00,SCH - NE - NY,23318,-669.83,600,-900
03/01/2019 10:00,SCH - NPX_1385,325277,-72,100,-100
03/01/2019 10:00,SCH - NPX_CSC,325154,0,330,-330
03/01/2019 10:00,SCH - OH - NY,23317,402.07,2050,-2000
03/01/2019 10:00,SCH - PJ - NY,23316,688.03,2000,-1300
03/01/2019 10:00,SCH - PJM_HTP,325905,0,660,-660
03/01/2019 10:00,SCH - PJM_NEPTUNE,325305,660,660,-660
03/01/2019 10:00,SCH - PJM_VFT,325658,315,315,-315
03/01/2019 10:00,SPR/DUN-SOUTH,23320,2993.23,4600,-9999
03/01/2019 10:00,TOTAL EAST,23314,4559.83,6800,-9999
03/01/2019 10:00,UPNY CONED,23315,2833.14,5700,-9999
03/01/2019 10:00,WEST CENTRAL,23312,724.46,9999,-9999
03/01/2019 10:05,CENTRAL EAST - VC,23330,2598.93,2780,-9999
03/01/2019 10:05,DYSINGER EAST,23326,1306.41,3150,-9999
03/01/2019 10:05,MOSES SOUTH,23319,2166.07,3000,-1600
03/01/2019 10:05,SCH - HQ - NY,23324,1465,1500,-1000
03/01/2019 10:05,SCH - HQ_CEDARS,325274,160,160,-100
03/01/2019 10:05,SCH - HQ_IMPORT_EXPORT,325376,1310,1310,-9999
03/01/2019 10:05,SCH - NE - NY,23318,-639.84,600,-900
03/01/2019 10:05,SCH - NPX_1385,325277,-45,100,-100
03/01/2019 10:05,SCH - NPX_CSC,325154,0,330,-330
03/01/2019 10:05,SCH - OH - NY,23317,462.71,2050,-2000
03/01/2019 10:05,SCH - PJ - NY,23316,673.37,2000,-1300
03/01/2019 10:05,SCH - PJM_HTP,325905,0,660,-660
03/01/2019 10:05,SCH - PJM_NEPTUNE,325305,660,660,-660
03/01/2019 10:05,SCH - PJM_VFT,325658,315,315,-315
03/01/2019 10:05,SPR/DUN-SOUTH,23320,2979.19,4600,-9999
03/01/2019 10:05,TOTAL EAST,23314,4518.85,6800,-9999
03/01/2019 10:05,UPNY CONED,23315,2797.05,5700,-9999
03/01/2019 10:05,WEST CENTRAL,23312,638.06,9999,-9999
03/01/2019 10:10,CENTRAL EAST - VC,23330,2607.85,2780,-9999
03/01/2019 10:10,DYSINGER EAST,23326,1303.83,3150,-9999
03/01/2019 10:10,MOSES SOUTH,23319,2174.65,3000,-1600
03/01/2019 10:10,SCH - HQ - NY,23324,1465,1500,-1000
03/01/2019 10:10,SCH - HQ_CEDARS,325274,160,160,-100
03/01/2019 10:10,SCH - HQ_IMPORT_EXPORT,325376,1310,1310,-9999
03/01/2019 10:10,SCH - NE - NY,23318,-639.85,600,-900
03/01/2019 10:10,SCH - NPX_1385,325277,-45,100,-100
03/01/2019 10:10,SCH - NPX_CSC,325154,0,330,-330
03/01/2019 10:10,SCH - OH - NY,23317,462.64,2050,-2000
03/01/2019 10:10,SCH - PJ - NY,23316,674.37,2000,-1300
03/01/2019 10:10,SCH - PJM_HTP,325905,0,660,-660
03/01/2019 10:10,SCH - PJM_NEPTUNE,325305,660,660,-660
03/01/2019 10:10,SCH - PJM_VFT,325658,315,315,-315
03/01/2019 10:10,SPR/DUN-SOUTH,23320,2942.41,4600,-9999
03/01/2019 10:10,TOTAL EAST,23314,4533.05,6800,-9999
03/01/2019 10:10,UPNY CONED,23315,2797.84,5700,-9999
03/01/2019 10:10,WEST CENTRAL,23312,634.74,9999,-9999
03/01/2019 10:15,CENTRAL EAST - VC,23330,2606.41,2780,-9999
03/01/2019 10:15,DYSINGER EAST,23326,1328.34,3150,-9999
03/01/2019 10:15,MOSES SOUTH,23319,2154.73,3000,-1600
03/01/2019 10:15,SCH - HQ - NY,23324,1465,1500,-1000
03/01/2019 10:15,SCH - HQ_CEDARS,325274,160,160,-100
03/01/2019 10:15,SCH - HQ_IMPORT_EXPORT,325376,1310,1310,-9999
03/01/2019 10:15,SCH - NE - NY,23318,-618.81,600,-900
03/01/2019 10:15,SCH - NPX_1385,325277,-45,100,-100
03/01/2019 10:15,SCH - NPX_CSC,325154,0,330,-330
03/01/2019 10:15,SCH - OH - NY,23317,462.77,2050,-2000
03/01/2019 10:15,SCH - PJ - NY,23316,682.4,2000,-1300
03/01/2019 10:15,SCH - PJM_HTP,325905,0,660,-660
03/01/2019 10:15,SCH - PJM_NEPTUNE,325305,660,660,-660
03/01/2019 10:15,SCH - PJM_VFT,325658,315,315,-315
03/01/2019 10:15,SPR/DUN-SOUTH,23320,3030.49,4600,-9999
03/01/2019 10:15,TOTAL EAST,23314,4592.56,6800,-9999
03/01/2019 10:15,UPNY CONED,23315,2900.99,5700,-9999
03/01/2019 10:15,WEST CENTRAL,23312,659.22,9999,-9999
03/01/2019 10:20,CENTRAL EAST - VC,23330,2621.73,2780,-9999
03/01/2019 10:20,DYSINGER EAST,23326,1398.35,3150,-9999
03/01/2019 10:20,MOSES SOUTH,23319,2068.61,3000,-1600
03/01/2019 10:20,SCH - HQ - NY,23324,1465,1500,-1000
03/01/2019 10:20,SCH - HQ_CEDARS,325274,160,160,-100
03/01/2019 10:20,SCH - HQ_IMPORT_EXPORT,325376,1310,1310,-9999
03/01/2019 10:20,SCH - NE - NY,23318,-598.82,600,-900
03/01/2019 10:20,SCH - NPX_1385,325277,-45,100,-100
03/01/2019 10:20,SCH - NPX_CSC,325154,0,330,-330
03/01/2019 10:20,SCH - OH - NY,23317,462.94,2050,-2000
03/01/2019 10:20,SCH - PJ - NY,23316,694.44,2000,-1300
03/01/2019 10:20,SCH - PJM_HTP,325905,0,660,-660
03/01/2019 10:20,SCH - PJM_NEPTUNE,325305,660,660,-660
03/01/2019 10:20,SCH - PJM_VFT,325658,315,315,-315
03/01/2019 10:20,SPR/DUN-SOUTH,23320,3110.33,4600,-9999
03/01/2019 10:20,TOTAL EAST,23314,4609.14,6800,-9999
03/01/2019 10:20,UPNY CONED,23315,2976.83,5700,-9999
03/01/2019 10:20,WEST CENTRAL,23312,730.44,9999,-9999
03/01/2019 10:25,CENTRAL EAST - VC,23330,2615.79,2780,-9999
03/01/2019 10:25,DYSINGER EAST,23326,1325.26,3150,-9999
03/01/2019 10:25,MOSES SOUTH,23319,2124.97,3000,-1600
03/01/2019 10:25,SCH - HQ - NY,23324,1465,1500,-1000
03/01/2019 10:25,SCH - HQ_CEDARS,325274,160,160,-100
03/01/2019 10:25,SCH - HQ_IMPORT_EXPORT,325376,1310,1310,-9999
03/01/2019 10:25,SCH - NE - NY,23318,-598.82,600,-900
03/01/2019 10:25,SCH - NPX_1385,325277,-45,100,-100
03/01/2019 10:25,SCH - NPX_CSC,325154,0,330,-330
03/01/2019 10:25,SCH - OH - NY,23317,462.89,2050,-2000
03/01/2019 10:25,SCH - PJ - NY,23316,696.36,2000,-1300
03/01/2019 10:25,SCH - PJM_HTP,325905,0,660,-660
03/01/2019 10:25,SCH - PJM_NEPTUNE,325305,660,660,-660
03/01/2019 10:25,SCH - PJM_VFT,325658,315,315,-315
03/01/2019 10:25,SPR/DUN-SOUTH,23320,3126.82,4600,-9999
03/01/2019 10:25,TOTAL EAST,23314,4628.45,6800,-9999
03/01/2019 10:25,UPNY CONED,23315,2993.05,5700,-9999
03/01/2019 10:25,WEST CENTRAL,23312,663.74,9999,-9999
03/01/2019 10:30,CENTRAL EAST - VC,23330,2581.17,2780,-9999
03/01/2019 10:30,DYSINGER EAST,23326,1257.12,3150,-9999
03/01/2019 10:30,MOSES SOUTH,23319,2131.65,3000,-1600
03/01/2019 10:30,SCH - HQ - NY,23324,1465,1500,-1000
03/01/2019 10:30,SCH - HQ_CEDARS,325274,160,160,-100
03/01/2019 10:30,SCH - HQ_IMPORT_EXPORT,325376,1310,1310,-9999
03/01/2019 10:30,SCH - NE - NY,23318,-581.84,600,-900
03/01/2019 10:30,SCH - NPX_1385,325277,-45,100,-100
03/01/2019 10:30,SCH - NPX_CSC,325154,0,330,-330
03/01/2019 10:30,SCH - OH - NY,23317,462.84,2050,-2000
03/01/2019 10:30,SCH - PJ - NY,23316,693.41,2000,-1300
03/01/2019 10:30,SCH - PJM_HTP,325905,37,660,-660
03/01/2019 10:30,SCH - PJM_NEPTUNE,325305,660,660,-660
03/01/2019 10:30,SCH - PJM_VFT,325658,315,315,-315
03/01/2019 10:30,SPR/DUN-SOUTH,23320,3153.83,4600,-9999
03/01/2019 10:30,TOTAL EAST,23314,4622.84,6800,-9999
03/01/2019 10:30,UPNY CONED,23315,3027.43,5700,-9999
03/01/2019 10:30,WEST CENTRAL,23312,602.54,9999,-9999
03/01/2019 10:35,CENTRAL EAST - VC,23330,2551.79,2840,-9999
03/01/2019 10:35,DYSINGER EAST,23326,1249.67,3150,-9999
03/01/2019 10:35,MOSES SOUTH,23319,2118.11,3000,-1600
03/01/2019 10:35,SCH - HQ - NY,23324,1465,1500,-1000
03/01/2019 10:35,SCH - HQ_CEDARS,325274,160,160,-100
03/01/2019 10:35,SCH - HQ_IMPORT_EXPORT,325376,1310,1310,-9999
03/01/2019 10:35,SCH - NE - NY,23318,-565.84,600,-900
03/01/2019 10:35,SCH - NPX_1385,325277,-45,100,-100
03/01/2019 10:35,SCH - NPX_CSC,325154,0,330,-330
03/01/2019 10:35,SCH - OH - NY,23317,462.87,2050,-2000
03/01/2019 10:35,SCH - PJ - NY,23316,684.49,2000,-1300
03/01/2019 10:35,SCH - PJM_HTP,325905,75,660,-660
03/01/2019 10:35,SCH - PJM_NEPTUNE,325305,660,660,-660
03/01/2019 10:35,SCH - PJM_VFT,325658,315,315,-315
03/01/2019 10:35,SPR/DUN-SOUTH,23320,3137.16,4600,-9999
03/01/2019 10:35,TOTAL EAST,23314,4595.75,6800,-9999
03/01/2019 10:35,UPNY CONED,23315,3012.9,5700,-9999
03/01/2019 10:35,WEST CENTRAL,23312,599.33,9999,-9999
03/01/2019 10:40,CENTRAL EAST - VC,23330,2524.71,2840,-9999
03/01/2019 10:40,DYSINGER EAST,23326,1208.33,3150,-9999
03/01/2019 10:40,MOSES SOUTH,23319,2121.27,3000,-1600
03/01/2019 10:40,SCH - HQ - NY,23324,1465,1500,-1000
03/01/2019 10:40,SCH - HQ_CEDARS,325274,160,160,-100
03/01/2019 10:40,SCH - HQ_IMPORT_EXPORT,325376,1310,1310,-9999
03/01/2019 10:40,SCH - NE - NY,23318,-565.84,600,-900
03/01/2019 10:40,SCH - NPX_1385,325277,-45,100,-100
03/01/2019 10:40,SCH - NPX_CSC,325154,0,330,-330
03/01/2019 10:40,SCH - OH - NY,23317,462.85,2050,-2000
03/01/2019 10:40,SCH - PJ - NY,23316,692.44,2000,-1300
03/01/2019 10:40,SCH - PJM_HTP,325905,75,660,-660
03/01/2019 10:40,SCH - PJM_NEPTUNE,325305,660,660,-660
03/01/2019 10:40,SCH - PJM_VFT,325658,315,315,-315
03/01/2019 10:40,SPR/DUN-SOUTH,23320,3099.23,4600,-9999
03/01/2019 10:40,TOTAL EAST,23314,4573.61,6800,-9999
03/01/2019 10:40,UPNY CONED,23315,2975.36,5700,-9999
03/01/2019 10:40,WEST CENTRAL,23312,562.64,9999,-9999
03/01/2019 10:45,CENTRAL EAST - VC,23330,2514.53,2840,-9999
03/01/2019 10:45,DYSINGER EAST,23326,1190.75,3150,-9999
03/01/2019 10:45,MOSES SOUTH,23319,2076.13,3000,-1600
03/01/2019 10:45,SCH - HQ - NY,23324,1465,1500,-1000
03/01/2019 10:45,SCH - HQ_CEDARS,325274,160,160,-100
03/01/2019 10:45,SCH - HQ_IMPORT_EXPORT,325376,1310,1310,-9999
03/01/2019 10:45,SCH - NE - NY,23318,-599.82,600,-900
03/01/2019 10:45,SCH - NPX_1385,325277,-45,100,-100
03/01/2019 10:45,SCH - NPX_CSC,325154,0,330,-330
03/01/2019 10:45,SCH - OH - NY,23317,462.92,2050,-2000
03/01/2019 10:45,SCH - PJ - NY,23316,721.38,2000,-1300
03/01/2019 10:45,SCH - PJM_HTP,325905,75,660,-660
03/01/2019 10:45,SCH - PJM_NEPTUNE,325305,660,660,-660
03/01/2019 10:45,SCH - PJM_VFT,325658,315,315,-315
03/01/2019 10:45,SPR/DUN-SOUTH,23320,3100.3,4600,-9999
03/01/2019 10:45,TOTAL EAST,23314,4577.33,6800,-9999
03/01/2019 10:45,UPNY CONED,23315,2975.02,5700,-9999
03/01/2019 10:45,WEST CENTRAL,23312,547.74,9999,-9999
03/01/2019 10:50,CENTRAL EAST - VC,23330,2538.27,2840,-9999
03/01/2019 10:50,DYSINGER EAST,23326,1203.8,3150,-9999
03/01/2019 10:50,MOSES SOUTH,23319,2070.82,3000,-1600
03/01/2019 10:50,SCH - HQ - NY,23324,1465,1500,-1000
03/01/2019 10:50,SCH - HQ_CEDARS,325274,160,160,-100
03/01/2019 10:50,SCH - HQ_IMPORT_EXPORT,325376,1310,1310,-9999
03/01/2019 10:50,SCH - NE - NY,23318,-633.8,600,-900
03/01/2019 10:50,SCH - NPX_1385,325277,-45,100,-100
03/01/2019 10:50,SCH - NPX_CSC,325154,0,330,-330
03/01/2019 10:50,SCH - OH - NY,23317,462.96,2050,-2000
03/01/2019 10:50,SCH - PJ - NY,23316,743.28,2000,-1300
03/01/2019 10:50,SCH - PJM_HTP,325905,75,660,-660
03/01/2019 10:50,SCH - PJM_NEPTUNE,325305,660,660,-660
03/01/2019 10:50,SCH - PJM_VFT,325658,315,315,-315
03/01/2019 10:50,SPR/DUN-SOUTH,23320,3107.54,4600,-9999
03/01/2019 10:50,TOTAL EAST,23314,4617.57,6800,-9999
03/01/2019 10:50,UPNY CONED,23315,2977.4,5700,-9999
03/01/2019 10:50,WEST CENTRAL,23312,566.8,9999,-9999
03/01/2019 10:55,CENTRAL EAST - VC,23330,2534.12,2840,-9999
03/01/2019 10:55,DYSINGER EAST,23326,1177.79,3150,-9999
03/01/2019 10:55,MOSES SOUTH,23319,2093.6,3000,-1600
03/01/2019 10:55,SCH - HQ - NY,23324,1465,1500,-1000
03/01/2019 10:55,SCH - HQ_CEDARS,325274,160,160,-100
03/01/2019 10:55,SCH - HQ_IMPORT_EXPORT,325376,1310,1310,-9999
03/01/2019 10:55,SCH - NE - NY,23318,-633.8,600,-900
03/01/2019 10:55,SCH - NPX_1385,325277,-45,100,-100
03/01/2019 10:55,SCH - NPX_CSC,325154,0,330,-330
03/01/2019 10:55,SCH - OH - NY,23317,462.89,2050,-2000
03/01/2019 10:55,SCH - PJ - NY,23316,748.31,2000,-1300
03/01/2019 10:55,SCH - PJM_HTP,325905,75,660,-660
03/01/2019 10:55,SCH - PJM_NEPTUNE,325305,660,660,-660
03/01/2019 10:55,SCH - PJM_VFT,325658,315,315,-315
03/01/2019 10:55,SPR/DUN-SOUTH,23320,3081.86,4600,-9999
03/01/2019 10:55,TOTAL EAST,23314,4610.88,6800,-9999
03/01/2019 10:55,UPNY CONED,23315,2952.65,5700,-9999
03/01/2019 10:55,WEST CENTRAL,23312,541.06,9999,-9999
03/01/2019 11:00,CENTRAL EAST - VC,23330,2559.93,2840,-9999
03/01/2019 11:00,DYSINGER EAST,23326,1212.86,3150,-9999
03/01/2019 11:00,MOSES SOUTH,23319,2055.74,3000,-1600
03/01/2019 11:00,SCH - HQ - NY,23324,1465,1500,-1000
03/01/2019 11:00,SCH - HQ_CEDARS,325274,160,160,-100
03/01/2019 11:00,SCH - HQ_IMPORT_EXPORT,325376,1310,1310,-9999
03/01/2019 11:00,SCH - NE - NY,23318,-666.77,600,-900
03/01/2019 11:00,SCH - NPX_1385,325277,-28,100,-100
03/01/2019 11:00,SCH - NPX_CSC,325154,0,330,-330
03/01/2019 11:00,SCH - OH - NY,23317,532.9,2050,-2000
03/01/2019 11:00,SCH - PJ - NY,23316,720.32,2000,-1300
03/01/2019 11:00,SCH - PJM_HTP,325905,75,660,-660
03/01/2019 11:00,SCH - PJM_NEPTUNE,325305,660,660,-660
03/01/2019 11:00,SCH - PJM_VFT,325658,315,315,-315
03/01/2019 11:00,SPR/DUN-SOUTH,23320,3154.25,4600,-9999
03/01/2019 11:00,TOTAL EAST,23314,4649.22,6800,-9999
03/01/2019 11:00,UPNY CONED,23315,3021.56,5700,-9999
03/01/2019 11:00,WEST CENTRAL,23312,579.04,9999,-9999
03/01/2019 11:05,CENTRAL EAST - VC,23330,2550.35,2840,-9999
03/01/2019 11:05,DYSINGER EAST,23326,1146.55,3150,-9999
03/01/2019 11:05,MOSES SOUTH,23319,2113.04,3000,-1600
03/01/2019 11:05,SCH - HQ - NY,23324,1465,1500,-1000
03/01/2019 11:05,SCH - HQ_CEDARS,325274,160,160,-100
03/01/2019 11:05,SCH - HQ_IMPORT_EXPORT,325376,1310,1310,-9999
03/01/2019 11:05,SCH - NE - NY,23318,-699.75,600,-900
03/01/2019 11:05,SCH - NPX_1385,325277,-11,100,-100
03/01/2019 11:05,SCH - NPX_CSC,325154,0,330,-330
03/01/2019 11:05,SCH - OH - NY,23317,602.74,2050,-2000
03/01/2019 11:05,SCH - PJ - NY,23316,688.34,2000,-1300
03/01/2019 11:05,SCH - PJM_HTP,325905,75,660,-660
03/01/2019 11:05,SCH - PJM_NEPTUNE,325305,660,660,-660
03/01/2019 11:05,SCH - PJM_VFT,325658,315,315,-315
03/01/2019 11:05,SPR/DUN-SOUTH,23320,3122.16,4600,-9999
03/01/2019 11:05,TOTAL EAST,23314,4663.6,6800,-9999
03/01/2019 11:05,UPNY CONED,23315,2976.72,5700,-9999
03/01/2019 11:05,WEST CENTRAL,23312,517.56,9999,-9999
03/01/2019 11:10,CENTRAL EAST - VC,23330,2533.75,2840,-9999
03/01/2019 11:10,DYSINGER EAST,23326,1117.2,3150,-9999
03/01/2019 11:10,MOSES SOUTH,23319,2073.42,3000,-1600
03/01/2019 11:10,SCH - HQ - NY,23324,1465,1500,-1000
03/01/2019 11:10,SCH - HQ_CEDARS,325274,160,160,-100
03/01/2019 11:10,SCH - HQ_IMPORT_EXPORT,325376,1310,1310,-9999
03/01/2019 11:10,SCH - NE - NY,23318,-699.75,600,-900
03/01/2019 11:10,SCH - NPX_1385,325277,-12,100,-100
03/01/2019 11:10,SCH - NPX_CSC,325154,0,330,-330
03/01/2019 11:10,SCH - OH - NY,23317,602.81,2050,-2000
03/01/2019 11:10,SCH - PJ - NY,23316,688.33,2000,-1300
03/01/2019 11:10,SCH - PJM_HTP,325905,75,660,-660
03/01/2019 11:10,SCH - PJM_NEPTUNE,325305,660,660,-660
03/01/2019 11:10,SCH - PJM_VFT,325658,315,315,-315
03/01/2019 11:10,SPR/DUN-SOUTH,23320,3150.1,4600,-9999
03/01/2019 11:10,TOTAL EAST,23314,4656.63,6800,-9999
03/01/2019 11:10,UPNY CONED,23315,3004.11,5700,-9999
03/01/2019 11:10,WEST CENTRAL,23312,494.69,9999,-9999
03/01/2019 11:15,CENTRAL EAST - VC,23330,2563.06,2840,-9999
03/01/2019 11:15,DYSINGER EAST,23326,1156.54,3150,-9999
03/01/2019 11:15,MOSES SOUTH,23319,2073.15,3000,-1600
03/01/2019 11:15,SCH - HQ - NY,23324,1465,1500,-1000
03/01/2019 11:15,SCH - HQ_CEDARS,325274,160,160,-100
03/01/2019 11:15,SCH - HQ_IMPORT_EXPORT,325376,1310,1310,-9999
03/01/2019 11:15,SCH - NE - NY,23318,-699.74,600,-900
03/01/2019 11:15,SCH - NPX_1385,325277,-12,100,-100
03/01/2019 11:15,SCH - NPX_CSC,325154,0,330,-330
03/01/2019 11:15,SCH - OH - NY,23317,602.77,2050,-2000
03/01/2019 11:15,SCH - PJ - NY,23316,822.35,2000,-1300
03/01/2019 11:15,SCH - PJM_HTP,325905,37,660,-660
03/01/2019 11:15,SCH - PJM_NEPTUNE,325305,660,660,-660
03/01/2019 11:15,SCH - PJM_VFT,325658,315,315,-315
03/01/2019 11:15,SPR/DUN-SOUTH,23320,3216.95,4600,-9999
03/01/2019 11:15,TOTAL EAST,23314,4744.08,6800,-9999
03/01/2019 11:15,UPNY CONED,23315,3069.4,5700,-9999
03/01/2019 11:15,WEST CENTRAL,23312,537.77,9999,-9999
03/01/2019 11:20,CENTRAL EAST - VC,23330,2600.34,2840,-9999
03/01/2019 11:20,DYSINGER EAST,23326,1154.26,3150,-9999
03/01/2019 11:20,MOSES SOUTH,23319,2066.05,3000,-1600
03/01/2019 11:20,SCH - HQ - NY,23324,1465,1500,-1000
03/01/2019 11:20,SCH - HQ_CEDARS,325274,160,160,-100
03/01/2019 11:20,SCH - HQ_IMPORT_EXPORT,325376,1310,1310,-9999
03/01/2019 11:20,SCH - NE - NY,23318,-699.74,600,-900
03/01/2019 11:20,SCH - NPX_1385,325277,-12,100,-100
03/01/2019 11:20,SCH - NPX_CSC,325154,0,330,-330
03/01/2019 11:20,SCH - OH - NY,23317,602.77,2050,-2000
03/01/2019 11:20,SCH - PJ - NY,23316,960.31,2000,-1300
03/01/2019 11:20,SCH - PJM_HTP,325905,0,660,-660
03/01/2019 11:20,SCH - PJM_NEPTUNE,325305,660,660,-660
03/01/2019 11:20,SCH - PJM_VFT,325658,315,315,-315
03/01/2019 11:20,SPR/DUN-SOUTH,23320,3235.78,4600,-9999
03/01/2019 11:20,TOTAL EAST,23314,4862.62,6800,-9999
03/01/2019 11:20,UPNY CONED,23315,3095.97,5700,-9999
03/01/2019 11:20,WEST CENTRAL,23312,538.92,9999,-9999
03/01/2019 11:25,CENTRAL EAST - VC,23330,2634.99,2840,-9999
03/01/2019 11:25,DYSINGER EAST,23326,1160.98,3150,-9999
03/01/2019 11:25,MOSES SOUTH,23319,2101.01,3000,-1600
03/01/2019 11:25,SCH - HQ - NY,23324,1465,1500,-1000
03/01/2019 11:25,SCH - HQ_CEDARS,325274,160,160,-100
03/01/2019 11:25,SCH - HQ_IMPORT_EXPORT,325376,1310,1310,-9999
03/01/2019 11:25,SCH - NE - NY,23318,-699.74,600,-900
03/01/2019 11:25,SCH - NPX_1385,325277,-12,100,-100
03/01/2019 11:25,SCH - NPX_CSC,325154,0,330,-330
03/01/2019 11:25,SCH - OH - NY,23317,602.71,2050,-2000
03/01/2019 11:25,SCH - PJ - NY,23316,960.24,2000,-1300
03/01/2019 11:25,SCH - PJM_HTP,325905,0,660,-660
03/01/2019 11:25,SCH - PJM_NEPTUNE,325305,660,660,-660
03/01/2019 11:25,SCH - PJM_VFT,325658,315,315,-315
03/01/2019 11:25,SPR/DUN-SOUTH,23320,3234.05,4600,-9999
03/01/2019 11:25,TOTAL EAST,23314,4850.04,6800,-9999
03/01/2019 11:25,UPNY CONED,23315,3089.25,5700,-9999
03/01/2019 11:25,WEST CENTRAL,23312,548.91,9999,-9999
03/01/2019 11:30,CENTRAL EAST - VC,23330,2587.98,2840,-9999
03/01/2019 11:30,DYSINGER EAST,23326,1077.01,3150,-9999
03/01/2019 11:30,MOSES SOUTH,23319,2094.67,3000,-1600
03/01/2019 11:30,SCH - HQ - NY,23324,1465,1500,-1000
03/01/2019 11:30,SCH - HQ_CEDARS,325274,160,160,-100
03/01/2019 11:30,SCH - HQ_IMPORT_EXPORT,325376,1310,1310,-9999
03/01/2019 11:30,SCH - NE - NY,23318,-699.74,600,-900
03/01/2019 11:30,SCH - NPX_1385,325277,-12,100,-100
03/01/2019 11:30,SCH - NPX_CSC,325154,0,330,-330
03/01/2019 11:30,SCH - OH - NY,23317,602.72,2050,-2000
03/01/2019 11:30,SCH - PJ - NY,23316,960.19,2000,-1300
03/01/2019 11:30,SCH - PJM_HTP,325905,37,660,-660
03/01/2019 11:30,SCH - PJM_NEPTUNE,325305,660,660,-660
03/01/2019 11:30,SCH - PJM_VFT,325658,315,315,-315
03/01/2019 11:30,SPR/DUN-SOUTH,23320,3239.02,4600,-9999
03/01/2019 11:30,TOTAL EAST,23314,4790.27,6800,-9999
03/01/2019 11:30,UPNY CONED,23315,3086.32,5700,-9999
03/01/2019 11:30,WEST CENTRAL,23312,469.02,9999,-9999
03/01/2019 11:35,CENTRAL EAST - VC,23330,2609.6,2840,-9999
03/01/2019 11:35,DYSINGER EAST,23326,1105.2,3150,-9999
03/01/2019 11:35,MOSES SOUTH,23319,2108.53,3000,-1600
03/01/2019 11:35,SCH - HQ - NY,23324,1465,1500,-1000
03/01/2019 11:35,SCH - HQ_CEDARS,325274,160,160,-100
03/01/2019 11:35,SCH - HQ_IMPORT_EXPORT,325376,1310,1310,-9999
03/01/2019 11:35,SCH - NE - NY,23318,-699.74,600,-900
03/01/2019 11:35,SCH - NPX_1385,325277,-12,100,-100
03/01/2019 11:35,SCH - NPX_CSC,325154,0,330,-330
03/01/2019 11:35,SCH - OH - NY,23317,602.7,2050,-2000
03/01/2019 11:35,SCH - PJ - NY,23316,960.21,2000,-1300
03/01/2019 11:35,SCH - PJM_HTP,325905,75,660,-660
03/01/2019 11:35,SCH - PJM_NEPTUNE,325305,660,660,-660
03/01/2019 11:35,SCH - PJM_VFT,325658,315,315,-315
03/01/2019 11:35,SPR/DUN-SOUTH,23320,3258.4,4600,-9999
03/01/2019 11:35,TOTAL EAST,23314,4779.01,6800,-9999
03/01/2019 11:35,UPNY CONED,23315,3103.42,5700,-9999
03/01/2019 11:35,WEST CENTRAL,23312,498.91,9999,-9999
03/01/2019 11:40,CENTRAL EAST - VC,23330,2622.15,2840,-9999
03/01/2019 11:40,DYSINGER EAST,23326,1154.63,3150,-9999
03/01/2019 11:40,MOSES SOUTH,23319,2111.59,3000,-1600
03/01/2019 11:40,SCH - HQ - NY,23324,1465,1500,-1000
03/01/2019 11:40,SCH - HQ_CEDARS,325274,160,160,-100
03/01/2019 11:40,SCH - HQ_IMPORT_EXPORT,325376,1310,1310,-9999
03/01/2019 11:40,SCH - NE - NY,23318,-699.74,600,-900
03/01/2019 11:40,SCH - NPX_1385,325277,-12,100,-100
03/01/2019 11:40,SCH - NPX_CSC,325154,0,330,-330
03/01/2019 11:40,SCH - OH - NY,23317,600.37,2050,-2000
03/01/2019 11:40,SCH - PJ - NY,23316,962.6,2000,-1300
03/01/2019 11:40,SCH - PJM_HTP,325905,75,660,-660
03/01/2019 11:40,SCH - PJM_NEPTUNE,325305,660,660,-660
03/01/2019 11:40,SCH - PJM_VFT,325658,315,315,-315
03/01/2019 11:40,SPR/DUN-SOUTH,23320,3281.71,4600,-9999
03/01/2019 11:40,TOTAL EAST,23314,4785.29,6800,-9999
03/01/2019 11:40,UPNY CONED,23315,3113.78,5700,-9999
03/01/2019 11:40,WEST CENTRAL,23312,550.72,9999,-9999
03/01/2019 11:45,CENTRAL EAST - VC,23330,2550.34,2840,-9999
03/01/2019 11:45,DYSINGER EAST,23326,1085.24,3150,-9999
03/01/2019 11:45,MOSES SOUTH,23319,2081.68,3000,-1600
03/01/2019 11:45,SCH - HQ - NY,23324,1465,1500,-1000
03/01/2019 11:45,SCH - HQ_CEDARS,325274,160,160,-100
03/01/2019 11:45,SCH - HQ_IMPORT_EXPORT,325376,1310,1310,-9999
03/01/2019 11:45,SCH - NE - NY,23318,-638.78,600,-900
03/01/2019 11:45,SCH - NPX_1385,325277,-12,100,-100
03/01/2019 11:45,SCH - NPX_CSC,325154,0,330,-330
03/01/2019 11:45,SCH - OH - NY,23317,602.79,2050,-2000
03/01/2019 11:45,SCH - PJ - NY,23316,752.36,2000,-1300
03/01/2019 11:45,SCH - PJM_HTP,325905,75,660,-660
03/01/2019 11:45,SCH - PJM_NEPTUNE,325305,660,660,-660
03/01/2019 11:45,SCH - PJM_VFT,325658,315,315,-315
03/01/2019 11:45,SPR/DUN-SOUTH,23320,3249.85,4600,-9999
03/01/2019 11:45,TOTAL EAST,23314,4608.55,6800,-9999
03/01/2019 11:45,UPNY CONED,23315,3067.97,5700,-9999
03/01/2019 11:45,WEST CENTRAL,23312,485.05,9999,-9999
03/01/2019 11:50,CENTRAL EAST - VC,23330,2433.81,2840,-9999
03/01/2019 11:50,DYSINGER EAST,23326,905.98,3150,-9999
03/01/2019 11:50,MOSES SOUTH,23319,2090.99,3000,-1600
03/01/2019 11:50,SCH - HQ - NY,23324,1465,1500,-1000
03/01/2019 11:50,SCH - HQ_CEDARS,325274,160,160,-100
03/01/2019 11:50,SCH - HQ_IMPORT_EXPORT,325376,1310,1310,-9999
03/01/2019 11:50,SCH - NE - NY,23318,-578.83,600,-900
03/01/2019 11:50,SCH - NPX_1385,325277,-12,100,-100
03/01/2019 11:50,SCH - NPX_CSC,325154,0,330,-330
03/01/2019 11:50,SCH - OH - NY,23317,602.87,2050,-2000
03/01/2019 11:50,SCH - PJ - NY,23316,540.58,2000,-1300
03/01/2019 11:50,SCH - PJM_HTP,325905,75,660,-660
03/01/2019 11:50,SCH - PJM_NEPTUNE,325305,660,660,-660
03/01/2019 11:50,SCH - PJM_VFT,325658,315,315,-315
03/01/2019 11:50,SPR/DUN-SOUTH,23320,3073.1,4600,-9999
03/01/2019 11:50,TOTAL EAST,23314,4300.79,6800,-9999
03/01/2019 11:50,UPNY CONED,23315,2868.55,5700,-9999
03/01/2019 11:50,WEST CENTRAL,23312,312.23,9999,-9999
03/01/2019 11:55,CENTRAL EAST - VC,23330,2385.68,2840,-9999
03/01/2019 11:55,DYSINGER EAST,23326,828.93,3150,-9999
03/01/2019 11:55,MOSES SOUTH,23319,2081.7,3000,-1600
03/01/2019 11:55,SCH - HQ - NY,23324,1465,1500,-1000
03/01/2019 11:55,SCH - HQ_CEDARS,325274,160,160,-100
03/01/2019 11:55,SCH - HQ_IMPORT_EXPORT,325376,1310,1310,-9999
03/01/2019 11:55,SCH - NE - NY,23318,-578.84,600,-900
03/01/2019 11:55,SCH - NPX_1385,325277,-12,100,-100
03/01/2019 11:55,SCH - NPX_CSC,325154,0,330,-330
03/01/2019 11:55,SCH - OH - NY,23317,599.45,2050,-2000
03/01/2019 11:55,SCH - PJ - NY,23316,545.81,2000,-1300
03/01/2019 11:55,SCH - PJM_HTP,325905,75,660,-660
03/01/2019 11:55,SCH - PJM_NEPTUNE,325305,660,660,-660
03/01/2019 11:55,SCH - PJM_VFT,325658,315,315,-315
03/01/2019 11:55,SPR/DUN-SOUTH,23320,3024.82,4600,-9999
03/01/2019 11:55,TOTAL EAST,23314,4240.3,6800,-9999
03/01/2019 11:55,UPNY CONED,23315,2815.11,5700,-9999
03/01/2019 11:55,WEST CENTRAL,23312,238.26,9999,-9999
03/01/2019 12:00,CENTRAL EAST - VC,23330,2522.64,2840,-9999
03/01/2019 12:00,DYSINGER EAST,23326,1059.46,3150,-9999
03/01/2019 12:00,MOSES SOUTH,23319,2081.9,3000,-1600
03/01/2019 12:00,SCH - HQ - NY,23324,1465,1500,-1000
03/01/2019 12:00,SCH - HQ_CEDARS,325274,160,160,-100
03/01/2019 12:00,SCH - HQ_IMPORT_EXPORT,325376,1310,1310,-9999
03/01/2019 12:00,SCH - NE - NY,23318,-638.77,600,-900
03/01/2019 12:00,SCH - NPX_1385,325277,-18,100,-100
03/01/2019 12:00,SCH - NPX_CSC,325154,0,330,-330
03/01/2019 12:00,SCH - OH - NY,23317,535.94,2050,-2000
03/01/2019 12:00,SCH - PJ - NY,23316,615.2,2000,-1300
03/01/2019 12:00,SCH - PJM_HTP,325905,75,660,-660
03/01/2019 12:00,SCH - PJM_NEPTUNE,325305,660,660,-660
03/01/2019 12:00,SCH - PJM_VFT,325658,311,315,-315
03/01/2019 12:00,SPR/DUN-SOUTH,23320,3164.48,4600,-9999
03/01/2019 12:00,TOTAL EAST,23314,4436.88,6800,-9999
03/01/2019 12:00,UPNY CONED,23315,2990.11,5700,-9999
03/01/2019 12:00,WEST CENTRAL,23312,469.13,9999,-9999
03/01/2019 12:05,CENTRAL EAST - VC,23330,2627.08,2840,-9999
03/01/2019 12:05,DYSINGER EAST,23326,1221.99,3150,-9999
03/01/2019 12:05,MOSES SOUTH,23319,2093.51,3000,-1600
03/01/2019 12:05,SCH - HQ - NY,23324,1465,1500,-1000
03/01/2019 12:05,SCH - HQ_CEDARS,325274,160,160,-100
03/01/2019 12:05,SCH - HQ_IMPORT_EXPORT,325376,1310,1310,-9999
03/01/2019 12:05,SCH - NE - NY,23318,-699.72,600,-900
03/01/2019 12:05,SCH - NPX_1385,325277,-25,100,-100
03/01/2019 12:05,SCH - NPX_CSC,325154,0,330,-330
03/01/2019 12:05,SCH - OH - NY,23317,470.99,2050,-2000
03/01/2019 12:05,SCH - PJ - NY,23316,691.15,2000,-1300
03/01/2019 12:05,SCH - PJM_HTP,325905,75,660,-660
03/01/2019 12:05,SCH - PJM_NEPTUNE,325305,660,660,-660
03/01/2019 12:05,SCH - PJM_VFT,325658,307,315,-315
03/01/2019 12:05,SPR/DUN-SOUTH,23320,3233,4600,-9999
03/01/2019 12:05,TOTAL EAST,23314,4545.36,6800,-9999
03/01/2019 12:05,UPNY CONED,23315,3065.2,5700,-9999
03/01/2019 12:05,WEST CENTRAL,23312,632.9,9999,-9999
03/01/2019 12:10,CENTRAL EAST - VC,23330,2519.51,2840,-9999
03/01/2019 12:10,DYSINGER EAST,23326,1028.2,3150,-9999
03/01/2019 12:10,MOSES SOUTH,23319,2101.57,3000,-1600
03/01/2019 12:10,SCH - HQ - NY,23324,1465,1500,-1000
03/01/2019 12:10,SCH - HQ_CEDARS,325274,160,160,-100
03/01/2019 12:10,SCH - HQ_IMPORT_EXPORT,325376,1310,1310,-9999
03/01/2019 12:10,SCH - NE - NY,23318,-699.73,600,-900
03/01/2019 12:10,SCH - NPX_1385,325277,-25,100,-100
03/01/2019 12:10,SCH - NPX_CSC,325154,0,330,-330
03/01/2019 12:10,SCH - OH - NY,23317,471.02,2050,-2000
03/01/2019 12:10,SCH - PJ - NY,23316,687.93,2000,-1300
03/01/2019 12:10,SCH - PJM_HTP,325905,75,660,-660
03/01/2019 12:10,SCH - PJM_NEPTUNE,325305,660,660,-660
03/01/2019 12:10,SCH - PJM_VFT,325658,307,315,-315
03/01/2019 12:10,SPR/DUN-SOUTH,23320,3075.88,4600,-9999
03/01/2019 12:10,TOTAL EAST,23314,4409.47,6800,-9999
03/01/2019 12:10,UPNY CONED,23315,2895.45,5700,-9999
03/01/2019 12:10,WEST CENTRAL,23312,445.08,9999,-9999
03/01/2019 12:15,CENTRAL EAST - VC,23330,2568.15,2840,-9999
03/01/2019 12:15,DYSINGER EAST,23326,1052.45,3150,-9999
03/01/2019 12:15,MOSES SOUTH,23319,2125.01,3000,-1600
03/01/2019 12:15,SCH - HQ - NY,23324,1465,1500,-1000
03/01/2019 12:15,SCH - HQ_CEDARS,325274,160,160,-100
03/01/2019 12:15,SCH - HQ_IMPORT_EXPORT,325376,1310,1310,-9999
03/01/2019 12:15,SCH - NE - NY,23318,-699.72,600,-900
03/01/2019 12:15,SCH - NPX_1385,325277,-25,100,-100
03/01/2019 12:15,SCH - NPX_CSC,325154,0,330,-330
03/01/2019 12:15,SCH - OH - NY,23317,471.02,2050,-2000
03/01/2019 12:15,SCH - PJ - NY,23316,714.92,2000,-1300
03/01/2019 12:15,SCH - PJM_HTP,325905,75,660,-660
03/01/2019 12:15,SCH - PJM_NEPTUNE,325305,660,660,-660
03/01/2019 12:15,SCH - PJM_VFT,325658,311,315,-315
03/01/2019 12:15,SPR/DUN-SOUTH,23320,3170.77,4600,-9999
03/01/2019 12:15,TOTAL EAST,23314,4454.96,6800,-9999
03/01/2019 12:15,UPNY CONED,23315,2999.57,5700,-9999
03/01/2019 12:15,WEST CENTRAL,23312,476.77,9999,-9999
03/01/2019 12:20,CENTRAL EAST - VC,23330,2646.05,2840,-9999
03/01/2019 12:20,DYSINGER EAST,23326,1183.4,3150,-9999
03/01/2019 12:20,MOSES SOUTH,23319,2099.83,3000,-1600
03/01/2019 12:20,SCH - HQ - NY,23324,1465,1500,-1000
03/01/2019 12:20,SCH - HQ_CEDARS,325274,160,160,-100
03/01/2019 12:20,SCH - HQ_IMPORT_EXPORT,325376,1310,1310,-9999
03/01/2019 12:20,SCH - NE - NY,23318,-699.72,600,-900
03/01/2019 12:20,SCH - NPX_1385,325277,-25,100,-100
03/01/2019 12:20,SCH - NPX_CSC,325154,0,330,-330
03/01/2019 12:20,SCH - OH - NY,23317,471,2050,-2000
03/01/2019 12:20,SCH - PJ - NY,23316,738.08,2000,-1300
03/01/2019 12:20,SCH - PJM_HTP,325905,75,660,-660
03/01/2019 12:20,SCH - PJM_NEPTUNE,325305,660,660,-660
03/01/2019 12:20,SCH - PJM_VFT,325658,315,315,-315
03/01/2019 12:20,SPR/DUN-SOUTH,23320,3329.72,4600,-9999
03/01/2019 12:20,TOTAL EAST,23314,4586.02,6800,-9999
03/01/2019 12:20,UPNY CONED,23315,3165.9,5700,-9999
03/01/2019 12:20,WEST CENTRAL,23312,610.6,9999,-9999
03/01/2019 12:25,CENTRAL EAST - VC,23330,2566.42,2840,-9999
03/01/2019 12:25,DYSINGER EAST,23326,1029.74,3150,-9999
03/01/2019 12:25,MOSES SOUTH,23319,2099.68,3000,-1600
03/01/2019 12:25,SCH - HQ - NY,23324,1465,1500,-1000
03/01/2019 12:25,SCH - HQ_CEDARS,325274,160,160,-100
03/01/2019 12:25,SCH - HQ_IMPORT_EXPORT,325376,1310,1310,-9999
03/01/2019 12:25,SCH - NE - NY,23318,-699.73,600,-900
03/01/2019 12:25,SCH - NPX_1385,325277,-25,100,-100
03/01/2019 12:25,SCH - NPX_CSC,325154,0,330,-330
03/01/2019 12:25,SCH - OH - NY,23317,471.06,2050,-2000
03/01/2019 12:25,SCH - PJ - NY,23316,739.9,2000,-1300
03/01/2019 12:25,SCH - PJM_HTP,325905,75,660,-660
03/01/2019 12:25,SCH - PJM_NEPTUNE,325305,660,660,-660
03/01/2019 12:25,SCH - PJM_VFT,325658,315,315,-315
03/01/2019 12:25,SPR/DUN-SOUTH,23320,3235.48,4600,-9999
03/01/2019 12:25,TOTAL EAST,23314,4538.39,6800,-9999
03/01/2019 12:25,UPNY CONED,23315,3075.66,5700,-9999
03/01/2019 12:25,WEST CENTRAL,23312,461.16,9999,-9999
03/01/2019 12:30,CENTRAL EAST - VC,23330,2610.53,2840,-9999
03/01/2019 12:30,DYSINGER EAST,23326,1169.47,3150,-9999
03/01/2019 12:30,MOSES SOUTH,23319,2052.14,3000,-1600
03/01/2019 12:30,SCH - HQ - NY,23324,1465,1500,-1000
03/01/2019 12:30,SCH - HQ_CEDARS,325274,160,160,-100
03/01/2019 12:30,SCH - HQ_IMPORT_EXPORT,325376,1310,1310,-9999
03/01/2019 12:30,SCH - NE - NY,23318,-699.71,600,-900
03/01/2019 12:30,SCH - NPX_1385,325277,-25,100,-100
03/01/2019 12:30,SCH - NPX_CSC,325154,0,330,-330
03/01/2019 12:30,SCH - OH - NY,23317,471.19,2050,-2000
03/01/2019 12:30,SCH - PJ - NY,23316,774.97,2000,-1300
03/01/2019 12:30,SCH - PJM_HTP,325905,75,660,-660
03/01/2019 12:30,SCH - PJM_NEPTUNE,325305,660,660,-660
03/01/2019 12:30,SCH - PJM_VFT,325658,315,315,-315
03/01/2019 12:30,SPR/DUN-SOUTH,23320,3374.45,4600,-9999
03/01/2019 12:30,TOTAL EAST,23314,4658.23,6800,-9999
03/01/2019 12:30,UPNY CONED,23315,3207.26,5700,-9999
03/01/2019 12:30,WEST CENTRAL,23312,604.59,9999,-9999
03/01/2019 12:35,CENTRAL EAST - VC,23330,2625.12,2840,-9999
03/01/2019 12:35,DYSINGER EAST,23326,1209.36,3150,-9999
03/01/2019 12:35,MOSES SOUTH,23319,2035.37,3000,-1600
03/01/2019 12:35,SCH - HQ - NY,23324,1465,1500,-1000
03/01/2019 12:35,SCH - HQ_CEDARS,325274,160,160,-100
03/01/2019 12:35,SCH - HQ_IMPORT_EXPORT,325376,1310,1310,-9999
03/01/2019 12:35,SCH - NE - NY,23318,-699.71,600,-900
03/01/2019 12:35,SCH - NPX_1385,325277,-25,100,-100
03/01/2019 12:35,SCH - NPX_CSC,325154,0,330,-330
03/01/2019 12:35,SCH - OH - NY,23317,471.11,2050,-2000
03/01/2019 12:35,SCH - PJ - NY,23316,809.04,2000,-1300
03/01/2019 12:35,SCH - PJM_HTP,325905,75,660,-660
03/01/2019 12:35,SCH - PJM_NEPTUNE,325305,660,660,-660
03/01/2019 12:35,SCH - PJM_VFT,325658,315,315,-315
03/01/2019 12:35,SPR/DUN-SOUTH,23320,3386.37,4600,-9999
03/01/2019 12:35,TOTAL EAST,23314,4651.1,6800,-9999
03/01/2019 12:35,UPNY CONED,23315,3217.11,5700,-9999
03/01/2019 12:35,WEST CENTRAL,23312,646.28,9999,-9999
03/01/2019 12:40,CENTRAL EAST - VC,23330,2554.45,2840,-9999
03/01/2019 12:40,DYSINGER EAST,23326,1144.7,3150,-9999
03/01/2019 12:40,MOSES SOUTH,23319,2026.45,3000,-1600
03/01/2019 12:40,SCH - HQ - NY,23324,1465,1500,-1000
03/01/2019 12:40,SCH - HQ_CEDARS,325274,160,160,-100
03/01/2019 12:40,SCH - HQ_IMPORT_EXPORT,325376,1310,1310,-9999
03/01/2019 12:40,SCH - NE - NY,23318,-699.71,600,-900
03/01/2019 12:40,SCH - NPX_1385,325277,-25,100,-100
03/01/2019 12:40,SCH - NPX_CSC,325154,0,330,-330
03/01/2019 12:40,SCH - OH - NY,23317,471.11,2050,-2000
03/01/2019 12:40,SCH - PJ - NY,23316,810.03,2000,-1300
03/01/2019 12:40,SCH - PJM_HTP,325905,75,660,-660
03/01/2019 12:40,SCH - PJM_NEPTUNE,325305,660,660,-660
03/01/2019 12:40,SCH - PJM_VFT,325658,315,315,-315
03/01/2019 12:40,SPR/DUN-SOUTH,23320,3344.13,4600,-9999
03/01/2019 12:40,TOTAL EAST,23314,4648.51,6800,-9999
03/01/2019 12:40,UPNY CONED,23315,3174.97,5700,-9999
03/01/2019 12:40,WEST CENTRAL,23312,585.23,9999,-9999
03/01/2019 12:45,CENTRAL EAST - VC,23330,2572.93,2840,-9999
03/01/2019 12:45,DYSINGER EAST,23326,1156.42,3150,-9999
03/01/2019 12:45,MOSES SOUTH,23319,2025.51,3000,-1600
03/01/2019 12:45,SCH - HQ - NY,23324,1465,1500,-1000
03/01/2019 12:45,SCH - HQ_CEDARS,325274,160,160,-100
03/01/2019 12:45,SCH - HQ_IMPORT_EXPORT,325376,1310,1310,-9999
03/01/2019 12:45,SCH - NE - NY,23318,-699.71,600,-900
03/01/2019 12:45,SCH - NPX_1385,325277,-25,100,-100
03/01/2019 12:45,SCH - NPX_CSC,325154,0,330,-330
03/01/2019 12:45,SCH - OH - NY,23317,471.08,2050,-2000
03/01/2019 12:45,SCH - PJ - NY,23316,856.06,2000,-1300
03/01/2019 12:45,SCH - PJM_HTP,325905,75,660,-660
03/01/2019 12:45,SCH - PJM_NEPTUNE,325305,660,660,-660
03/01/2019 12:45,SCH - PJM_VFT,325658,315,315,-315
03/01/2019 12:45,SPR/DUN-SOUTH,23320,3369.69,4600,-9999
03/01/2019 12:45,TOTAL EAST,23314,4648.5,6800,-9999
03/01/2019 12:45,UPNY CONED,23315,3198.68,5700,-9999
03/01/2019 12:45,WEST CENTRAL,23312,600.04,9999,-9999
03/01/2019 12:50,CENTRAL EAST - VC,23330,2534.03,2840,-9999
03/01/2019 12:50,DYSINGER EAST,23326,1070.9,3150,-9999
03/01/2019 12:50,MOSES SOUTH,23319,2038.98,3000,-1600
03/01/2019 12:50,SCH - HQ - NY,23324,1465,1500,-1000
03/01/2019 12:50,SCH - HQ_CEDARS,325274,160,160,-100
03/01/2019 12:50,SCH - HQ_IMPORT_EXPORT,325376,1310,1310,-9999
03/01/2019 12:50,SCH - NE - NY,23318,-699.71,600,-900
03/01/2019 12:50,SCH - NPX_1385,325277,-25,100,-100
03/01/2019 12:50,SCH - NPX_CSC,325154,0,330,-330
03/01/2019 12:50,SCH - OH - NY,23317,472.42,2050,-2000
03/01/2019 12:50,SCH - PJ - NY,23316,907.58,2000,-1300
03/01/2019 12:50,SCH - PJM_HTP,325905,75,660,-660
03/01/2019 12:50,SCH - PJM_NEPTUNE,325305,660,660,-660
03/01/2019 12:50,SCH - PJM_VFT,325658,315,315,-315
03/01/2019 12:50,SPR/DUN-SOUTH,23320,3341.53,4600,-9999
03/01/2019 12:50,TOTAL EAST,23314,4607.31,6800,-9999
03/01/2019 12:50,UPNY CONED,23315,3171.02,5700,-9999
03/01/2019 12:50,WEST CENTRAL,23312,518.72,9999,-9999
03/01/2019 12:55,CENTRAL EAST - VC,23330,2555.26,2840,-9999
03/01/2019 12:55,DYSINGER EAST,23326,1119.26,3150,-9999
03/01/2019 12:55,MOSES SOUTH,23319,2037.74,3000,-1600
03/01/2019 12:55,SCH - HQ - NY,23324,1465,1500,-1000
03/01/2019 12:55,SCH - HQ_CEDARS,325274,160,160,-100
03/01/2019 12:55,SCH - HQ_IMPORT_EXPORT,325376,1310,1310,-9999
03/01/2019 12:55,SCH - NE - NY,23318,-699.71,600,-900
03/01/2019 12:55,SCH - NPX_1385,325277,-25,100,-100
03/01/2019 12:55,SCH - NPX_CSC,325154,0,330,-330
03/01/2019 12:55,SCH - OH - NY,23317,471.08,2050,-2000
03/01/2019 12:55,SCH - PJ - NY,23316,907.95,2000,-1300
03/01/2019 12:55,SCH - PJM_HTP,325905,75,660,-660
03/01/2019 12:55,SCH - PJM_NEPTUNE,325305,660,660,-660
03/01/2019 12:55,SCH - PJM_VFT,325658,315,315,-315
03/01/2019 12:55,SPR/DUN-SOUTH,23320,3392.02,4600,-9999
03/01/2019 12:55,TOTAL EAST,23314,4594.08,6800,-9999
03/01/2019 12:55,UPNY CONED,23315,3221.19,5700,-9999
03/01/2019 12:55,WEST CENTRAL,23312,566.5,9999,-9999
03/01/2019 13:00,CENTRAL EAST - VC,23330,2491.85,2840,-9999
03/01/2019 13:00,DYSINGER EAST,23326,1103.31,3150,-9999
03/01/2019 13:00,MOSES SOUTH,23319,2041.01,3000,-1600
03/01/2019 13:00,SCH - HQ - NY,23324,1465,1500,-1000
03/01/2019 13:00,SCH - HQ_CEDARS,325274,160,160,-100
03/01/2019 13:00,SCH - HQ_IMPORT_EXPORT,325376,1310,1310,-9999
03/01/2019 13:00,SCH - NE - NY,23318,-683.73,600,-900
03/01/2019 13:00,SCH - NPX_1385,325277,-23,100,-100
03/01/2019 13:00,SCH - NPX_CSC,325154,0,330,-330
03/01/2019 13:00,SCH - OH - NY,23317,411.04,2050,-2000
03/01/2019 13:00,SCH - PJ - NY,23316,749.04,2000,-1300
03/01/2019 13:00,SCH - PJM_HTP,325905,37,660,-660
03/01/2019 13:00,SCH - PJM_NEPTUNE,325305,660,660,-660
03/01/2019 13:00,SCH - PJM_VFT,325658,311,315,-315
03/01/2019 13:00,SPR/DUN-SOUTH,23320,3301.23,4600,-9999
03/01/2019 13:00,TOTAL EAST,23314,4401.84,6800,-9999
03/01/2019 13:00,UPNY CONED,23315,3133.67,5700,-9999
03/01/2019 13:00,WEST CENTRAL,23312,544.46,9999,-9999
03/01/2019 13:05,CENTRAL EAST - VC,23330,2396.52,2840,-9999
03/01/2019 13:05,DYSINGER EAST,23326,959.56,3150,-9999
03/01/2019 13:05,MOSES SOUTH,23319,2102.71,3000,-1600
03/01/2019 13:05,SCH - HQ - NY,23324,1465,1500,-1000
03/01/2019 13:05,SCH - HQ_CEDARS,325274,160,160,-100
03/01/2019 13:05,SCH - HQ_IMPORT_EXPORT,325376,1310,1310,-9999
03/01/2019 13:05,SCH - NE - NY,23318,-668.73,600,-900
03/01/2019 13:05,SCH - NPX_1385,325277,-21,100,-100
03/01/2019 13:05,SCH - NPX_CSC,325154,0,330,-330
03/01/2019 13:05,SCH - OH - NY,23317,350.85,2050,-2000
03/01/2019 13:05,SCH - PJ - NY,23316,591.03,2000,-1300
03/01/2019 13:05,SCH - PJM_HTP,325905,0,660,-660
03/01/2019 13:05,SCH - PJM_NEPTUNE,325305,660,660,-660
03/01/2019 13:05,SCH - PJM_VFT,325658,307,315,-315
03/01/2019 13:05,SPR/DUN-SOUTH,23320,3078.92,4600,-9999
03/01/2019 13:05,TOTAL EAST,23314,4135.32,6800,-9999
03/01/2019 13:05,UPNY CONED,23315,2909.07,5700,-9999
03/01/2019 13:05,WEST CENTRAL,23312,402.34,9999,-9999
03/01/2019 13:10,CENTRAL EAST - VC,23330,2447.49,2840,-9999
03/01/2019 13:10,DYSINGER EAST,23326,1115.91,3150,-9999
03/01/2019 13:10,MOSES SOUTH,23319,2072.25,3000,-1600
03/01/2019 13:10,SCH - HQ - NY,23324,1465,1500,-1000
03/01/2019 13:10,SCH - HQ_CEDARS,325274,160,160,-100
03/01/2019 13:10,SCH - HQ_IMPORT_EXPORT,325376,1310,1310,-9999
03/01/2019 13:10,SCH - NE - NY,23318,-668.73,600,-900
03/01/2019 13:10,SCH - NPX_1385,325277,-21,100,-100
03/01/2019 13:10,SCH - NPX_CSC,325154,0,330,-330
03/01/2019 13:10,SCH - OH - NY,23317,350.88,2050,-2000
03/01/2019 13:10,SCH - PJ - NY,23316,595.22,2000,-1300
03/01/2019 13:10,SCH - PJM_HTP,325905,0,660,-660
03/01/2019 13:10,SCH - PJM_NEPTUNE,325305,660,660,-660
03/01/2019 13:10,SCH - PJM_VFT,325658,307,315,-315
03/01/2019 13:10,SPR/DUN-SOUTH,23320,3202.17,4600,-9999
03/01/2019 13:10,TOTAL EAST,23314,4261.14,6800,-9999
03/01/2019 13:10,UPNY CONED,23315,3035.99,5700,-9999
03/01/2019 13:10,WEST CENTRAL,23312,559.32,9999,-9999
03/01/2019 13:15,CENTRAL EAST - VC,23330,2426.65,2810,-9999
03/01/2019 13:15,DYSINGER EAST,23326,1150.24,3150,-9999
03/01/2019 13:15,MOSES SOUTH,23319,2013.5,3000,-1600
03/01/2019 13:15,SCH - HQ - NY,23324,1465,1500,-1000
03/01/2019 13:15,SCH - HQ_CEDARS,325274,160,160,-100
03/01/2019 13:15,SCH - HQ_IMPORT_EXPORT,325376,1310,1310,-9999
03/01/2019 13:15,SCH - NE - NY,23318,-668.64,600,-900
03/01/2019 13:15,SCH - NPX_1385,325277,-21,100,-100
03/01/2019 13:15,SCH - NPX_CSC,325154,0,330,-330
03/01/2019 13:15,SCH - OH - NY,23317,353.74,2050,-2000
03/01/2019 13:15,SCH - PJ - NY,23316,629.17,2000,-1300
03/01/2019 13:15,SCH - PJM_HTP,325905,0,660,-660
03/01/2019 13:15,SCH - PJM_NEPTUNE,325305,660,660,-660
03/01/2019 13:15,SCH - PJM_VFT,325658,307,315,-315
03/01/2019 13:15,SPR/DUN-SOUTH,23320,3204.15,4600,-9999
03/01/2019 13:15,TOTAL EAST,23314,4236.48,6800,-9999
03/01/2019 13:15,UPNY CONED,23315,3040.63,5700,-9999
03/01/2019 13:15,WEST CENTRAL,23312,593.36,9999,-9999
03/01/2019 13:20,CENTRAL EAST - VC,23330,2476.2,2810,-9999
03/01/2019 13:20,DYSINGER EAST,23326,1188.32,3150,-9999
03/01/2019 13:20,MOSES SOUTH,23319,2012.7,3000,-1600
03/01/2019 13:20,SCH - HQ - NY,23324,1465,1500,-1000
03/01/2019 13:20,SCH - HQ_CEDARS,325274,160,160,-100
03/01/2019 13:20,SCH - HQ_IMPORT_EXPORT,325376,1310,1310,-9999
03/01/2019 13:20,SCH - NE - NY,23318,-668.65,600,-900
03/01/2019 13:20,SCH - NPX_1385,325277,-21,100,-100
03/01/2019 13:20,SCH - NPX_CSC,325154,0,330,-330
03/01/2019 13:20,SCH - OH - NY,23317,346.7,2050,-2000
03/01/2019 13:20,SCH - PJ - NY,23316,669.16,2000,-1300
03/01/2019 13:20,SCH - PJM_HTP,325905,0,660,-660
03/01/2019 13:20,SCH - PJM_NEPTUNE,325305,660,660,-660
03/01/2019 13:20,SCH - PJM_VFT,325658,307,315,-315
03/01/2019 13:20,SPR/DUN-SOUTH,23320,3308.49,4600,-9999
03/01/2019 13:20,TOTAL EAST,23314,4342.8,6800,-9999
03/01/2019 13:20,UPNY CONED,23315,3146.44,5700,-9999
03/01/2019 13:20,WEST CENTRAL,23312,634.97,9999,-9999
03/01/2019 13:25,CENTRAL EAST - VC,23330,2481.39,2810,-9999
03/01/2019 13:25,DYSINGER EAST,23326,1222.38,3150,-9999
03/01/2019 13:25,MOSES SOUTH,23319,2013.6,3000,-1600
03/01/2019 13:25,SCH - HQ - NY,23324,1465,1500,-1000
03/01/2019 13:25,SCH - HQ_CEDARS,325274,160,160,-100
03/01/2019 13:25,SCH - HQ_IMPORT_EXPORT,325376,1310,1310,-9999
03/01/2019 13:25,SCH - NE - NY,23318,-668.65,600,-900
03/01/2019 13:25,SCH - NPX_1385,325277,-21,100,-100
03/01/2019 13:25,SCH - NPX_CSC,325154,0,330,-330
03/01/2019 13:25,SCH - OH - NY,23317,350.11,2050,-2000
03/01/2019 13:25,SCH - PJ - NY,23316,667.82,2000,-1300
03/01/2019 13:25,SCH - PJM_HTP,325905,0,660,-660
03/01/2019 13:25,SCH - PJM_NEPTUNE,325305,660,660,-660
03/01/2019 13:25,SCH - PJM_VFT,325658,307,315,-315
03/01/2019 13:25,SPR/DUN-SOUTH,23320,3307.28,4600,-9999
03/01/2019 13:25,TOTAL EAST,23314,4337.79,6800,-9999
03/01/2019 13:25,UPNY CONED,23315,3147.9,5700,-9999
03/01/2019 13:25,WEST CENTRAL,23312,670.3,9999,-9999
03/01/2019 13:30,CENTRAL EAST - VC,23330,2435.4,2790,-9999
03/01/2019 13:30,DYSINGER EAST,23326,1150.91,3150,-9999
03/01/2019 13:30,MOSES SOUTH,23319,2008.12,3000,-1600
03/01/2019 13:30,SCH - HQ - NY,23324,1465,1500,-1000
03/01/2019 13:30,SCH - HQ_CEDARS,325274,160,160,-100
03/01/2019 13:30,SCH - HQ_IMPORT_EXPORT,325376,1310,1310,-9999
03/01/2019 13:30,SCH - NE - NY,23318,-668.64,600,-900
03/01/2019 13:30,SCH - NPX_1385,325277,-21,100,-100
03/01/2019 13:30,SCH - NPX_CSC,325154,0,330,-330
03/01/2019 13:30,SCH - OH - NY,23317,350.82,2050,-2000
03/01/2019 13:30,SCH - PJ - NY,23316,635.08,2000,-1300
03/01/2019 13:30,SCH - PJM_HTP,325905,37,660,-660
03/01/2019 13:30,SCH - PJM_NEPTUNE,325305,660,660,-660
03/01/2019 13:30,SCH - PJM_VFT,325658,311,315,-315
03/01/2019 13:30,SPR/DUN-SOUTH,23320,3258.98,4600,-9999
03/01/2019 13:30,TOTAL EAST,23314,4308.78,6800,-9999
03/01/2019 13:30,UPNY CONED,23315,3099.87,5700,-9999
03/01/2019 13:30,WEST CENTRAL,23312,600.85,9999,-9999
03/01/2019 13:35,CENTRAL EAST - VC,23330,2466.09,2790,-9999
03/01/2019 13:35,DYSINGER EAST,23326,1190.81,3150,-9999
03/01/2019 13:35,MOSES SOUTH,23319,2016.28,3000,-1600
03/01/2019 13:35,SCH - HQ - NY,23324,1465,1500,-1000
03/01/2019 13:35,SCH - HQ_CEDARS,325274,160,160,-100
03/01/2019 13:35,SCH - HQ_IMPORT_EXPORT,325376,1310,1310,-9999
03/01/2019 13:35,SCH - NE - NY,23318,-668.65,600,-900
03/01/2019 13:35,SCH - NPX_1385,325277,-21,100,-100
03/01/2019 13:35,SCH - NPX_CSC,325154,0,330,-330
03/01/2019 13:35,SCH - OH - NY,23317,347.25,2050,-2000
03/01/2019 13:35,SCH - PJ - NY,23316,590.68,2000,-1300
03/01/2019 13:35,SCH - PJM_HTP,325905,75,660,-660
03/01/2019 13:35,SCH - PJM_NEPTUNE,325305,660,660,-660
03/01/2019 13:35,SCH - PJM_VFT,325658,315,315,-315
03/01/2019 13:35,SPR/DUN-SOUTH,23320,3260.55,4600,-9999
03/01/2019 13:35,TOTAL EAST,23314,4265.93,6800,-9999
03/01/2019 13:35,UPNY CONED,23315,3101.78,5700,-9999
03/01/2019 13:35,WEST CENTRAL,23312,643.19,9999,-9999
03/01/2019 13:40,CENTRAL EAST - VC,23330,2462.74,2790,-9999
03/01/2019 13:40,DYSINGER EAST,23326,1144.49,3150,-9999
03/01/2019 13:40,MOSES SOUTH,23319,2025.74,3000,-1600
03/01/2019 13:40,SCH - HQ - NY,23324,1465,1500,-1000
03/01/2019 13:40,SCH - HQ_CEDARS,325274,160,160,-100
03/01/2019 13:40,SCH - HQ_IMPORT_EXPORT,325376,1310,1310,-9999
03/01/2019 13:40,SCH - NE - NY,23318,-668.65,600,-900
03/01/2019 13:40,SCH - NPX_1385,325277,-21,100,-100
03/01/2019 13:40,SCH - NPX_CSC,325154,0,330,-330
03/01/2019 13:40,SCH - OH - NY,23317,350.81,2050,-2000
03/01/2019 13:40,SCH - PJ - NY,23316,592.06,2000,-1300
03/01/2019 13:40,SCH - PJM_HTP,325905,75,660,-660
03/01/2019 13:40,SCH - PJM_NEPTUNE,325305,660,660,-660
03/01/2019 13:40,SCH - PJM_VFT,325658,315,315,-315
03/01/2019 13:40,SPR/DUN-SOUTH,23320,3250.22,4600,-9999
03/01/2019 13:40,TOTAL EAST,23314,4263.3,6800,-9999
03/01/2019 13:40,UPNY CONED,23315,3091.67,5700,-9999
03/01/2019 13:40,WEST CENTRAL,23312,599.78,9999,-9999
03/01/2019 13:45,CENTRAL EAST - VC,23330,2419.27,2790,-9999
03/01/2019 13:45,DYSINGER EAST,23326,1151.92,3150,-9999
03/01/2019 13:45,MOSES SOUTH,23319,2038.79,3000,-1600
03/01/2019 13:45,SCH - HQ - NY,23324,1465,1500,-1000
03/01/2019 13:45,SCH - HQ_CEDARS,325274,160,160,-100
03/01/2019 13:45,SCH - HQ_IMPORT_EXPORT,325376,1310,1310,-9999
03/01/2019 13:45,SCH - NE - NY,23318,-593.73,600,-900
03/01/2019 13:45,SCH - NPX_1385,325277,-21,100,-100
03/01/2019 13:45,SCH - NPX_CSC,325154,0,330,-330
03/01/2019 13:45,SCH - OH - NY,23317,350.81,2050,-2000
03/01/2019 13:45,SCH - PJ - NY,23316,593.27,2000,-1300
03/01/2019 13:45,SCH - PJM_HTP,325905,37,660,-660
03/01/2019 13:45,SCH - PJM_NEPTUNE,325305,660,660,-660
03/01/2019 13:45,SCH - PJM_VFT,325658,311,315,-315
03/01/2019 13:45,SPR/DUN-SOUTH,23320,3308.29,4600,-9999
03/01/2019 13:45,TOTAL EAST,23314,4222.23,6800,-9999
03/01/2019 13:45,UPNY CONED,23315,3149.96,5700,-9999
03/01/2019 13:45,WEST CENTRAL,23312,609.93,9999,-9999
03/01/2019 13:50,CENTRAL EAST - VC,23330,2398.35,2790,-9999
03/01/2019 13:50,DYSINGER EAST,23326,1105.01,3150,-9999
03/01/2019 13:50,MOSES SOUTH,23319,2053.52,3150,-1600
03/01/2019 13:50,SCH - HQ - NY,23324,1465,1500,-1000
03/01/2019 13:50,SCH - HQ_CEDARS,325274,160,160,-100
03/01/2019 13:50,SCH - HQ_IMPORT_EXPORT,325376,1310,1310,-9999
03/01/2019 13:50,SCH - NE - NY,23318,-518.79,600,-900
03/01/2019 13:50,SCH - NPX_1385,325277,-21,100,-100
03/01/2019 13:50,SCH - NPX_CSC,325154,0,330,-330
03/01/2019 13:50,SCH - OH - NY,23317,350.8,2050,-2000
03/01/2019 13:50,SCH - PJ - NY,23316,594.36,2000,-1300
03/01/2019 13:50,SCH - PJM_HTP,325905,0,660,-660
03/01/2019 13:50,SCH - PJM_NEPTUNE,325305,660,660,-660
03/01/2019 13:50,SCH - PJM_VFT,325658,307,315,-315
03/01/2019 13:50,SPR/DUN-SOUTH,23320,3345.65,4600,-9999
03/01/2019 13:50,TOTAL EAST,23314,4182.47,6800,-9999
03/01/2019 13:50,UPNY CONED,23315,3182.08,5700,-9999
03/01/2019 13:50,WEST CENTRAL,23312,564.86,9999,-9999
03/01/2019 13:55,CENTRAL EAST - VC,23330,2387.41,2790,-9999
03/01/2019 13:55,DYSINGER EAST,23326,1088.53,3150,-9999
03/01/2019 13:55,MOSES SOUTH,23319,2052.88,3150,-1600
03/01/2019 13:55,SCH - HQ - NY,23324,1465,1500,-1000
03/01/2019 13:55,SCH - HQ_CEDARS,325274,160,160,-100
03/01/2019 13:55,SCH - HQ_IMPORT_EXPORT,325376,1310,1310,-9999
03/01/2019 13:55,SCH - NE - NY,23318,-518.79,600,-900
03/01/2019 13:55,SCH - NPX_1385,325277,-21,100,-100
03/01/2019 13:55,SCH - NPX_CSC,325154,0,330,-330
03/01/2019 13:55,SCH - OH - NY,23317,350.8,2050,-2000
03/01/2019 13:55,SCH - PJ - NY,23316,593.34,2000,-1300
03/01/2019 13:55,SCH - PJM_HTP,325905,0,660,-660
03/01/2019 13:55,SCH - PJM_NEPTUNE,325305,660,660,-660
03/01/2019 13:55,SCH - PJM_VFT,325658,307,315,-315
03/01/2019 13:55,SPR/DUN-SOUTH,23320,3343.47,4600,-9999
03/01/2019 13:55,TOTAL EAST,23314,4155.29,6800,-9999
03/01/2019 13:55,UPNY CONED,23315,3177.18,5700,-9999
03/01/2019 13:55,WEST CENTRAL,23312,551.82,9999,-9999
03/01/2019 14:00,CENTRAL EAST - VC,23330,2391.72,2790,-9999
03/01/2019 14:00,DYSINGER EAST,23326,1145.47,3150,-9999
03/01/2019 14:00,MOSES SOUTH,23319,2045.39,3150,-1600
03/01/2019 14:00,SCH - HQ - NY,23324,1465,1500,-1000
03/01/2019 14:00,SCH - HQ_CEDARS,325274,160,160,-100
03/01/2019 14:00,SCH - HQ_IMPORT_EXPORT,325376,1310,1310,-9999
03/01/2019 14:00,SCH - NE - NY,23318,-586.73,600,-900
03/01/2019 14:00,SCH - NPX_1385,325277,-4,100,-100
03/01/2019 14:00,SCH - NPX_CSC,325154,0,330,-330
03/01/2019 14:00,SCH - OH - NY,23317,350.81,2050,-2000
03/01/2019 14:00,SCH - PJ - NY,23316,644.27,2000,-1300
03/01/2019 14:00,SCH - PJM_HTP,325905,0,660,-660
03/01/2019 14:00,SCH - PJM_NEPTUNE,325305,660,660,-660
03/01/2019 14:00,SCH - PJM_VFT,325658,307,315,-315
03/01/2019 14:00,SPR/DUN-SOUTH,23320,3349.92,4600,-9999
03/01/2019 14:00,TOTAL EAST,23314,4227.28,6800,-9999
03/01/2019 14:00,UPNY CONED,23315,3181.05,5700,-9999
03/01/2019 14:00,WEST CENTRAL,23312,608.71,9999,-9999
03/01/2019 14:05,CENTRAL EAST - VC,23330,2441.62,2790,-9999
03/01/2019 14:05,DYSINGER EAST,23326,1221.39,3150,-9999
03/01/2019 14:05,MOSES SOUTH,23319,2057.16,3150,-1600
03/01/2019 14:05,SCH - HQ - NY,23324,1465,1500,-1000
03/01/2019 14:05,SCH - HQ_CEDARS,325274,160,160,-100
03/01/2019 14:05,SCH - HQ_IMPORT_EXPORT,325376,1310,1310,-9999
03/01/2019 14:05,SCH - NE - NY,23318,-654.67,600,-900
03/01/2019 14:05,SCH - NPX_1385,325277,14,100,-100
03/01/2019 14:05,SCH - NPX_CSC,325154,0,330,-330
03/01/2019 14:05,SCH - OH - NY,23317,350.21,2050,-2000
03/01/2019 14:05,SCH - PJ - NY,23316,693.79,2000,-1300
03/01/2019 14:05,SCH - PJM_HTP,325905,0,660,-660
03/01/2019 14:05,SCH - PJM_NEPTUNE,325305,660,660,-660
03/01/2019 14:05,SCH - PJM_VFT,325658,307,315,-315
03/01/2019 14:05,SPR/DUN-SOUTH,23320,3348.16,4600,-9999
03/01/2019 14:05,TOTAL EAST,23314,4304.2,6800,-9999
03/01/2019 14:05,UPNY CONED,23315,3187.46,5700,-9999
03/01/2019 14:05,WEST CENTRAL,23312,683.15,9999,-9999
03/01/2019 14:10,CENTRAL EAST - VC,23330,2447.8,2790,-9999
03/01/2019 14:10,DYSINGER EAST,23326,1296.26,3150,-9999
03/01/2019 14:10,MOSES SOUTH,23319,2067.38,3150,-1600
03/01/2019 14:10,SCH - HQ - NY,23324,1465,1500,-1000
03/01/2019 14:10,SCH - HQ_CEDARS,325274,160,160,-100
03/01/2019 14:10,SCH - HQ_IMPORT_EXPORT,325376,1310,1310,-9999
03/01/2019 14:10,SCH - NE - NY,23318,-654.67,600,-900
03/01/2019 14:10,SCH - NPX_1385,325277,14,100,-100
03/01/2019 14:10,SCH - NPX_CSC,325154,0,330,-330
03/01/2019 14:10,SCH - OH - NY,23317,353.49,2050,-2000
03/01/2019 14:10,SCH - PJ - NY,23316,690.52,2000,-1300
03/01/2019 14:10,SCH - PJM_HTP,325905,0,660,-660
03/01/2019 14:10,SCH - PJM_NEPTUNE,325305,660,660,-660
03/01/2019 14:10,SCH - PJM_VFT,325658,307,315,-315
03/01/2019 14:10,SPR/DUN-SOUTH,23320,3299.55,4600,-9999
03/01/2019 14:10,TOTAL EAST,23314,4234.23,6800,-9999
03/01/2019 14:10,UPNY CONED,23315,3137.37,5700,-9999
03/01/2019 14:10,WEST CENTRAL,23312,759.47,9999,-9999
03/01/2019 14:15,CENTRAL EAST - VC,23330,2441.31,2790,-9999
03/01/2019 14:15,DYSINGER EAST,23326,1273.45,3150,-9999
03/01/2019 14:15,MOSES SOUTH,23319,2071.98,3150,-1600
03/01/2019 14:15,SCH - HQ - NY,23324,1465,1500,-1000
03/01/2019 14:15,SCH - HQ_CEDARS,325274,160,160,-100
03/01/2019 14:15,SCH - HQ_IMPORT_EXPORT,325376,1310,1310,-9999
03/01/2019 14:15,SCH - NE - NY,23318,-654.66,600,-900
03/01/2019 14:15,SCH - NPX_1385,325277,14,100,-100
03/01/2019 14:15,SCH - NPX_CSC,325154,0,330,-330
03/01/2019 14:15,SCH - OH - NY,23317,355.06,2050,-2000
03/01/2019 14:15,SCH - PJ - NY,23316,690.98,2000,-1300
03/01/2019 14:15,SCH - PJM_HTP,325905,0,660,-660
03/01/2019 14:15,SCH - PJM_NEPTUNE,325305,660,660,-660
03/01/2019 14:15,SCH - PJM_VFT,325658,307,315,-315
03/01/2019 14:15,SPR/DUN-SOUTH,23320,3339.63,4600,-9999
03/01/2019 14:15,TOTAL EAST,23314,4284.54,6800,-9999
03/01/2019 14:15,UPNY CONED,23315,3184.66,5700,-9999
03/01/2019 14:15,WEST CENTRAL,23312,743.17,9999,-9999
03/01/2019 14:20,CENTRAL EAST - VC,23330,2453.18,2790,-9999
03/01/2019 14:20,DYSINGER EAST,23326,1283.82,3150,-9999
03/01/2019 14:20,MOSES SOUTH,23319,2066.21,3150,-1600
03/01/2019 14:20,SCH - HQ - NY,23324,1465,1500,-1000
03/01/2019 14:20,SCH - HQ_CEDARS,325274,160,160,-100
03/01/2019 14:20,SCH - HQ_IMPORT_EXPORT,325376,1310,1310,-9999
03/01/2019 14:20,SCH - NE - NY,23318,-654.66,600,-900
03/01/2019 14:20,SCH - NPX_1385,325277,14,100,-100
03/01/2019 14:20,SCH - NPX_CSC,325154,0,330,-330
03/01/2019 14:20,SCH - OH - NY,23317,353.19,2050,-2000
03/01/2019 14:20,SCH - PJ - NY,23316,691.85,2000,-1300
03/01/2019 14:20,SCH - PJM_HTP,325905,0,660,-660
03/01/2019 14:20,SCH - PJM_NEPTUNE,325305,660,660,-660
03/01/2019 14:20,SCH - PJM_VFT,325658,307,315,-315
03/01/2019 14:20,SPR/DUN-SOUTH,23320,3400.55,4600,-9999
03/01/2019 14:20,TOTAL EAST,23314,4305.16,6800,-9999
03/01/2019 14:20,UPNY CONED,23315,3225.2,5700,-9999
03/01/2019 14:20,WEST CENTRAL,23312,760.42,9999,-9999
03/01/2019 14:25,CENTRAL EAST - VC,23330,2456.17,2790,-9999
03/01/2019 14:25,DYSINGER EAST,23326,1287.91,3150,-9999
03/01/2019 14:25,MOSES SOUTH,23319,2060.62,3150,-1600
03/01/2019 14:25,SCH - HQ - NY,23324,1465,1500,-1000
03/01/2019 14:25,SCH - HQ_CEDARS,325274,160,160,-100
03/01/2019 14:25,SCH - HQ_IMPORT_EXPORT,325376,1310,1310,-9999
03/01/2019 14:25,SCH - NE - NY,23318,-654.66,600,-900
03/01/2019 14:25,SCH - NPX_1385,325277,14,100,-100
03/01/2019 14:25,SCH - NPX_CSC,325154,0,330,-330
03/01/2019 14:25,SCH - OH - NY,23317,351.42,2050,-2000
03/01/2019 14:25,SCH - PJ - NY,23316,693.61,2000,-1300
03/01/2019 14:25,SCH - PJM_HTP,325905,0,660,-660
03/01/2019 14:25,SCH - PJM_NEPTUNE,325305,660,660,-660
03/01/2019 14:25,SCH - PJM_VFT,325658,307,315,-315
03/01/2019 14:25,SPR/DUN-SOUTH,23320,3414.96,4600,-9999
03/01/2019 14:25,TOTAL EAST,23314,4314.33,6800,-9999
03/01/2019 14:25,UPNY CONED,23315,3233.29,5700,-9999
03/01/2019 14:25,WEST CENTRAL,23312,765.51,9999,-9999
03/01/2019 14:30,CENTRAL EAST - VC,23330,2478.59,2790,-9999
03/01/2019 14:30,DYSINGER EAST,23326,1320.44,3150,-9999
03/01/2019 14:30,MOSES SOUTH,23319,2063.88,3150,-1600
03/01/2019 14:30,SCH - HQ - NY,23324,1465,1500,-1000
03/01/2019 14:30,SCH - HQ_CEDARS,325274,160,160,-100
03/01/2019 14:30,SCH - HQ_IMPORT_EXPORT,325376,1310,1310,-9999
03/01/2019 14:30,SCH - NE - NY,23318,-629.69,600,-900
03/01/2019 14:30,SCH - NPX_1385,325277,14,100,-100
03/01/2019 14:30,SCH - NPX_CSC,325154,0,330,-330
03/01/2019 14:30,SCH - OH - NY,23317,352.98,2050,-2000
03/01/2019 14:30,SCH - PJ - NY,23316,692.1,2000,-1300
03/01/2019 14:30,SCH - PJM_HTP,325905,37,660,-660
03/01/2019 14:30,SCH - PJM_NEPTUNE,325305,660,660,-660
03/01/2019 14:30,SCH - PJM_VFT,325658,311,315,-315
03/01/2019 14:30,SPR/DUN-SOUTH,23320,3464.77,4600,-9999
03/01/2019 14:30,TOTAL EAST,23314,4300.46,6800,-9999
03/01/2019 14:30,UPNY CONED,23315,3273.61,5700,-9999
03/01/2019 14:30,WEST CENTRAL,23312,797.36,9999,-9999
03/01/2019 14:35,CENTRAL EAST - VC,23330,2442.7,2790,-9999
03/01/2019 14:35,DYSINGER EAST,23326,1297.41,3150,-9999
03/01/2019 14:35,MOSES SOUTH,23319,2066.66,3150,-1600
03/01/2019 14:35,SCH - HQ - NY,23324,1465,1500,-1000
03/01/2019 14:35,SCH - HQ_CEDARS,325274,160,160,-100
03/01/2019 14:35,SCH - HQ_IMPORT_EXPORT,325376,1310,1310,-9999
03/01/2019 14:35,SCH - NE - NY,23318,-604.72,600,-900
03/01/2019 14:35,SCH - NPX_1385,325277,14,100,-100
03/01/2019 14:35,SCH - NPX_CSC,325154,0,330,-330
03/01/2019 14:35,SCH - OH - NY,23317,353.45,2050,-2000
03/01/2019 14:35,SCH - PJ - NY,23316,690.73,2000,-1300
03/01/2019 14:35,SCH - PJM_HTP,325905,75,660,-660
03/01/2019 14:35,SCH - PJM_NEPTUNE,325305,660,660,-660
03/01/2019 14:35,SCH - PJM_VFT,325658,315,315,-315
03/01/2019 14:35,SPR/DUN-SOUTH,23320,3436.07,4600,-9999
03/01/2019 14:35,TOTAL EAST,23314,4264.04,6800,-9999
03/01/2019 14:35,UPNY CONED,23315,3247.57,5700,-9999
03/01/2019 14:35,WEST CENTRAL,23312,774.76,9999,-9999
03/01/2019 14:40,CENTRAL EAST - VC,23330,2446.93,2790,-9999
03/01/2019 14:40,DYSINGER EAST,23326,1303.29,3150,-9999
03/01/2019 14:40,MOSES SOUTH,23319,2090.98,3150,-1600
03/01/2019 14:40,SCH - HQ - NY,23324,1465,1500,-1000
03/01/2019 14:40,SCH - HQ_CEDARS,325274,160,160,-100
03/01/2019 14:40,SCH - HQ_IMPORT_EXPORT,325376,1310,1310,-9999
03/01/2019 14:40,SCH - NE - NY,23318,-604.72,600,-900
03/01/2019 14:40,SCH - NPX_1385,325277,14,100,-100
03/01/2019 14:40,SCH - NPX_CSC,325154,0,330,-330
03/01/2019 14:40,SCH - OH - NY,23317,350.86,2050,-2000
03/01/2019 14:40,SCH - PJ - NY,23316,694.29,2000,-1300
03/01/2019 14:40,SCH - PJM_HTP,325905,75,660,-660
03/01/2019 14:40,SCH - PJM_NEPTUNE,325305,660,660,-660
03/01/2019 14:40,SCH - PJM_VFT,325658,315,315,-315
03/01/2019 14:40,SPR/DUN-SOUTH,23320,3429.55,4600,-9999
03/01/2019 14:40,TOTAL EAST,23314,4261.14,6800,-9999
03/01/2019 14:40,UPNY CONED,23315,3266.41,5700,-9999
03/01/2019 14:40,WEST CENTRAL,23312,782.46,9999,-9999
03/01/2019 14:45,CENTRAL EAST - VC,23330,2466.88,2790,-9999
03/01/2019 14:45,DYSINGER EAST,23326,1331.57,3150,-9999
03/01/2019 14:45,MOSES SOUTH,23319,2093.24,3150,-1600
03/01/2019 14:45,SCH - HQ - NY,23324,1465,1500,-1000
03/01/2019 14:45,SCH - HQ_CEDARS,325274,160,160,-100
03/01/2019 14:45,SCH - HQ_IMPORT_EXPORT,325376,1310,1310,-9999
03/01/2019 14:45,SCH - NE - NY,23318,-629.69,600,-900
03/01/2019 14:45,SCH - NPX_1385,325277,14,100,-100
03/01/2019 14:45,SCH - NPX_CSC,325154,0,330,-330
03/01/2019 14:45,SCH - OH - NY,23317,350.88,2050,-2000
03/01/2019 14:45,SCH - PJ - NY,23316,695.22,2000,-1300
03/01/2019 14:45,SCH - PJM_HTP,325905,75,660,-660
03/01/2019 14:45,SCH - PJM_NEPTUNE,325305,660,660,-660
03/01/2019 14:45,SCH - PJM_VFT,325658,315,315,-315
03/01/2019 14:45,SPR/DUN-SOUTH,23320,3417.83,4600,-9999
03/01/2019 14:45,TOTAL EAST,23314,4255.58,6800,-9999
03/01/2019 14:45,UPNY CONED,23315,3254.27,5700,-9999
03/01/2019 14:45,WEST CENTRAL,23312,807.69,9999,-9999
03/01/2019 14:50,CENTRAL EAST - VC,23330,2466.05,2790,-9999
03/01/2019 14:50,DYSINGER EAST,23326,1346.89,3150,-9999
03/01/2019 14:50,MOSES SOUTH,23319,2096.26,3150,-1600
03/01/2019 14:50,SCH - HQ - NY,23324,1465,1500,-1000
03/01/2019 14:50,SCH - HQ_CEDARS,325274,160,160,-100
03/01/2019 14:50,SCH - HQ_IMPORT_EXPORT,325376,1310,1310,-9999
03/01/2019 14:50,SCH - NE - NY,23318,-654.67,600,-900
03/01/2019 14:50,SCH - NPX_1385,325277,14,100,-100
03/01/2019 14:50,SCH - NPX_CSC,325154,0,330,-330
03/01/2019 14:50,SCH - OH - NY,23317,351.03,2050,-2000
03/01/2019 14:50,SCH - PJ - NY,23316,696.01,2000,-1300
03/01/2019 14:50,SCH - PJM_HTP,325905,75,660,-660
03/01/2019 14:50,SCH - PJM_NEPTUNE,325305,660,660,-660
03/01/2019 14:50,SCH - PJM_VFT,325658,315,315,-315
03/01/2019 14:50,SPR/DUN-SOUTH,23320,3376.71,4600,-9999
03/01/2019 14:50,TOTAL EAST,23314,4254.35,6800,-9999
03/01/2019 14:50,UPNY CONED,23315,3210.33,5700,-9999
03/01/2019 14:50,WEST CENTRAL,23312,822.65,9999,-9999
03/01/2019 14:55,CENTRAL EAST - VC,23330,2463.33,2790,-9999
03/01/2019 14:55,DYSINGER EAST,23326,1336.41,3150,-9999
03/01/2019 14:55,MOSES SOUTH,23319,2080.87,3150,-1600
03/01/2019 14:55,SCH - HQ - NY,23324,1465,1500,-1000
03/01/2019 14:55,SCH - HQ_CEDARS,325274,160,160,-100
03/01/2019 14:55,SCH - HQ_IMPORT_EXPORT,325376,1310,1310,-9999
03/01/2019 14:55,SCH - NE - NY,23318,-654.67,600,-900
03/01/2019 14:55,SCH - NPX_1385,325277,14,100,-100
03/01/2019 14:55,SCH - NPX_CSC,325154,0,330,-330
03/01/2019 14:55,SCH - OH - NY,23317,350.9,2050,-2000
03/01/2019 14:55,SCH - PJ - NY,23316,692.16,2000,-1300
03/01/2019 14:55,SCH - PJM_HTP,325905,75,660,-660
03/01/2019 14:55,SCH - PJM_NEPTUNE,325305,660,660,-660
03/01/2019 14:55,SCH - PJM_VFT,325658,315,315,-315
03/01/2019 14:55,SPR/DUN-SOUTH,23320,3360.19,4600,-9999
03/01/2019 14:55,TOTAL EAST,23314,4259.68,6800,-9999
03/01/2019 14:55,UPNY CONED,23315,3198.4,5700,-9999
03/01/2019 14:55,WEST CENTRAL,23312,813.44,9999,-9999
03/01/2019 15:00,CENTRAL EAST - VC,23330,2459.54,2790,-9999
03/01/2019 15:00,DYSINGER EAST,23326,1339.06,3150,-9999
03/01/2019 15:00,MOSES SOUTH,23319,2081.01,3150,-1600
03/01/2019 15:00,SCH - HQ - NY,23324,1458,1500,-1000
03/01/2019 15:00,SCH - HQ_CEDARS,325274,160,160,-100
03/01/2019 15:00,SCH - HQ_IMPORT_EXPORT,325376,1303,1310,-9999
03/01/2019 15:00,SCH - NE - NY,23318,-658.66,600,-900
03/01/2019 15:00,SCH - NPX_1385,325277,14,100,-100
03/01/2019 15:00,SCH - NPX_CSC,325154,0,330,-330
03/01/2019 15:00,SCH - OH - NY,23317,300.93,2050,-2000
03/01/2019 15:00,SCH - PJ - NY,23316,788.1,2000,-1300
03/01/2019 15:00,SCH - PJM_HTP,325905,75,660,-660
03/01/2019 15:00,SCH - PJM_NEPTUNE,325305,660,660,-660
03/01/2019 15:00,SCH - PJM_VFT,325658,315,315,-315
03/01/2019 15:00,SPR/DUN-SOUTH,23320,3368.13,4600,-9999
03/01/2019 15:00,TOTAL EAST,23314,4288.66,6800,-9999
03/01/2019 15:00,UPNY CONED,23315,3201.06,5700,-9999
03/01/2019 15:00,WEST CENTRAL,23312,816.97,9999,-9999
03/01/2019 15:05,CENTRAL EAST - VC,23330,2486.21,2790,-9999
03/01/2019 15:05,DYSINGER EAST,23326,1355.42,3150,-9999
03/01/2019 15:05,MOSES SOUTH,23319,2074.54,3150,-1600
03/01/2019 15:05,SCH - HQ - NY,23324,1452,1500,-1000
03/01/2019 15:05,SCH - HQ_CEDARS,325274,160,160,-100
03/01/2019 15:05,SCH - HQ_IMPORT_EXPORT,325376,1297,1310,-9999
03/01/2019 15:05,SCH - NE - NY,23318,-663.67,600,-900
03/01/2019 15:05,SCH - NPX_1385,325277,14,100,-100
03/01/2019 15:05,SCH - NPX_CSC,325154,0,330,-330
03/01/2019 15:05,SCH - OH - NY,23317,250.99,2050,-2000
03/01/2019 15:05,SCH - PJ - NY,23316,885.93,2000,-1300
03/01/2019 15:05,SCH - PJM_HTP,325905,75,660,-660
03/01/2019 15:05,SCH - PJM_NEPTUNE,325305,660,660,-660
03/01/2019 15:05,SCH - PJM_VFT,325658,315,315,-315
03/01/2019 15:05,SPR/DUN-SOUTH,23320,3396.08,4600,-9999
03/01/2019 15:05,TOTAL EAST,23314,4325.38,6800,-9999
03/01/2019 15:05,UPNY CONED,23315,3226.6,5700,-9999
03/01/2019 15:05,WEST CENTRAL,23312,832,9999,-9999
03/01/2019 15:10,CENTRAL EAST - VC,23330,2424.63,2790,-9999
03/01/2019 15:10,DYSINGER EAST,23326,1311.8,3150,-9999
03/01/2019 15:10,MOSES SOUTH,23319,2077.17,3150,-1600
03/01/2019 15:10,SCH - HQ - NY,23324,1452,1500,-1000
03/01/2019 15:10,SCH - HQ_CEDARS,325274,160,160,-100
03/01/2019 15:10,SCH - HQ_IMPORT_EXPORT,325376,1297,1310,-9999
03/01/2019 15:10,SCH - NE - NY,23318,-663.66,600,-900
03/01/2019 15:10,SCH - NPX_1385,325277,14,100,-100
03/01/2019 15:10,SCH - NPX_CSC,325154,0,330,-330
03/01/2019 15:10,SCH - OH - NY,23317,250.85,2050,-2000
03/01/2019 15:10,SCH - PJ - NY,23316,886.08,2000,-1300
03/01/2019 15:10,SCH - PJM_HTP,325905,75,660,-660
03/01/2019 15:10,SCH - PJM_NEPTUNE,325305,660,660,-660
03/01/2019 15:10,SCH - PJM_VFT,325658,315,315,-315
03/01/2019 15:10,SPR/DUN-SOUTH,23320,3321.8,4600,-9999
03/01/2019 15:10,TOTAL EAST,23314,4277.28,6800,-9999
03/01/2019 15:10,UPNY CONED,23315,3153.6,5700,-9999
03/01/2019 15:10,WEST CENTRAL,23312,786.36,9999,-9999
03/01/2019 15:15,CENTRAL EAST - VC,23330,2428.47,2790,-9999
03/01/2019 15:15,DYSINGER EAST,23326,1290.36,3150,-9999
03/01/2019 15:15,MOSES SOUTH,23319,2092.93,3150,-1600
03/01/2019 15:15,SCH - HQ - NY,23324,1452,1500,-1000
03/01/2019 15:15,SCH - HQ_CEDARS,325274,160,160,-100
03/01/2019 15:15,SCH - HQ_IMPORT_EXPORT,325376,1297,1310,-9999
03/01/2019 15:15,SCH - NE - NY,23318,-663.57,600,-900
03/01/2019 15:15,SCH - NPX_1385,325277,14,100,-100
03/01/2019 15:15,SCH - NPX_CSC,325154,0,330,-330
03/01/2019 15:15,SCH - OH - NY,23317,250.75,2050,-2000
03/01/2019 15:15,SCH - PJ - NY,23316,887.91,2000,-1300
03/01/2019 15:15,SCH - PJM_HTP,325905,75,660,-660
03/01/2019 15:15,SCH - PJM_NEPTUNE,325305,660,660,-660
03/01/2019 15:15,SCH - PJM_VFT,325658,315,315,-315
03/01/2019 15:15,SPR/DUN-SOUTH,23320,3334.83,4600,-9999
03/01/2019 15:15,TOTAL EAST,23314,4287.78,6800,-9999
03/01/2019 15:15,UPNY CONED,23315,3169.37,5700,-9999
03/01/2019 15:15,WEST CENTRAL,23312,763.49,9999,-9999
03/01/2019 15:20,CENTRAL EAST - VC,23330,2434.44,2790,-9999
03/01/2019 15:20,DYSINGER EAST,23326,1314.41,3150,-9999
03/01/2019 15:20,MOSES SOUTH,23319,2075.94,3150,-1600
03/01/2019 15:20,SCH - HQ - NY,23324,1452,1500,-1000
03/01/2019 15:20,SCH - HQ_CEDARS,325274,160,160,-100
03/01/2019 15:20,SCH - HQ_IMPORT_EXPORT,325376,1297,1310,-9999
03/01/2019 15:20,SCH - NE - NY,23318,-663.57,600,-900
03/01/2019 15:20,SCH - NPX_1385,325277,14,100,-100
03/01/2019 15:20,SCH - NPX_CSC,325154,0,330,-330
03/01/2019 15:20,SCH - OH - NY,23317,250.79,2050,-2000
03/01/2019 15:20,SCH - PJ - NY,23316,888.9,2000,-1300
03/01/2019 15:20,SCH - PJM_HTP,325905,75,660,-660
03/01/2019 15:20,SCH - PJM_NEPTUNE,325305,660,660,-660
03/01/2019 15:20,SCH - PJM_VFT,325658,315,315,-315
03/01/2019 15:20,SPR/DUN-SOUTH,23320,3320.72,4600,-9999
03/01/2019 15:20,TOTAL EAST,23314,4278.94,6800,-9999
03/01/2019 15:20,UPNY CONED,23315,3160.84,5700,-9999
03/01/2019 15:20,WEST CENTRAL,23312,785.98,9999,-9999
03/01/2019 15:25,CENTRAL EAST - VC,23330,2403.45,2790,-9999
03/01/2019 15:25,DYSINGER EAST,23326,1278.51,3150,-9999
03/01/2019 15:25,MOSES SOUTH,23319,2085.57,3150,-1600
03/01/2019 15:25,SCH - HQ - NY,23324,1452,1500,-1000
03/01/2019 15:25,SCH - HQ_CEDARS,325274,160,160,-100
03/01/2019 15:25,SCH - HQ_IMPORT_EXPORT,325376,1297,1310,-9999
03/01/2019 15:25,SCH - NE - NY,23318,-663.56,600,-900
03/01/2019 15:25,SCH - NPX_1385,325277,14,100,-100
03/01/2019 15:25,SCH - NPX_CSC,325154,0,330,-330
03/01/2019 15:25,SCH - OH - NY,23317,250.79,2050,-2000
03/01/2019 15:25,SCH - PJ - NY,23316,884.92,2000,-1300
03/01/2019 15:25,SCH - PJM_HTP,325905,75,660,-660
03/01/2019 15:25,SCH - PJM_NEPTUNE,325305,660,660,-660
03/01/2019 15:25,SCH - PJM_VFT,325658,315,315,-315
03/01/2019 15:25,SPR/DUN-SOUTH,23320,3287.35,4600,-9999
03/01/2019 15:25,TOTAL EAST,23314,4271.29,6800,-9999
03/01/2019 15:25,UPNY CONED,23315,3132.64,5700,-9999
03/01/2019 15:25,WEST CENTRAL,23312,747.87,9999,-9999
03/01/2019 15:30,CENTRAL EAST - VC,23330,2395.74,2790,-9999
03/01/2019 15:30,DYSINGER EAST,23326,1265.45,3150,-9999
03/01/2019 15:30,MOSES SOUTH,23319,2076.34,3150,-1600
03/01/2019 15:30,SCH - HQ - NY,23324,1452,1500,-1000
03/01/2019 15:30,SCH - HQ_CEDARS,325274,160,160,-100
03/01/2019 15:30,SCH - HQ_IMPORT_EXPORT,325376,1297,1310,-9999
03/01/2019 15:30,SCH - NE - NY,23318,-663.56,600,-900
03/01/2019 15:30,SCH - NPX_1385,325277,14,100,-100
03/01/2019 15:30,SCH - NPX_CSC,325154,0,330,-330
03/01/2019 15:30,SCH - OH - NY,23317,250.76,2050,-2000
03/01/2019 15:30,SCH - PJ - NY,23316,850.9,2000,-1300
03/01/2019 15:30,SCH - PJM_HTP,325905,75,660,-660
03/01/2019 15:30,SCH - PJM_NEPTUNE,325305,660,660,-660
03/01/2019 15:30,SCH - PJM_VFT,325658,315,315,-315
03/01/2019 15:30,SPR/DUN-SOUTH,23320,3241.96,4600,-9999
03/01/2019 15:30,TOTAL EAST,23314,4227.88,6800,-9999
03/01/2019 15:30,UPNY CONED,23315,3084.75,5700,-9999
03/01/2019 15:30,WEST CENTRAL,23312,735.09,9999,-9999
03/01/2019 15:35,CENTRAL EAST - VC,23330,2363.25,2790,-9999
03/01/2019 15:35,DYSINGER EAST,23326,1261.67,3150,-9999
03/01/2019 15:35,MOSES SOUTH,23319,2075.1,3150,-1600
03/01/2019 15:35,SCH - HQ - NY,23324,1452,1500,-1000
03/01/2019 15:35,SCH - HQ_CEDARS,325274,160,160,-100
03/01/2019 15:35,SCH - HQ_IMPORT_EXPORT,325376,1297,1310,-9999
03/01/2019 15:35,SCH - NE - NY,23318,-663.56,600,-900
03/01/2019 15:35,SCH - NPX_1385,325277,14,100,-100
03/01/2019 15:35,SCH - NPX_CSC,325154,0,330,-330
03/01/2019 15:35,SCH - OH - NY,23317,250.82,2050,-2000
03/01/2019 15:35,SCH - PJ - NY,23316,815.92,2000,-1300
03/01/2019 15:35,SCH - PJM_HTP,325905,75,660,-660
03/01/2019 15:35,SCH - PJM_NEPTUNE,325305,660,660,-660
03/01/2019 15:35,SCH - PJM_VFT,325658,315,315,-315
03/01/2019 15:35,SPR/DUN-SOUTH,23320,3197.41,4600,-9999
03/01/2019 15:35,TOTAL EAST,23314,4193.16,6800,-9999
03/01/2019 15:35,UPNY CONED,23315,3036.97,5700,-9999
03/01/2019 15:35,WEST CENTRAL,23312,730.31,9999,-9999
03/01/2019 15:40,CENTRAL EAST - VC,23330,2355,2730,-9999
03/01/2019 15:40,DYSINGER EAST,23326,1293.94,3150,-9999
03/01/2019 15:40,MOSES SOUTH,23319,2058.26,3150,-1600
03/01/2019 15:40,SCH - HQ - NY,23324,1452,1500,-1000
03/01/2019 15:40,SCH - HQ_CEDARS,325274,160,160,-100
03/01/2019 15:40,SCH - HQ_IMPORT_EXPORT,325376,1297,1310,-9999
03/01/2019 15:40,SCH - NE - NY,23318,-663.56,600,-900
03/01/2019 15:40,SCH - NPX_1385,325277,14,100,-100
03/01/2019 15:40,SCH - NPX_CSC,325154,0,330,-330
03/01/2019 15:40,SCH - OH - NY,23317,250.81,2050,-2000
03/01/2019 15:40,SCH - PJ - NY,23316,815.91,2000,-1300
03/01/2019 15:40,SCH - PJM_HTP,325905,75,660,-660
03/01/2019 15:40,SCH - PJM_NEPTUNE,325305,660,660,-660
03/01/2019 15:40,SCH - PJM_VFT,325658,315,315,-315
03/01/2019 15:40,SPR/DUN-SOUTH,23320,3142.93,4600,-9999
03/01/2019 15:40,TOTAL EAST,23314,4117.23,6800,-9999
03/01/2019 15:40,UPNY CONED,23315,2977.12,5700,-9999
03/01/2019 15:40,WEST CENTRAL,23312,761.95,9999,-9999
03/01/2019 15:45,CENTRAL EAST - VC,23330,2365.61,2730,-9999
03/01/2019 15:45,DYSINGER EAST,23326,1312.42,3150,-9999
03/01/2019 15:45,MOSES SOUTH,23319,2060.45,3150,-1600
03/01/2019 15:45,SCH - HQ - NY,23324,1452,1500,-1000
03/01/2019 15:45,SCH - HQ_CEDARS,325274,160,160,-100
03/01/2019 15:45,SCH - HQ_IMPORT_EXPORT,325376,1297,1310,-9999
03/01/2019 15:45,SCH - NE - NY,23318,-663.56,600,-900
03/01/2019 15:45,SCH - NPX_1385,325277,14,100,-100
03/01/2019 15:45,SCH - NPX_CSC,325154,0,330,-330
03/01/2019 15:45,SCH - OH - NY,23317,250.83,2050,-2000
03/01/2019 15:45,SCH - PJ - NY,23316,850.9,2000,-1300
03/01/2019 15:45,SCH - PJM_HTP,325905,75,660,-660
03/01/2019 15:45,SCH - PJM_NEPTUNE,325305,660,660,-660
03/01/2019 15:45,SCH - PJM_VFT,325658,315,315,-315
03/01/2019 15:45,SPR/DUN-SOUTH,23320,3162.99,4600,-9999
03/01/2019 15:45,TOTAL EAST,23314,4145.34,6800,-9999
03/01/2019 15:45,UPNY CONED,23315,2994.7,5700,-9999
03/01/2019 15:45,WEST CENTRAL,23312,780.02,9999,-9999
03/01/2019 15:50,CENTRAL EAST - VC,23330,2375.18,2730,-9999
03/01/2019 15:50,DYSINGER EAST,23326,1330.11,3150,-9999
03/01/2019 15:50,MOSES SOUTH,23319,2036.78,3150,-1600
03/01/2019 15:50,SCH - HQ - NY,23324,1452,1500,-1000
03/01/2019 15:50,SCH - HQ_CEDARS,325274,160,160,-100
03/01/2019 15:50,SCH - HQ_IMPORT_EXPORT,325376,1297,1310,-9999
03/01/2019 15:50,SCH - NE - NY,23318,-663.56,600,-900
03/01/2019 15:50,SCH - NPX_1385,325277,14,100,-100
03/01/2019 15:50,SCH - NPX_CSC,325154,0,330,-330
03/01/2019 15:50,SCH - OH - NY,23317,250.83,2050,-2000
03/01/2019 15:50,SCH - PJ - NY,23316,883.87,2000,-1300
03/01/2019 15:50,SCH - PJM_HTP,325905,75,660,-660
03/01/2019 15:50,SCH - PJM_NEPTUNE,325305,660,660,-660
03/01/2019 15:50,SCH - PJM_VFT,325658,315,315,-315
03/01/2019 15:50,SPR/DUN-SOUTH,23320,3179.07,4600,-9999
03/01/2019 15:50,TOTAL EAST,23314,4156.38,6800,-9999
03/01/2019 15:50,UPNY CONED,23315,3005.74,5700,-9999
03/01/2019 15:50,WEST CENTRAL,23312,798.3,9999,-9999
03/01/2019 15:55,CENTRAL EAST - VC,23330,2349.7,2730,-9999
03/01/2019 15:55,DYSINGER EAST,23326,1362.55,3150,-9999
03/01/2019 15:55,MOSES SOUTH,23319,2032.95,3150,-1600
03/01/2019 15:55,SCH - HQ - NY,23324,1452,1500,-1000
03/01/2019 15:55,SCH - HQ_CEDARS,325274,160,160,-100
03/01/2019 15:55,SCH - HQ_IMPORT_EXPORT,325376,1297,1310,-9999
03/01/2019 15:55,SCH - NE - NY,23318,-663.56,600,-900
03/01/2019 15:55,SCH - NPX_1385,325277,14,100,-100
03/01/2019 15:55,SCH - NPX_CSC,325154,0,330,-330
03/01/2019 15:55,SCH - OH - NY,23317,250.91,2050,-2000
03/01/2019 15:55,SCH - PJ - NY,23316,885.84,2000,-1300
03/01/2019 15:55,SCH - PJM_HTP,325905,75,660,-660
03/01/2019 15:55,SCH - PJM_NEPTUNE,325305,660,660,-660
03/01/2019 15:55,SCH - PJM_VFT,325658,315,315,-315
03/01/2019 15:55,SPR/DUN-SOUTH,23320,3116.34,4600,-9999
03/01/2019 15:55,TOTAL EAST,23314,4079.32,6800,-9999
03/01/2019 15:55,UPNY CONED,23315,2941.07,5700,-9999
03/01/2019 15:55,WEST CENTRAL,23312,830.04,9999,-9999
03/01/2019 16:00,CENTRAL EAST - VC,23330,2299.29,2730,-9999
03/01/2019 16:00,DYSINGER EAST,23326,1375.04,3150,-9999
03/01/2019 16:00,MOSES SOUTH,23319,2020.77,3150,-1600
03/01/2019 16:00,SCH - HQ - NY,23324,1452,1500,-1000
03/01/2019 16:00,SCH - HQ_CEDARS,325274,160,160,-100
03/01/2019 16:00,SCH - HQ_IMPORT_EXPORT,325376,1297,1310,-9999
03/01/2019 16:00,SCH - NE - NY,23318,-663.56,600,-900
03/01/2019 16:00,SCH - NPX_1385,325277,14,100,-100
03/01/2019 16:00,SCH - NPX_CSC,325154,0,330,-330
03/01/2019 16:00,SCH - OH - NY,23317,305.95,2050,-2000
03/01/2019 16:00,SCH - PJ - NY,23316,872.84,2000,-1300
03/01/2019 16:00,SCH - PJM_HTP,325905,75,660,-660
03/01/2019 16:00,SCH - PJM_NEPTUNE,325305,660,660,-660
03/01/2019 16:00,SCH - PJM_VFT,325658,315,315,-315
03/01/2019 16:00,SPR/DUN-SOUTH,23320,3085.2,4600,-9999
03/01/2019 16:00,TOTAL EAST,23314,4030.29,6800,-9999
03/01/2019 16:00,UPNY CONED,23315,2907.9,5700,-9999
03/01/2019 16:00,WEST CENTRAL,23312,843.2,9999,-9999
03/01/2019 16:05,CENTRAL EAST - VC,23330,2347.16,2730,-9999
03/01/2019 16:05,DYSINGER EAST,23326,1453.92,3150,-9999
03/01/2019 16:05,MOSES SOUTH,23319,2012.12,3150,-1600
03/01/2019 16:05,SCH - HQ - NY,23324,1452,1500,-1000
03/01/2019 16:05,SCH - HQ_CEDARS,325274,160,160,-100
03/01/2019 16:05,SCH - HQ_IMPORT_EXPORT,325376,1297,1310,-9999
03/01/2019 16:05,SCH - NE - NY,23318,-663.56,600,-900
03/01/2019 16:05,SCH - NPX_1385,325277,13,100,-100
03/01/2019 16:05,SCH - NPX_CSC,325154,0,330,-330
03/01/2019 16:05,SCH - OH - NY,23317,360.97,2050,-2000
03/01/2019 16:05,SCH - PJ - NY,23316,866.85,2000,-1300
03/01/2019 16:05,SCH - PJM_HTP,325905,75,660,-660
03/01/2019 16:05,SCH - PJM_NEPTUNE,325305,660,660,-660
03/01/2019 16:05,SCH - PJM_VFT,325658,315,315,-315
03/01/2019 16:05,SPR/DUN-SOUTH,23320,3125.92,4600,-9999
03/01/2019 16:05,TOTAL EAST,23314,4066.03,6800,-9999
03/01/2019 16:05,UPNY CONED,23315,2954.84,5700,-9999
03/01/2019 16:05,WEST CENTRAL,23312,918.99,9999,-9999
03/01/2019 16:10,CENTRAL EAST - VC,23330,2317.81,2730,-9999
03/01/2019 16:10,DYSINGER EAST,23326,1420.72,3150,-9999
03/01/2019 16:10,MOSES SOUTH,23319,2022.31,3150,-1600
03/01/2019 16:10,SCH - HQ - NY,23324,1452,1500,-1000
03/01/2019 16:10,SCH - HQ_CEDARS,325274,160,160,-100
03/01/2019 16:10,SCH - HQ_IMPORT_EXPORT,325376,1297,1310,-9999
03/01/2019 16:10,SCH - NE - NY,23318,-663.56,600,-900
03/01/2019 16:10,SCH - NPX_1385,325277,13,100,-100
03/01/2019 16:10,SCH - NPX_CSC,325154,0,330,-330
03/01/2019 16:10,SCH - OH - NY,23317,361.03,2050,-2000
03/01/2019 16:10,SCH - PJ - NY,23316,866.85,2000,-1300
03/01/2019 16:10,SCH - PJM_HTP,325905,75,660,-660
03/01/2019 16:10,SCH - PJM_NEPTUNE,325305,660,660,-660
03/01/2019 16:10,SCH - PJM_VFT,325658,315,315,-315
03/01/2019 16:10,SPR/DUN-SOUTH,23320,3114.58,4600,-9999
03/01/2019 16:10,TOTAL EAST,23314,4083.56,6800,-9999
03/01/2019 16:10,UPNY CONED,23315,2937.37,5700,-9999
03/01/2019 16:10,WEST CENTRAL,23312,886.68,9999,-9999
03/01/2019 16:15,CENTRAL EAST - VC,23330,2387.37,2730,-9999
03/01/2019 16:15,DYSINGER EAST,23326,1498.67,3150,-9999
03/01/2019 16:15,MOSES SOUTH,23319,2009.43,3150,-1600
03/01/2019 16:15,SCH - HQ - NY,23324,1452,1500,-1000
03/01/2019 16:15,SCH - HQ_CEDARS,325274,160,160,-100
03/01/2019 16:15,SCH - HQ_IMPORT_EXPORT,325376,1297,1310,-9999
03/01/2019 16:15,SCH - NE - NY,23318,-681.52,600,-900
03/01/2019 16:15,SCH - NPX_1385,325277,13,100,-100
03/01/2019 16:15,SCH - NPX_CSC,325154,0,330,-330
03/01/2019 16:15,SCH - OH - NY,23317,361.05,2050,-2000
03/01/2019 16:15,SCH - PJ - NY,23316,932.73,2000,-1300
03/01/2019 16:15,SCH - PJM_HTP,325905,75,660,-660
03/01/2019 16:15,SCH - PJM_NEPTUNE,325305,660,660,-660
03/01/2019 16:15,SCH - PJM_VFT,325658,315,315,-315
03/01/2019 16:15,SPR/DUN-SOUTH,23320,3154.54,4600,-9999
03/01/2019 16:15,TOTAL EAST,23314,4129.23,6800,-9999
03/01/2019 16:15,UPNY CONED,23315,2983.77,5700,-9999
03/01/2019 16:15,WEST CENTRAL,23312,962.4,9999,-9999
03/01/2019 16:20,CENTRAL EAST - VC,23330,2373.19,2730,-9999
03/01/2019 16:20,DYSINGER EAST,23326,1483.04,3150,-9999
03/01/2019 16:20,MOSES SOUTH,23319,2008.03,3150,-1600
03/01/2019 16:20,SCH - HQ - NY,23324,1452,1500,-1000
03/01/2019 16:20,SCH - HQ_CEDARS,325274,160,160,-100
03/01/2019 16:20,SCH - HQ_IMPORT_EXPORT,325376,1297,1310,-9999
03/01/2019 16:20,SCH - NE - NY,23318,-699.5,600,-900
03/01/2019 16:20,SCH - NPX_1385,325277,13,100,-100
03/01/2019 16:20,SCH - NPX_CSC,325154,0,330,-330
03/01/2019 16:20,SCH - OH - NY,23317,361.09,2050,-2000
03/01/2019 16:20,SCH - PJ - NY,23316,998.65,2000,-1300
03/01/2019 16:20,SCH - PJM_HTP,325905,75,660,-660
03/01/2019 16:20,SCH - PJM_NEPTUNE,325305,660,660,-660
03/01/2019 16:20,SCH - PJM_VFT,325658,315,315,-315
03/01/2019 16:20,SPR/DUN-SOUTH,23320,3120.42,4600,-9999
03/01/2019 16:20,TOTAL EAST,23314,4155.13,6800,-9999
03/01/2019 16:20,UPNY CONED,23315,2957.96,5700,-9999
03/01/2019 16:20,WEST CENTRAL,23312,944.25,9999,-9999
03/01/2019 16:25,CENTRAL EAST - VC,23330,2373.19,2730,-9999
03/01/2019 16:25,DYSINGER EAST,23326,1490.82,3150,-9999
03/01/2019 16:25,MOSES SOUTH,23319,1975.83,3150,-1600
03/01/2019 16:25,SCH - HQ - NY,23324,1452,1500,-1000
03/01/2019 16:25,SCH - HQ_CEDARS,325274,160,160,-100
03/01/2019 16:25,SCH - HQ_IMPORT_EXPORT,325376,1297,1310,-9999
03/01/2019 16:25,SCH - NE - NY,23318,-699.51,600,-900
03/01/2019 16:25,SCH - NPX_1385,325277,13,100,-100
03/01/2019 16:25,SCH - NPX_CSC,325154,0,330,-330
03/01/2019 16:25,SCH - OH - NY,23317,361.08,2050,-2000
03/01/2019 16:25,SCH - PJ - NY,23316,1000.64,2000,-1300
03/01/2019 16:25,SCH - PJM_HTP,325905,75,660,-660
03/01/2019 16:25,SCH - PJM_NEPTUNE,325305,660,660,-660
03/01/2019 16:25,SCH - PJM_VFT,325658,315,315,-315
03/01/2019 16:25,SPR/DUN-SOUTH,23320,3127.04,4600,-9999
03/01/2019 16:25,TOTAL EAST,23314,4131.53,6800,-9999
03/01/2019 16:25,UPNY CONED,23315,2972.59,5700,-9999
03/01/2019 16:25,WEST CENTRAL,23312,952.76,9999,-9999
03/01/2019 16:30,CENTRAL EAST - VC,23330,2369.04,2730,-9999
03/01/2019 16:30,DYSINGER EAST,23326,1539.03,3150,-9999
03/01/2019 16:30,MOSES SOUTH,23319,1956.3,3150,-1600
03/01/2019 16:30,SCH - HQ - NY,23324,1452,1500,-1000
03/01/2019 16:30,SCH - HQ_CEDARS,325274,160,160,-100
03/01/2019 16:30,SCH - HQ_IMPORT_EXPORT,325376,1297,1310,-9999
03/01/2019 16:30,SCH - NE - NY,23318,-699.5,600,-900
03/01/2019 16:30,SCH - NPX_1385,325277,13,100,-100
03/01/2019 16:30,SCH - NPX_CSC,325154,0,330,-330
03/01/2019 16:30,SCH - OH - NY,23317,361.19,2050,-2000
03/01/2019 16:30,SCH - PJ - NY,23316,1003.58,2000,-1300
03/01/2019 16:30,SCH - PJM_HTP,325905,75,660,-660
03/01/2019 16:30,SCH - PJM_NEPTUNE,325305,660,660,-660
03/01/2019 16:30,SCH - PJM_VFT,325658,315,315,-315
03/01/2019 16:30,SPR/DUN-SOUTH,23320,3113.28,4600,-9999
03/01/2019 16:30,TOTAL EAST,23314,4116.83,6800,-9999
03/01/2019 16:30,UPNY CONED,23315,2951.27,5700,-9999
03/01/2019 16:30,WEST CENTRAL,23312,997.54,9999,-9999
03/01/2019 16:35,CENTRAL EAST - VC,23330,2358.26,2730,-9999
03/01/2019 16:35,DYSINGER EAST,23326,1529.56,3150,-9999
03/01/2019 16:35,MOSES SOUTH,23319,1954.21,3150,-1600
03/01/2019 16:35,SCH - HQ - NY,23324,1452,1500,-1000
03/01/2019 16:35,SCH - HQ_CEDARS,325274,160,160,-100
03/01/2019 16:35,SCH - HQ_IMPORT_EXPORT,325376,1297,1310,-9999
03/01/2019 16:35,SCH - NE - NY,23318,-699.5,600,-900
03/01/2019 16:35,SCH - NPX_1385,325277,13,100,-100
03/01/2019 16:35,SCH - NPX_CSC,325154,0,330,-330
03/01/2019 16:35,SCH - OH - NY,23317,361.18,2050,-2000
03/01/2019 16:35,SCH - PJ - NY,23316,1006.59,2000,-1300
03/01/2019 16:35,SCH - PJM_HTP,325905,75,660,-660
03/01/2019 16:35,SCH - PJM_NEPTUNE,325305,660,660,-660
03/01/2019 16:35,SCH - PJM_VFT,325658,315,315,-315
03/01/2019 16:35,SPR/DUN-SOUTH,23320,3093.53,4600,-9999
03/01/2019 16:35,TOTAL EAST,23314,4119.57,6800,-9999
03/01/2019 16:35,UPNY CONED,23315,2935.47,5700,-9999
03/01/2019 16:35,WEST CENTRAL,23312,984.34,9999,-9999
03/01/2019 16:40,CENTRAL EAST - VC,23330,2354.83,2730,-9999
03/01/2019 16:40,DYSINGER EAST,23326,1512.89,3150,-9999
03/01/2019 16:40,MOSES SOUTH,23319,1932.57,3150,-1600
03/01/2019 16:40,SCH - HQ - NY,23324,1452,1500,-1000
03/01/2019 16:40,SCH - HQ_CEDARS,325274,160,160,-100
03/01/2019 16:40,SCH - HQ_IMPORT_EXPORT,325376,1297,1310,-9999
03/01/2019 16:40,SCH - NE - NY,23318,-699.49,600,-900
03/01/2019 16:40,SCH - NPX_1385,325277,13,100,-100
03/01/2019 16:40,SCH - NPX_CSC,325154,0,330,-330
03/01/2019 16:40,SCH - OH - NY,23317,361.05,2050,-2000
03/01/2019 16:40,SCH - PJ - NY,23316,1008.63,2000,-1300
03/01/2019 16:40,SCH - PJM_HTP,325905,75,660,-660
03/01/2019 16:40,SCH - PJM_NEPTUNE,325305,660,660,-660
03/01/2019 16:40,SCH - PJM_VFT,325658,315,315,-315
03/01/2019 16:40,SPR/DUN-SOUTH,23320,3102.76,4600,-9999
03/01/2019 16:40,TOTAL EAST,23314,4122.51,6800,-9999
03/01/2019 16:40,UPNY CONED,23315,2941.21,5700,-9999
03/01/2019 16:40,WEST CENTRAL,23312,965.12,9999,-9999
03/01/2019 16:45,CENTRAL EAST - VC,23330,2357.63,2730,-9999
03/01/2019 16:45,DYSINGER EAST,23326,1606.62,3150,-9999
03/01/2019 16:45,MOSES SOUTH,23319,1881.44,3150,-1600
03/01/2019 16:45,SCH - HQ - NY,23324,1452,1500,-1000
03/01/2019 16:45,SCH - HQ_CEDARS,325274,160,160,-100
03/01/2019 16:45,SCH - HQ_IMPORT_EXPORT,325376,1297,1310,-9999
03/01/2019 16:45,SCH - NE - NY,23318,-699.49,600,-900
03/01/2019 16:45,SCH - NPX_1385,325277,13,100,-100
03/01/2019 16:45,SCH - NPX_CSC,325154,0,330,-330
03/01/2019 16:45,SCH - OH - NY,23317,361.16,2050,-2000
03/01/2019 16:45,SCH - PJ - NY,23316,1004.74,2000,-1300
03/01/2019 16:45,SCH - PJM_HTP,325905,75,660,-660
03/01/2019 16:45,SCH - PJM_NEPTUNE,325305,660,660,-660
03/01/2019 16:45,SCH - PJM_VFT,325658,315,315,-315
03/01/2019 16:45,SPR/DUN-SOUTH,23320,3091.7,4600,-9999
03/01/2019 16:45,TOTAL EAST,23314,4146.35,6800,-9999
03/01/2019 16:45,UPNY CONED,23315,2927.24,5700,-9999
03/01/2019 16:45,WEST CENTRAL,23312,1051.76,9999,-9999
03/01/2019 16:50,CENTRAL EAST - VC,23330,2365.73,2730,-9999
03/01/2019 16:50,DYSINGER EAST,23326,1614.25,3150,-9999
03/01/2019 16:50,MOSES SOUTH,23319,1895.36,3150,-1600
03/01/2019 16:50,SCH - HQ - NY,23324,1452,1500,-1000
03/01/2019 16:50,SCH - HQ_CEDARS,325274,160,160,-100
03/01/2019 16:50,SCH - HQ_IMPORT_EXPORT,325376,1297,1310,-9999
03/01/2019 16:50,SCH - NE - NY,23318,-699.48,600,-900
03/01/2019 16:50,SCH - NPX_1385,325277,13,100,-100
03/01/2019 16:50,SCH - NPX_CSC,325154,0,330,-330
03/01/2019 16:50,SCH - OH - NY,23317,361.16,2050,-2000
03/01/2019 16:50,SCH - PJ - NY,23316,1005.64,2000,-1300
03/01/2019 16:50,SCH - PJM_HTP,325905,75,660,-660
03/01/2019 16:50,SCH - PJM_NEPTUNE,325305,660,660,-660
03/01/2019 16:50,SCH - PJM_VFT,325658,315,315,-315
03/01/2019 16:50,SPR/DUN-SOUTH,23320,3080.75,4600,-9999
03/01/2019 16:50,TOTAL EAST,23314,4121.39,6800,-9999
03/01/2019 16:50,UPNY CONED,23315,2913.51,5700,-9999
03/01/2019 16:50,WEST CENTRAL,23312,1054.95,9999,-9999
03/01/2019 16:55,CENTRAL EAST - VC,23330,2347.31,2730,-9999
03/01/2019 16:55,DYSINGER EAST,23326,1552.07,3150,-9999
03/01/2019 16:55,MOSES SOUTH,23319,1903.39,3150,-1600
03/01/2019 16:55,SCH - HQ - NY,23324,1452,1500,-1000
03/01/2019 16:55,SCH - HQ_CEDARS,325274,160,160,-100
03/01/2019 16:55,SCH - HQ_IMPORT_EXPORT,325376,1297,1310,-9999
03/01/2019 16:55,SCH - NE - NY,23318,-699.48,600,-900
03/01/2019 16:55,SCH - NPX_1385,325277,13,100,-100
03/01/2019 16:55,SCH - NPX_CSC,325154,0,330,-330
03/01/2019 16:55,SCH - OH - NY,23317,361.05,2050,-2000
03/01/2019 16:55,SCH - PJ - NY,23316,1012.55,2000,-1300
03/01/2019 16:55,SCH - PJM_HTP,325905,75,660,-660
03/01/2019 16:55,SCH - PJM_NEPTUNE,325305,660,660,-660
03/01/2019 16:55,SCH - PJM_VFT,325658,315,315,-315
03/01/2019 16:55,SPR/DUN-SOUTH,23320,3076.89,4600,-9999
03/01/2019 16:55,TOTAL EAST,23314,4085.21,6800,-9999
03/01/2019 16:55,UPNY CONED,23315,2900.76,5700,-9999
03/01/2019 16:55,WEST CENTRAL,23312,994.87,9999,-9999
03/01/2019 17:00,CENTRAL EAST - VC,23330,2352.86,2730,-9999
03/01/2019 17:00,DYSINGER EAST,23326,1501.77,3150,-9999
03/01/2019 17:00,MOSES SOUTH,23319,1899.29,3150,-1600
03/01/2019 17:00,SCH - HQ - NY,23324,1446,1500,-1000
03/01/2019 17:00,SCH - HQ_CEDARS,325274,160,160,-100
03/01/2019 17:00,SCH - HQ_IMPORT_EXPORT,325376,1291,1310,-9999
03/01/2019 17:00,SCH - NE - NY,23318,-699.49,600,-900
03/01/2019 17:00,SCH - NPX_1385,325277,-44,100,-100
03/01/2019 17:00,SCH - NPX_CSC,325154,0,330,-330
03/01/2019 17:00,SCH - OH - NY,23317,360.99,2050,-2000
03/01/2019 17:00,SCH - PJ - NY,23316,904.72,2000,-1300
03/01/2019 17:00,SCH - PJM_HTP,325905,75,660,-660
03/01/2019 17:00,SCH - PJM_NEPTUNE,325305,660,660,-660
03/01/2019 17:00,SCH - PJM_VFT,325658,315,315,-315
03/01/2019 17:00,SPR/DUN-SOUTH,23320,3058.33,4600,-9999
03/01/2019 17:00,TOTAL EAST,23314,4060.73,6800,-9999
03/01/2019 17:00,UPNY CONED,23315,2874.26,5700,-9999
03/01/2019 17:00,WEST CENTRAL,23312,947.13,9999,-9999
03/01/2019 17:05,CENTRAL EAST - VC,23330,2364.49,2730,-9999
03/01/2019 17:05,DYSINGER EAST,23326,1578.28,3150,-9999
03/01/2019 17:05,MOSES SOUTH,23319,1880.22,3150,-1600
03/01/2019 17:05,SCH - HQ - NY,23324,1440,1500,-1000
03/01/2019 17:05,SCH - HQ_CEDARS,325274,160,160,-100
03/01/2019 17:05,SCH - HQ_IMPORT_EXPORT,325376,1285,1310,-9999
03/01/2019 17:05,SCH - NE - NY,23318,-699.49,600,-900
03/01/2019 17:05,SCH - NPX_1385,325277,-100,100,-100
03/01/2019 17:05,SCH - NPX_CSC,325154,0,330,-330
03/01/2019 17:05,SCH - OH - NY,23317,361.12,2050,-2000
03/01/2019 17:05,SCH - PJ - NY,23316,796.8,2000,-1300
03/01/2019 17:05,SCH - PJM_HTP,325905,75,660,-660
03/01/2019 17:05,SCH - PJM_NEPTUNE,325305,660,660,-660
03/01/2019 17:05,SCH - PJM_VFT,325658,315,315,-315
03/01/2019 17:05,SPR/DUN-SOUTH,23320,2993.42,4600,-9999
03/01/2019 17:05,TOTAL EAST,23314,4042.93,6800,-9999
03/01/2019 17:05,UPNY CONED,23315,2858.09,5700,-9999
03/01/2019 17:05,WEST CENTRAL,23312,1021.17,9999,-9999
03/01/2019 17:10,CENTRAL EAST - VC,23330,2376.36,2730,-9999
03/01/2019 17:10,DYSINGER EAST,23326,1593.33,3150,-9999
03/01/2019 17:10,MOSES SOUTH,23319,1876.42,3150,-1600
03/01/2019 17:10,SCH - HQ - NY,23324,1440,1500,-1000
03/01/2019 17:10,SCH - HQ_CEDARS,325274,160,160,-100
03/01/2019 17:10,SCH - HQ_IMPORT_EXPORT,325376,1285,1310,-9999
03/01/2019 17:10,SCH - NE - NY,23318,-699.49,600,-900
03/01/2019 17:10,SCH - NPX_1385,325277,-100,100,-100
03/01/2019 17:10,SCH - NPX_CSC,325154,0,330,-330
03/01/2019 17:10,SCH - OH - NY,23317,361.04,2050,-2000
03/01/2019 17:10,SCH - PJ - NY,23316,799.84,2000,-1300
03/01/2019 17:10,SCH - PJM_HTP,325905,75,660,-660
03/01/2019 17:10,SCH - PJM_NEPTUNE,325305,660,660,-660
03/01/2019 17:10,SCH - PJM_VFT,325658,315,315,-315
03/01/2019 17:10,SPR/DUN-SOUTH,23320,3004.9,4600,-9999
03/01/2019 17:10,TOTAL EAST,23314,4032.47,6800,-9999
03/01/2019 17:10,UPNY CONED,23315,2881.49,5700,-9999
03/01/2019 17:10,WEST CENTRAL,23312,1032.65,9999,-9999
03/01/2019 17:15,CENTRAL EAST - VC,23330,2410.58,2730,-9999
03/01/2019 17:15,DYSINGER EAST,23326,1633.65,3150,-9999
03/01/2019 17:15,MOSES SOUTH,23319,1887.03,3150,-1600
03/01/2019 17:15,SCH - HQ - NY,23324,1440,1500,-1000
03/01/2019 17:15,SCH - HQ_CEDARS,325274,160,160,-100
03/01/2019 17:15,SCH - HQ_IMPORT_EXPORT,325376,1285,1310,-9999
03/01/2019 17:15,SCH - NE - NY,23318,-699.6,600,-900
03/01/2019 17:15,SCH - NPX_1385,325277,-100,100,-100
03/01/2019 17:15,SCH - NPX_CSC,325154,0,330,-330
03/01/2019 17:15,SCH - OH - NY,23317,361.11,2050,-2000
03/01/2019 17:15,SCH - PJ - NY,23316,781.9,2000,-1300
03/01/2019 17:15,SCH - PJM_HTP,325905,75,660,-660
03/01/2019 17:15,SCH - PJM_NEPTUNE,325305,660,660,-660
03/01/2019 17:15,SCH - PJM_VFT,325658,315,315,-315
03/01/2019 17:15,SPR/DUN-SOUTH,23320,2997.68,4600,-9999
03/01/2019 17:15,TOTAL EAST,23314,3972.9,6800,-9999
03/01/2019 17:15,UPNY CONED,23315,2838.6,5700,-9999
03/01/2019 17:15,WEST CENTRAL,23312,1069.46,9999,-9999
03/01/2019 17:20,CENTRAL EAST - VC,23330,2438.7,2730,-9999
03/01/2019 17:20,DYSINGER EAST,23326,1713.93,3150,-9999
03/01/2019 17:20,MOSES SOUTH,23319,1882.14,3150,-1600
03/01/2019 17:20,SCH - HQ - NY,23324,1440,1500,-1000
03/01/2019 17:20,SCH - HQ_CEDARS,325274,160,160,-100
03/01/2019 17:20,SCH - HQ_IMPORT_EXPORT,325376,1285,1310,-9999
03/01/2019 17:20,SCH - NE - NY,23318,-699.61,600,-900
03/01/2019 17:20,SCH - NPX_1385,325277,-100,100,-100
03/01/2019 17:20,SCH - NPX_CSC,325154,0,330,-330
03/01/2019 17:20,SCH - OH - NY,23317,361.21,2050,-2000
03/01/2019 17:20,SCH - PJ - NY,23316,755.01,2000,-1300
03/01/2019 17:20,SCH - PJM_HTP,325905,75,660,-660
03/01/2019 17:20,SCH - PJM_NEPTUNE,325305,660,660,-660
03/01/2019 17:20,SCH - PJM_VFT,325658,315,315,-315
03/01/2019 17:20,SPR/DUN-SOUTH,23320,3014.14,4600,-9999
03/01/2019 17:20,TOTAL EAST,23314,4007.16,6800,-9999
03/01/2019 17:20,UPNY CONED,23315,2874.16,5700,-9999
03/01/2019 17:20,WEST CENTRAL,23312,1142.74,9999,-9999
03/01/2019 17:25,CENTRAL EAST - VC,23330,2412.81,2730,-9999
03/01/2019 17:25,DYSINGER EAST,23326,1653.43,3150,-9999
03/01/2019 17:25,MOSES SOUTH,23319,1875.16,3150,-1600
03/01/2019 17:25,SCH - HQ - NY,23324,1440,1500,-1000
03/01/2019 17:25,SCH - HQ_CEDARS,325274,160,160,-100
03/01/2019 17:25,SCH - HQ_IMPORT_EXPORT,325376,1285,1310,-9999
03/01/2019 17:25,SCH - NE - NY,23318,-699.61,600,-900
03/01/2019 17:25,SCH - NPX_1385,325277,-100,100,-100
03/01/2019 17:25,SCH - NPX_CSC,325154,0,330,-330
03/01/2019 17:25,SCH - OH - NY,23317,361.09,2050,-2000
03/01/2019 17:25,SCH - PJ - NY,23316,758.05,2000,-1300
03/01/2019 17:25,SCH - PJM_HTP,325905,75,660,-660
03/01/2019 17:25,SCH - PJM_NEPTUNE,325305,660,660,-660
03/01/2019 17:25,SCH - PJM_VFT,325658,315,315,-315
03/01/2019 17:25,SPR/DUN-SOUTH,23320,3026.97,4600,-9999
03/01/2019 17:25,TOTAL EAST,23314,3995.16,6800,-9999
03/01/2019 17:25,UPNY CONED,23315,2898.58,5700,-9999
03/01/2019 17:25,WEST CENTRAL,23312,1080.4,9999,-9999
03/01/2019 17:30,CENTRAL EAST - VC,23330,2387.06,2730,-9999
03/01/2019 17:30,DYSINGER EAST,23326,1616.84,3150,-9999
03/01/2019 17:30,MOSES SOUTH,23319,1868.62,3150,-1600
03/01/2019 17:30,SCH - HQ - NY,23324,1440,1500,-1000
03/01/2019 17:30,SCH - HQ_CEDARS,325274,160,160,-100
03/01/2019 17:30,SCH - HQ_IMPORT_EXPORT,325376,1285,1310,-9999
03/01/2019 17:30,SCH - NE - NY,23318,-699.61,600,-900
03/01/2019 17:30,SCH - NPX_1385,325277,-100,100,-100
03/01/2019 17:30,SCH - NPX_CSC,325154,0,330,-330
03/01/2019 17:30,SCH - OH - NY,23317,361.12,2050,-2000
03/01/2019 17:30,SCH - PJ - NY,23316,790.97,2000,-1300
03/01/2019 17:30,SCH - PJM_HTP,325905,75,660,-660
03/01/2019 17:30,SCH - PJM_NEPTUNE,325305,660,660,-660
03/01/2019 17:30,SCH - PJM_VFT,325658,315,315,-315
03/01/2019 17:30,SPR/DUN-SOUTH,23320,3008.58,4600,-9999
03/01/2019 17:30,TOTAL EAST,23314,3971.96,6800,-9999
03/01/2019 17:30,UPNY CONED,23315,2848.82,5700,-9999
03/01/2019 17:30,WEST CENTRAL,23312,1041.15,9999,-9999
03/01/2019 17:35,CENTRAL EAST - VC,23330,2443.55,2730,-9999
03/01/2019 17:35,DYSINGER EAST,23326,1749.6,3150,-9999
03/01/2019 17:35,MOSES SOUTH,23319,1880.03,3150,-1600
03/01/2019 17:35,SCH - HQ - NY,23324,1440,1500,-1000
03/01/2019 17:35,SCH - HQ_CEDARS,325274,160,160,-100
03/01/2019 17:35,SCH - HQ_IMPORT_EXPORT,325376,1285,1310,-9999
03/01/2019 17:35,SCH - NE - NY,23318,-699.62,600,-900
03/01/2019 17:35,SCH - NPX_1385,325277,-100,100,-100
03/01/2019 17:35,SCH - NPX_CSC,325154,0,330,-330
03/01/2019 17:35,SCH - OH - NY,23317,361.12,2050,-2000
03/01/2019 17:35,SCH - PJ - NY,23316,827.18,2000,-1300
03/01/2019 17:35,SCH - PJM_HTP,325905,75,660,-660
03/01/2019 17:35,SCH - PJM_NEPTUNE,325305,660,660,-660
03/01/2019 17:35,SCH - PJM_VFT,325658,315,315,-315
03/01/2019 17:35,SPR/DUN-SOUTH,23320,2952.76,4600,-9999
03/01/2019 17:35,TOTAL EAST,23314,4118.95,6800,-9999
03/01/2019 17:35,UPNY CONED,23315,2827.79,5700,-9999
03/01/2019 17:35,WEST CENTRAL,23312,1159.97,9999,-9999
03/01/2019 17:40,CENTRAL EAST - VC,23330,2455.89,2730,-9999
03/01/2019 17:40,DYSINGER EAST,23326,1782.54,3150,-9999
03/01/2019 17:40,MOSES SOUTH,23319,1864.24,3150,-1600
03/01/2019 17:40,SCH - HQ - NY,23324,1440,1500,-1000
03/01/2019 17:40,SCH - HQ_CEDARS,325274,160,160,-100
03/01/2019 17:40,SCH - HQ_IMPORT_EXPORT,325376,1285,1310,-9999
03/01/2019 17:40,SCH - NE - NY,23318,-699.62,600,-900
03/01/2019 17:40,SCH - NPX_1385,325277,-100,100,-100
03/01/2019 17:40,SCH - NPX_CSC,325154,0,330,-330
03/01/2019 17:40,SCH - OH - NY,23317,361.08,2050,-2000
03/01/2019 17:40,SCH - PJ - NY,23316,826.25,2000,-1300
03/01/2019 17:40,SCH - PJM_HTP,325905,75,660,-660
03/01/2019 17:40,SCH - PJM_NEPTUNE,325305,660,660,-660
03/01/2019 17:40,SCH - PJM_VFT,325658,315,315,-315
03/01/2019 17:40,SPR/DUN-SOUTH,23320,2937.23,4600,-9999
03/01/2019 17:40,TOTAL EAST,23314,4114.91,6800,-9999
03/01/2019 17:40,UPNY CONED,23315,2831.56,5700,-9999
03/01/2019 17:40,WEST CENTRAL,23312,1181.69,9999,-9999
03/01/2019 17:45,CENTRAL EAST - VC,23330,2469.64,2730,-9999
03/01/2019 17:45,DYSINGER EAST,23326,1789.57,3150,-9999
03/01/2019 17:45,MOSES SOUTH,23319,1851.42,3150,-1600
03/01/2019 17:45,SCH - HQ - NY,23324,1440,1500,-1000
03/01/2019 17:45,SCH - HQ_CEDARS,325274,160,160,-100
03/01/2019 17:45,SCH - HQ_IMPORT_EXPORT,325376,1285,1310,-9999
03/01/2019 17:45,SCH - NE - NY,23318,-699.62,600,-900
03/01/2019 17:45,SCH - NPX_1385,325277,-100,100,-100
03/01/2019 17:45,SCH - NPX_CSC,325154,0,330,-330
03/01/2019 17:45,SCH - OH - NY,23317,361.14,2050,-2000
03/01/2019 17:45,SCH - PJ - NY,23316,824.25,2000,-1300
03/01/2019 17:45,SCH - PJM_HTP,325905,75,660,-660
03/01/2019 17:45,SCH - PJM_NEPTUNE,325305,660,660,-660
03/01/2019 17:45,SCH - PJM_VFT,325658,315,315,-315
03/01/2019 17:45,SPR/DUN-SOUTH,23320,2940.11,4600,-9999
03/01/2019 17:45,TOTAL EAST,23314,4134.84,6800,-9999
03/01/2019 17:45,UPNY CONED,23315,2804.71,5700,-9999
03/01/2019 17:45,WEST CENTRAL,23312,1182.84,9999,-9999
03/01/2019 17:50,CENTRAL EAST - VC,23330,2457.3,2730,-9999
03/01/2019 17:50,DYSINGER EAST,23326,1774.03,3150,-9999
03/01/2019 17:50,MOSES SOUTH,23319,1863.54,3150,-1600
03/01/2019 17:50,SCH - HQ - NY,23324,1440,1500,-1000
03/01/2019 17:50,SCH - HQ_CEDARS,325274,160,160,-100
03/01/2019 17:50,SCH - HQ_IMPORT_EXPORT,325376,1285,1310,-9999
03/01/2019 17:50,SCH - NE - NY,23318,-699.62,600,-900
03/01/2019 17:50,SCH - NPX_1385,325277,-100,100,-100
03/01/2019 17:50,SCH - NPX_CSC,325154,0,330,-330
03/01/2019 17:50,SCH - OH - NY,23317,361.15,2050,-2000
03/01/2019 17:50,SCH - PJ - NY,23316,827.18,2000,-1300
03/01/2019 17:50,SCH - PJM_HTP,325905,75,660,-660
03/01/2019 17:50,SCH - PJM_NEPTUNE,325305,660,660,-660
03/01/2019 17:50,SCH - PJM_VFT,325658,315,315,-315
03/01/2019 17:50,SPR/DUN-SOUTH,23320,2907.38,4600,-9999
03/01/2019 17:50,TOTAL EAST,23314,4125.79,6800,-9999
03/01/2019 17:50,UPNY CONED,23315,2794.96,5700,-9999
03/01/2019 17:50,WEST CENTRAL,23312,1162.06,9999,-9999
03/01/2019 17:55,CENTRAL EAST - VC,23330,2435.59,2730,-9999
03/01/2019 17:55,DYSINGER EAST,23326,1757.85,3150,-9999
03/01/2019 17:55,MOSES SOUTH,23319,1852.79,3150,-1600
03/01/2019 17:55,SCH - HQ - NY,23324,1440,1500,-1000
03/01/2019 17:55,SCH - HQ_CEDARS,325274,160,160,-100
03/01/2019 17:55,SCH - HQ_IMPORT_EXPORT,325376,1285,1310,-9999
03/01/2019 17:55,SCH - NE - NY,23318,-699.62,600,-900
03/01/2019 17:55,SCH - NPX_1385,325277,-100,100,-100
03/01/2019 17:55,SCH - NPX_CSC,325154,0,330,-330
03/01/2019 17:55,SCH - OH - NY,23317,361.16,2050,-2000
03/01/2019 17:55,SCH - PJ - NY,23316,826.16,2000,-1300
03/01/2019 17:55,SCH - PJM_HTP,325905,75,660,-660
03/01/2019 17:55,SCH - PJM_NEPTUNE,325305,660,660,-660
03/01/2019 17:55,SCH - PJM_VFT,325658,315,315,-315
03/01/2019 17:55,SPR/DUN-SOUTH,23320,2864.34,4600,-9999
03/01/2019 17:55,TOTAL EAST,23314,4115.04,6800,-9999
03/01/2019 17:55,UPNY CONED,23315,2796.61,5700,-9999
03/01/2019 17:55,WEST CENTRAL,23312,1140.38,9999,-9999
03/01/2019 18:00,CENTRAL EAST - VC,23330,2527.21,2730,-9999
03/01/2019 18:00,DYSINGER EAST,23326,1860.41,3150,-9999
03/01/2019 18:00,MOSES SOUTH,23319,1877.67,3150,-1600
03/01/2019 18:00,SCH - HQ - NY,23324,1452,1500,-1000
03/01/2019 18:00,SCH - HQ_CEDARS,325274,160,160,-100
03/01/2019 18:00,SCH - HQ_IMPORT_EXPORT,325376,1297,1310,-9999
03/01/2019 18:00,SCH - NE - NY,23318,-699.63,600,-900
03/01/2019 18:00,SCH - NPX_1385,325277,-100,100,-100
03/01/2019 18:00,SCH - NPX_CSC,325154,0,330,-330
03/01/2019 18:00,SCH - OH - NY,23317,523.09,2050,-2000
03/01/2019 18:00,SCH - PJ - NY,23316,717.36,2000,-1300
03/01/2019 18:00,SCH - PJM_HTP,325905,75,660,-660
03/01/2019 18:00,SCH - PJM_NEPTUNE,325305,660,660,-660
03/01/2019 18:00,SCH - PJM_VFT,325658,315,315,-315
03/01/2019 18:00,SPR/DUN-SOUTH,23320,2905.33,4600,-9999
03/01/2019 18:00,TOTAL EAST,23314,4181.9,6800,-9999
03/01/2019 18:00,UPNY CONED,23315,2841.67,5700,-9999
03/01/2019 18:00,WEST CENTRAL,23312,1230.91,9999,-9999
03/01/2019 18:05,CENTRAL EAST - VC,23330,2515.39,2730,-9999
03/01/2019 18:05,DYSINGER EAST,23326,1884.06,3150,-9999
03/01/2019 18:05,MOSES SOUTH,23319,1885.48,3150,-1600
03/01/2019 18:05,SCH - HQ - NY,23324,1465,1500,-1000
03/01/2019 18:05,SCH - HQ_CEDARS,325274,160,160,-100
03/01/2019 18:05,SCH - HQ_IMPORT_EXPORT,325376,1310,1310,-9999
03/01/2019 18:05,SCH - NE - NY,23318,-699.62,600,-900
03/01/2019 18:05,SCH - NPX_1385,325277,-100,100,-100
03/01/2019 18:05,SCH - NPX_CSC,325154,0,330,-330
03/01/2019 18:05,SCH - OH - NY,23317,684.74,2050,-2000
03/01/2019 18:05,SCH - PJ - NY,23316,608.88,2000,-1300
03/01/2019 18:05,SCH - PJM_HTP,325905,75,660,-660
03/01/2019 18:05,SCH - PJM_NEPTUNE,325305,660,660,-660
03/01/2019 18:05,SCH - PJM_VFT,325658,315,315,-315
03/01/2019 18:05,SPR/DUN-SOUTH,23320,2858.99,4600,-9999
03/01/2019 18:05,TOTAL EAST,23314,4172.57,6800,-9999
03/01/2019 18:05,UPNY CONED,23315,2798.12,5700,-9999
03/01/2019 18:05,WEST CENTRAL,23312,1243.77,9999,-9999
03/01/2019 18:10,CENTRAL EAST - VC,23330,2517.44,2730,-9999
03/01/2019 18:10,DYSINGER EAST,23326,1868.01,3150,-9999
03/01/2019 18:10,MOSES SOUTH,23319,1894.59,3150,-1600
03/01/2019 18:10,SCH - HQ - NY,23324,1465,1500,-1000
03/01/2019 18:10,SCH - HQ_CEDARS,325274,160,160,-100
03/01/2019 18:10,SCH - HQ_IMPORT_EXPORT,325376,1310,1310,-9999
03/01/2019 18:10,SCH - NE - NY,23318,-699.62,600,-900
03/01/2019 18:10,SCH - NPX_1385,325277,-100,100,-100
03/01/2019 18:10,SCH - NPX_CSC,325154,0,330,-330
03/01/2019 18:10,SCH - OH - NY,23317,683.6,2050,-2000
03/01/2019 18:10,SCH - PJ - NY,23316,611.85,2000,-1300
03/01/2019 18:10,SCH - PJM_HTP,325905,75,660,-660
03/01/2019 18:10,SCH - PJM_NEPTUNE,325305,660,660,-660
03/01/2019 18:10,SCH - PJM_VFT,325658,315,315,-315
03/01/2019 18:10,SPR/DUN-SOUTH,23320,2852.8,4600,-9999
03/01/2019 18:10,TOTAL EAST,23314,4123.82,6800,-9999
03/01/2019 18:10,UPNY CONED,23315,2788.47,5700,-9999
03/01/2019 18:10,WEST CENTRAL,23312,1221.55,9999,-9999
03/01/2019 18:15,CENTRAL EAST - VC,23330,2550.69,2730,-9999
03/01/2019 18:15,DYSINGER EAST,23326,1865.11,3150,-9999
03/01/2019 18:15,MOSES SOUTH,23319,1924.28,3150,-1600
03/01/2019 18:15,SCH - HQ - NY,23324,1465,1500,-1000
03/01/2019 18:15,SCH - HQ_CEDARS,325274,160,160,-100
03/01/2019 18:15,SCH - HQ_IMPORT_EXPORT,325376,1310,1310,-9999
03/01/2019 18:15,SCH - NE - NY,23318,-699.76,600,-900
03/01/2019 18:15,SCH - NPX_1385,325277,-100,100,-100
03/01/2019 18:15,SCH - NPX_CSC,325154,0,330,-330
03/01/2019 18:15,SCH - OH - NY,23317,685.77,2050,-2000
03/01/2019 18:15,SCH - PJ - NY,23316,610.63,2000,-1300
03/01/2019 18:15,SCH - PJM_HTP,325905,75,660,-660
03/01/2019 18:15,SCH - PJM_NEPTUNE,325305,660,660,-660
03/01/2019 18:15,SCH - PJM_VFT,325658,315,315,-315
03/01/2019 18:15,SPR/DUN-SOUTH,23320,2829.08,4600,-9999
03/01/2019 18:15,TOTAL EAST,23314,4113.36,6800,-9999
03/01/2019 18:15,UPNY CONED,23315,2767.85,5700,-9999
03/01/2019 18:15,WEST CENTRAL,23312,1211.7,9999,-9999
03/01/2019 18:20,CENTRAL EAST - VC,23330,2523.04,2730,-9999
03/01/2019 18:20,DYSINGER EAST,23326,1867.3,3150,-9999
03/01/2019 18:20,MOSES SOUTH,23319,1894.22,3150,-1600
03/01/2019 18:20,SCH - HQ - NY,23324,1465,1500,-1000
03/01/2019 18:20,SCH - HQ_CEDARS,325274,160,160,-100
03/01/2019 18:20,SCH - HQ_IMPORT_EXPORT,325376,1310,1310,-9999
03/01/2019 18:20,SCH - NE - NY,23318,-699.75,600,-900
03/01/2019 18:20,SCH - NPX_1385,325277,-100,100,-100
03/01/2019 18:20,SCH - NPX_CSC,325154,0,330,-330
03/01/2019 18:20,SCH - OH - NY,23317,685.84,2050,-2000
03/01/2019 18:20,SCH - PJ - NY,23316,611.61,2000,-1300
03/01/2019 18:20,SCH - PJM_HTP,325905,75,660,-660
03/01/2019 18:20,SCH - PJM_NEPTUNE,325305,660,660,-660
03/01/2019 18:20,SCH - PJM_VFT,325658,315,315,-315
03/01/2019 18:20,SPR/DUN-SOUTH,23320,2800.74,4600,-9999
03/01/2019 18:20,TOTAL EAST,23314,4073.08,6800,-9999
03/01/2019 18:20,UPNY CONED,23315,2724.73,5700,-9999
03/01/2019 18:20,WEST CENTRAL,23312,1207.85,9999,-9999
03/01/2019 18:25,CENTRAL EAST - VC,23330,2471.36,2730,-9999
03/01/2019 18:25,DYSINGER EAST,23326,1807.15,3150,-9999
03/01/2019 18:25,MOSES SOUTH,23319,1873.3,3150,-1600
03/01/2019 18:25,SCH - HQ - NY,23324,1465,1500,-1000
03/01/2019 18:25,SCH - HQ_CEDARS,325274,160,160,-100
03/01/2019 18:25,SCH - HQ_IMPORT_EXPORT,325376,1310,1310,-9999
03/01/2019 18:25,SCH - NE - NY,23318,-699.75,600,-900
03/01/2019 18:25,SCH - NPX_1385,325277,-100,100,-100
03/01/2019 18:25,SCH - NPX_CSC,325154,0,330,-330
03/01/2019 18:25,SCH - OH - NY,23317,685.75,2050,-2000
03/01/2019 18:25,SCH - PJ - NY,23316,610.74,2000,-1300
03/01/2019 18:25,SCH - PJM_HTP,325905,75,660,-660
03/01/2019 18:25,SCH - PJM_NEPTUNE,325305,660,660,-660
03/01/2019 18:25,SCH - PJM_VFT,325658,315,315,-315
03/01/2019 18:25,SPR/DUN-SOUTH,23320,2779.89,4600,-9999
03/01/2019 18:25,TOTAL EAST,23314,4037.49,6800,-9999
03/01/2019 18:25,UPNY CONED,23315,2681.49,5700,-9999
03/01/2019 18:25,WEST CENTRAL,23312,1145.25,9999,-9999
03/01/2019 18:30,CENTRAL EAST - VC,23330,2451.61,2730,-9999
03/01/2019 18:30,DYSINGER EAST,23326,1808.99,3150,-9999
03/01/2019 18:30,MOSES SOUTH,23319,1861.13,3150,-1600
03/01/2019 18:30,SCH - HQ - NY,23324,1465,1500,-1000
03/01/2019 18:30,SCH - HQ_CEDARS,325274,160,160,-100
03/01/2019 18:30,SCH - HQ_IMPORT_EXPORT,325376,1310,1310,-9999
03/01/2019 18:30,SCH - NE - NY,23318,-699.75,600,-900
03/01/2019 18:30,SCH - NPX_1385,325277,-100,100,-100
03/01/2019 18:30,SCH - NPX_CSC,325154,0,330,-330
03/01/2019 18:30,SCH - OH - NY,23317,685.77,2050,-2000
03/01/2019 18:30,SCH - PJ - NY,23316,576.74,2000,-1300
03/01/2019 18:30,SCH - PJM_HTP,325905,75,660,-660
03/01/2019 18:30,SCH - PJM_NEPTUNE,325305,660,660,-660
03/01/2019 18:30,SCH - PJM_VFT,325658,315,315,-315
03/01/2019 18:30,SPR/DUN-SOUTH,23320,2760.06,4600,-9999
03/01/2019 18:30,TOTAL EAST,23314,3985.22,6800,-9999
03/01/2019 18:30,UPNY CONED,23315,2636.55,5700,-9999
03/01/2019 18:30,WEST CENTRAL,23312,1144.96,9999,-9999
03/01/2019 18:35,CENTRAL EAST - VC,23330,2403.29,2730,-9999
03/01/2019 18:35,DYSINGER EAST,23326,1757.34,3150,-9999
03/01/2019 18:35,MOSES SOUTH,23319,1860.49,3150,-1600
03/01/2019 18:35,SCH - HQ - NY,23324,1465,1500,-1000
03/01/2019 18:35,SCH - HQ_CEDARS,325274,160,160,-100
03/01/2019 18:35,SCH - HQ_IMPORT_EXPORT,325376,1310,1310,-9999
03/01/2019 18:35,SCH - NE - NY,23318,-699.92,600,-900
03/01/2019 18:35,SCH - NPX_1385,325277,-100,100,-100
03/01/2019 18:35,SCH - NPX_CSC,325154,0,330,-330
03/01/2019 18:35,SCH - OH - NY,23317,685.78,2050,-2000
03/01/2019 18:35,SCH - PJ - NY,23316,540.85,2000,-1300
03/01/2019 18:35,SCH - PJM_HTP,325905,75,660,-660
03/01/2019 18:35,SCH - PJM_NEPTUNE,325305,660,660,-660
03/01/2019 18:35,SCH - PJM_VFT,325658,315,315,-315
03/01/2019 18:35,SPR/DUN-SOUTH,23320,2720.46,4600,-9999
03/01/2019 18:35,TOTAL EAST,23314,3945.16,6800,-9999
03/01/2019 18:35,UPNY CONED,23315,2583.35,5700,-9999
03/01/2019 18:35,WEST CENTRAL,23312,1093.14,9999,-9999
03/01/2019 18:40,CENTRAL EAST - VC,23330,2409.9,2730,-9999
03/01/2019 18:40,DYSINGER EAST,23326,1748.21,3150,-9999
03/01/2019 18:40,MOSES SOUTH,23319,1853.86,3150,-1600
03/01/2019 18:40,SCH - HQ - NY,23324,1465,1500,-1000
03/01/2019 18:40,SCH - HQ_CEDARS,325274,160,160,-100
03/01/2019 18:40,SCH - HQ_IMPORT_EXPORT,325376,1310,1310,-9999
03/01/2019 18:40,SCH - NE - NY,23318,-699.74,600,-900
03/01/2019 18:40,SCH - NPX_1385,325277,-100,100,-100
03/01/2019 18:40,SCH - NPX_CSC,325154,0,330,-330
03/01/2019 18:40,SCH - OH - NY,23317,685.72,2050,-2000
03/01/2019 18:40,SCH - PJ - NY,23316,542.75,2000,-1300
03/01/2019 18:40,SCH - PJM_HTP,325905,75,660,-660
03/01/2019 18:40,SCH - PJM_NEPTUNE,325305,660,660,-660
03/01/2019 18:40,SCH - PJM_VFT,325658,315,315,-315
03/01/2019 18:40,SPR/DUN-SOUTH,23320,2736.42,4600,-9999
03/01/2019 18:40,TOTAL EAST,23314,3929.62,6800,-9999
03/01/2019 18:40,UPNY CONED,23315,2582.43,5700,-9999
03/01/2019 18:40,WEST CENTRAL,23312,1084.41,9999,-9999
03/01/2019 18:45,CENTRAL EAST - VC,23330,2418.82,2730,-9999
03/01/2019 18:45,DYSINGER EAST,23326,1771.06,3150,-9999
03/01/2019 18:45,MOSES SOUTH,23319,1835.48,3150,-1600
03/01/2019 18:45,SCH - HQ - NY,23324,1465,1500,-1000
03/01/2019 18:45,SCH - HQ_CEDARS,325274,160,160,-100
03/01/2019 18:45,SCH - HQ_IMPORT_EXPORT,325376,1310,1310,-9999
03/01/2019 18:45,SCH - NE - NY,23318,-699.74,600,-900
03/01/2019 18:45,SCH - NPX_1385,325277,-100,100,-100
03/01/2019 18:45,SCH - NPX_CSC,325154,0,330,-330
03/01/2019 18:45,SCH - OH - NY,23317,685.67,2050,-2000
03/01/2019 18:45,SCH - PJ - NY,23316,553.86,2000,-1300
03/01/2019 18:45,SCH - PJM_HTP,325905,75,660,-660
03/01/2019 18:45,SCH - PJM_NEPTUNE,325305,660,660,-660
03/01/2019 18:45,SCH - PJM_VFT,325658,315,315,-315
03/01/2019 18:45,SPR/DUN-SOUTH,23320,2764.44,4600,-9999
03/01/2019 18:45,TOTAL EAST,23314,4004.09,6800,-9999
03/01/2019 18:45,UPNY CONED,23315,2648.5,5700,-9999
03/01/2019 18:45,WEST CENTRAL,23312,1109.09,9999,-9999
03/01/2019 18:50,CENTRAL EAST - VC,23330,2407.22,2730,-9999
03/01/2019 18:50,DYSINGER EAST,23326,1711.52,3150,-9999
03/01/2019 18:50,MOSES SOUTH,23319,1843.86,3150,-1600
03/01/2019 18:50,SCH - HQ - NY,23324,1465,1500,-1000
03/01/2019 18:50,SCH - HQ_CEDARS,325274,160,160,-100
03/01/2019 18:50,SCH - HQ_IMPORT_EXPORT,325376,1310,1310,-9999
03/01/2019 18:50,SCH - NE - NY,23318,-699.75,600,-900
03/01/2019 18:50,SCH - NPX_1385,325277,-100,100,-100
03/01/2019 18:50,SCH - NPX_CSC,325154,0,330,-330
03/01/2019 18:50,SCH - OH - NY,23317,685.65,2050,-2000
03/01/2019 18:50,SCH - PJ - NY,23316,568.81,2000,-1300
03/01/2019 18:50,SCH - PJM_HTP,325905,75,660,-660
03/01/2019 18:50,SCH - PJM_NEPTUNE,325305,660,660,-660
03/01/2019 18:50,SCH - PJM_VFT,325658,315,315,-315
03/01/2019 18:50,SPR/DUN-SOUTH,23320,2779.77,4600,-9999
03/01/2019 18:50,TOTAL EAST,23314,4003.68,6800,-9999
03/01/2019 18:50,UPNY CONED,23315,2656.66,5700,-9999
03/01/2019 18:50,WEST CENTRAL,23312,1055.86,9999,-9999
03/01/2019 18:55,CENTRAL EAST - VC,23330,2390.98,2730,-9999
03/01/2019 18:55,DYSINGER EAST,23326,1637.48,3150,-9999
03/01/2019 18:55,MOSES SOUTH,23319,1854.19,3150,-1600
03/01/2019 18:55,SCH - HQ - NY,23324,1465,1500,-1000
03/01/2019 18:55,SCH - HQ_CEDARS,325274,160,160,-100
03/01/2019 18:55,SCH - HQ_IMPORT_EXPORT,325376,1310,1310,-9999
03/01/2019 18:55,SCH - NE - NY,23318,-699.75,600,-900
03/01/2019 18:55,SCH - NPX_1385,325277,-100,100,-100
03/01/2019 18:55,SCH - NPX_CSC,325154,0,330,-330
03/01/2019 18:55,SCH - OH - NY,23317,685.57,2050,-2000
03/01/2019 18:55,SCH - PJ - NY,23316,570.91,2000,-1300
03/01/2019 18:55,SCH - PJM_HTP,325905,75,660,-660
03/01/2019 18:55,SCH - PJM_NEPTUNE,325305,660,660,-660
03/01/2019 18:55,SCH - PJM_VFT,325658,315,315,-315
03/01/2019 18:55,SPR/DUN-SOUTH,23320,2787.13,4600,-9999
03/01/2019 18:55,TOTAL EAST,23314,4008.01,6800,-9999
03/01/2019 18:55,UPNY CONED,23315,2648.28,5700,-9999
03/01/2019 18:55,WEST CENTRAL,23312,987.49,9999,-9999
03/01/2019 19:00,CENTRAL EAST - VC,23330,2321.35,2730,-9999
03/01/2019 19:00,DYSINGER EAST,23326,1515.96,3150,-9999
03/01/2019 19:00,MOSES SOUTH,23319,1839.26,3150,-1600
03/01/2019 19:00,SCH - HQ - NY,23324,1465,1500,-1000
03/01/2019 19:00,SCH - HQ_CEDARS,325274,160,160,-100
03/01/2019 19:00,SCH - HQ_IMPORT_EXPORT,325376,1310,1310,-9999
03/01/2019 19:00,SCH - NE - NY,23318,-699.75,600,-900
03/01/2019 19:00,SCH - NPX_1385,325277,-100,100,-100
03/01/2019 19:00,SCH - NPX_CSC,325154,0,330,-330
03/01/2019 19:00,SCH - OH - NY,23317,568.68,2050,-2000
03/01/2019 19:00,SCH - PJ - NY,23316,603.69,2000,-1300
03/01/2019 19:00,SCH - PJM_HTP,325905,75,660,-660
03/01/2019 19:00,SCH - PJM_NEPTUNE,325305,660,660,-660
03/01/2019 19:00,SCH - PJM_VFT,325658,315,315,-315
03/01/2019 19:00,SPR/DUN-SOUTH,23320,2707.06,4600,-9999
03/01/2019 19:00,TOTAL EAST,23314,3945.02,6800,-9999
03/01/2019 19:00,UPNY CONED,23315,2584.14,5700,-9999
03/01/2019 19:00,WEST CENTRAL,23312,870.68,9999,-9999
03/01/2019 19:05,CENTRAL EAST - VC,23330,2300.7,2730,-9999
03/01/2019 19:05,DYSINGER EAST,23326,1472.8,3150,-9999
03/01/2019 19:05,MOSES SOUTH,23319,1837.26,3150,-1600
03/01/2019 19:05,SCH - HQ - NY,23324,1465,1500,-1000
03/01/2019 19:05,SCH - HQ_CEDARS,325274,160,160,-100
03/01/2019 19:05,SCH - HQ_IMPORT_EXPORT,325376,1310,1310,-9999
03/01/2019 19:05,SCH - NE - NY,23318,-699.76,600,-900
03/01/2019 19:05,SCH - NPX_1385,325277,-100,100,-100
03/01/2019 19:05,SCH - NPX_CSC,325154,0,330,-330
03/01/2019 19:05,SCH - OH - NY,23317,451.78,2050,-2000
03/01/2019 19:05,SCH - PJ - NY,23316,635.55,2000,-1300
03/01/2019 19:05,SCH - PJM_HTP,325905,75,660,-660
03/01/2019 19:05,SCH - PJM_NEPTUNE,325305,660,660,-660
03/01/2019 19:05,SCH - PJM_VFT,325658,315,315,-315
03/01/2019 19:05,SPR/DUN-SOUTH,23320,2672.55,4600,-9999
03/01/2019 19:05,TOTAL EAST,23314,3908.73,6800,-9999
03/01/2019 19:05,UPNY CONED,23315,2552.48,5700,-9999
03/01/2019 19:05,WEST CENTRAL,23312,828.38,9999,-9999
03/01/2019 19:10,CENTRAL EAST - VC,23330,2334.74,2730,-9999
03/01/2019 19:10,DYSINGER EAST,23326,1551.81,3150,-9999
03/01/2019 19:10,MOSES SOUTH,23319,1846.08,3150,-1600
03/01/2019 19:10,SCH - HQ - NY,23324,1465,1500,-1000
03/01/2019 19:10,SCH - HQ_CEDARS,325274,160,160,-100
03/01/2019 19:10,SCH - HQ_IMPORT_EXPORT,325376,1310,1310,-9999
03/01/2019 19:10,SCH - NE - NY,23318,-699.76,600,-900
03/01/2019 19:10,SCH - NPX_1385,325277,-100,100,-100
03/01/2019 19:10,SCH - NPX_CSC,325154,0,330,-330
03/01/2019 19:10,SCH - OH - NY,23317,451.8,2050,-2000
03/01/2019 19:10,SCH - PJ - NY,23316,638.55,2000,-1300
03/01/2019 19:10,SCH - PJM_HTP,325905,75,660,-660
03/01/2019 19:10,SCH - PJM_NEPTUNE,325305,660,660,-660
03/01/2019 19:10,SCH - PJM_VFT,325658,315,315,-315
03/01/2019 19:10,SPR/DUN-SOUTH,23320,2671.93,4600,-9999
03/01/2019 19:10,TOTAL EAST,23314,3881.43,6800,-9999
03/01/2019 19:10,UPNY CONED,23315,2553.46,5700,-9999
03/01/2019 19:10,WEST CENTRAL,23312,902.99,9999,-9999
03/01/2019 19:15,CENTRAL EAST - VC,23330,2349.19,2730,-9999
03/01/2019 19:15,DYSINGER EAST,23326,1600.58,3150,-9999
03/01/2019 19:15,MOSES SOUTH,23319,1834.77,3150,-1600
03/01/2019 19:15,SCH - HQ - NY,23324,1465,1500,-1000
03/01/2019 19:15,SCH - HQ_CEDARS,325274,160,160,-100
03/01/2019 19:15,SCH - HQ_IMPORT_EXPORT,325376,1310,1310,-9999
03/01/2019 19:15,SCH - NE - NY,23318,-699.79,600,-900
03/01/2019 19:15,SCH - NPX_1385,325277,-100,100,-100
03/01/2019 19:15,SCH - NPX_CSC,325154,0,330,-330
03/01/2019 19:15,SCH - OH - NY,23317,448.36,2050,-2000
03/01/2019 19:15,SCH - PJ - NY,23316,609.04,2000,-1300
03/01/2019 19:15,SCH - PJM_HTP,325905,75,660,-660
03/01/2019 19:15,SCH - PJM_NEPTUNE,325305,660,660,-660
03/01/2019 19:15,SCH - PJM_VFT,325658,315,315,-315
03/01/2019 19:15,SPR/DUN-SOUTH,23320,2671.73,4600,-9999
03/01/2019 19:15,TOTAL EAST,23314,3852.37,6800,-9999
03/01/2019 19:15,UPNY CONED,23315,2557.37,5700,-9999
03/01/2019 19:15,WEST CENTRAL,23312,949.96,9999,-9999
03/01/2019 19:20,CENTRAL EAST - VC,23330,2312.39,2730,-9999
03/01/2019 19:20,DYSINGER EAST,23326,1528.57,3150,-9999
03/01/2019 19:20,MOSES SOUTH,23319,1831.06,3150,-1600
03/01/2019 19:20,SCH - HQ - NY,23324,1465,1500,-1000
03/01/2019 19:20,SCH - HQ_CEDARS,325274,160,160,-100
03/01/2019 19:20,SCH - HQ_IMPORT_EXPORT,325376,1310,1310,-9999
03/01/2019 19:20,SCH - NE - NY,23318,-699.79,600,-900
03/01/2019 19:20,SCH - NPX_1385,325277,-100,100,-100
03/01/2019 19:20,SCH - NPX_CSC,325154,0,330,-330
03/01/2019 19:20,SCH - OH - NY,23317,451.8,2050,-2000
03/01/2019 19:20,SCH - PJ - NY,23316,579.57,2000,-1300
03/01/2019 19:20,SCH - PJM_HTP,325905,75,660,-660
03/01/2019 19:20,SCH - PJM_NEPTUNE,325305,660,660,-660
03/01/2019 19:20,SCH - PJM_VFT,325658,315,315,-315
03/01/2019 19:20,SPR/DUN-SOUTH,23320,2628.97,4600,-9999
03/01/2019 19:20,TOTAL EAST,23314,3824.77,6800,-9999
03/01/2019 19:20,UPNY CONED,23315,2517.29,5700,-9999
03/01/2019 19:20,WEST CENTRAL,23312,884.33,9999,-9999
03/01/2019 19:25,CENTRAL EAST - VC,23330,2303.39,2730,-9999
03/01/2019 19:25,DYSINGER EAST,23326,1505.86,3150,-9999
03/01/2019 19:25,MOSES SOUTH,23319,1831.26,3150,-1600
03/01/2019 19:25,SCH - HQ - NY,23324,1465,1500,-1000
03/01/2019 19:25,SCH - HQ_CEDARS,325274,160,160,-100
03/01/2019 19:25,SCH - HQ_IMPORT_EXPORT,325376,1310,1310,-9999
03/01/2019 19:25,SCH - NE - NY,23318,-699.78,600,-900
03/01/2019 19:25,SCH - NPX_1385,325277,-100,100,-100
03/01/2019 19:25,SCH - NPX_CSC,325154,0,330,-330
03/01/2019 19:25,SCH - OH - NY,23317,451.99,2050,-2000
03/01/2019 19:25,SCH - PJ - NY,23316,579.66,2000,-1300
03/01/2019 19:25,SCH - PJM_HTP,325905,75,660,-660
03/01/2019 19:25,SCH - PJM_NEPTUNE,325305,660,660,-660
03/01/2019 19:25,SCH - PJM_VFT,325658,315,315,-315
03/01/2019 19:25,SPR/DUN-SOUTH,23320,2638.16,4600,-9999
03/01/2019 19:25,TOTAL EAST,23314,3813.39,6800,-9999
03/01/2019 19:25,UPNY CONED,23315,2508.26,5700,-9999
03/01/2019 19:25,WEST CENTRAL,23312,867.44,9999,-9999
03/01/2019 19:30,CENTRAL EAST - VC,23330,2282.22,2730,-9999
03/01/2019 19:30,DYSINGER EAST,23326,1534.09,3150,-9999
03/01/2019 19:30,MOSES SOUTH,23319,1828.44,3150,-1600
03/01/2019 19:30,SCH - HQ - NY,23324,1465,1500,-1000
03/01/2019 19:30,SCH - HQ_CEDARS,325274,160,160,-100
03/01/2019 19:30,SCH - HQ_IMPORT_EXPORT,325376,1310,1310,-9999
03/01/2019 19:30,SCH - NE - NY,23318,-699.79,600,-900
03/01/2019 19:30,SCH - NPX_1385,325277,-100,100,-100
03/01/2019 19:30,SCH - NPX_CSC,325154,0,330,-330
03/01/2019 19:30,SCH - OH - NY,23317,451.8,2050,-2000
03/01/2019 19:30,SCH - PJ - NY,23316,539.57,2000,-1300
03/01/2019 19:30,SCH - PJM_HTP,325905,75,660,-660
03/01/2019 19:30,SCH - PJM_NEPTUNE,325305,660,660,-660
03/01/2019 19:30,SCH - PJM_VFT,325658,315,315,-315
03/01/2019 19:30,SPR/DUN-SOUTH,23320,2602.44,4600,-9999
03/01/2019 19:30,TOTAL EAST,23314,3753.27,6800,-9999
03/01/2019 19:30,UPNY CONED,23315,2457.86,5700,-9999
03/01/2019 19:30,WEST CENTRAL,23312,896.63,9999,-9999
03/01/2019 19:35,CENTRAL EAST - VC,23330,2283.1,2730,-9999
03/01/2019 19:35,DYSINGER EAST,23326,1531.11,3150,-9999
03/01/2019 19:35,MOSES SOUTH,23319,1831.88,3150,-1600
03/01/2019 19:35,SCH - HQ - NY,23324,1465,1500,-1000
03/01/2019 19:35,SCH - HQ_CEDARS,325274,160,160,-100
03/01/2019 19:35,SCH - HQ_IMPORT_EXPORT,325376,1310,1310,-9999
03/01/2019 19:35,SCH - NE - NY,23318,-699.79,600,-900
03/01/2019 19:35,SCH - NPX_1385,325277,-100,100,-100
03/01/2019 19:35,SCH - NPX_CSC,325154,0,330,-330
03/01/2019 19:35,SCH - OH - NY,23317,451.79,2050,-2000
03/01/2019 19:35,SCH - PJ - NY,23316,500.58,2000,-1300
03/01/2019 19:35,SCH - PJM_HTP,325905,75,660,-660
03/01/2019 19:35,SCH - PJM_NEPTUNE,325305,660,660,-660
03/01/2019 19:35,SCH - PJM_VFT,325658,315,315,-315
03/01/2019 19:35,SPR/DUN-SOUTH,23320,2608.84,4600,-9999
03/01/2019 19:35,TOTAL EAST,23314,3732.19,6800,-9999
03/01/2019 19:35,UPNY CONED,23315,2458.3,5700,-9999
03/01/2019 19:35,WEST CENTRAL,23312,893.6,9999,-9999
03/01/2019 19:40,CENTRAL EAST - VC,23330,2302.27,2730,-9999
03/01/2019 19:40,DYSINGER EAST,23326,1532.59,3150,-9999
03/01/2019 19:40,MOSES SOUTH,23319,1854.4,3150,-1600
03/01/2019 19:40,SCH - HQ - NY,23324,1465,1500,-1000
03/01/2019 19:40,SCH - HQ_CEDARS,325274,160,160,-100
03/01/2019 19:40,SCH - HQ_IMPORT_EXPORT,325376,1310,1310,-9999
03/01/2019 19:40,SCH - NE - NY,23318,-699.79,600,-900
03/01/2019 19:40,SCH - NPX_1385,325277,-100,100,-100
03/01/2019 19:40,SCH - NPX_CSC,325154,0,330,-330
03/01/2019 19:40,SCH - OH - NY,23317,448.25,2050,-2000
03/01/2019 19:40,SCH - PJ - NY,23316,504.1,2000,-1300
03/01/2019 19:40,SCH - PJM_HTP,325905,75,660,-660
03/01/2019 19:40,SCH - PJM_NEPTUNE,325305,660,660,-660
03/01/2019 19:40,SCH - PJM_VFT,325658,315,315,-315
03/01/2019 19:40,SPR/DUN-SOUTH,23320,2625.78,4600,-9999
03/01/2019 19:40,TOTAL EAST,23314,3713.99,6800,-9999
03/01/2019 19:40,UPNY CONED,23315,2469.33,5700,-9999
03/01/2019 19:40,WEST CENTRAL,23312,897.17,9999,-9999
03/01/2019 19:45,CENTRAL EAST - VC,23330,2296.29,2730,-9999
03/01/2019 19:45,DYSINGER EAST,23326,1520.55,3150,-9999
03/01/2019 19:45,MOSES SOUTH,23319,1852.6,3150,-1600
03/01/2019 19:45,SCH - HQ - NY,23324,1465,1500,-1000
03/01/2019 19:45,SCH - HQ_CEDARS,325274,160,160,-100
03/01/2019 19:45,SCH - HQ_IMPORT_EXPORT,325376,1310,1310,-9999
03/01/2019 19:45,SCH - NE - NY,23318,-699.79,600,-900
03/01/2019 19:45,SCH - NPX_1385,325277,-100,100,-100
03/01/2019 19:45,SCH - NPX_CSC,325154,0,330,-330
03/01/2019 19:45,SCH - OH - NY,23317,450.13,2050,-2000
03/01/2019 19:45,SCH - PJ - NY,23316,491.23,2000,-1300
03/01/2019 19:45,SCH - PJM_HTP,325905,75,660,-660
03/01/2019 19:45,SCH - PJM_NEPTUNE,325305,660,660,-660
03/01/2019 19:45,SCH - PJM_VFT,325658,315,315,-315
03/01/2019 19:45,SPR/DUN-SOUTH,23320,2603.92,4600,-9999
03/01/2019 19:45,TOTAL EAST,23314,3692.44,6800,-9999
03/01/2019 19:45,UPNY CONED,23315,2444.77,5700,-9999
03/01/2019 19:45,WEST CENTRAL,23312,887.6,9999,-9999
03/01/2019 19:50,CENTRAL EAST - VC,23330,2306.08,2730,-9999
03/01/2019 19:50,DYSINGER EAST,23326,1543.19,3150,-9999
03/01/2019 19:50,MOSES SOUTH,23319,1854.7,3150,-1600
03/01/2019 19:50,SCH - HQ - NY,23324,1465,1500,-1000
03/01/2019 19:50,SCH - HQ_CEDARS,325274,160,160,-100
03/01/2019 19:50,SCH - HQ_IMPORT_EXPORT,325376,1310,1310,-9999
03/01/2019 19:50,SCH - NE - NY,23318,-699.79,600,-900
03/01/2019 19:50,SCH - NPX_1385,325277,-100,100,-100
03/01/2019 19:50,SCH - NPX_CSC,325154,0,330,-330
03/01/2019 19:50,SCH - OH - NY,23317,452.74,2050,-2000
03/01/2019 19:50,SCH - PJ - NY,23316,479.66,2000,-1300
03/01/2019 19:50,SCH - PJM_HTP,325905,75,660,-660
03/01/2019 19:50,SCH - PJM_NEPTUNE,325305,660,660,-660
03/01/2019 19:50,SCH - PJM_VFT,325658,315,315,-315
03/01/2019 19:50,SPR/DUN-SOUTH,23320,2614.67,4600,-9999
03/01/2019 19:50,TOTAL EAST,23314,3698.99,6800,-9999
03/01/2019 19:50,UPNY CONED,23315,2463.52,5700,-9999
03/01/2019 19:50,WEST CENTRAL,23312,912.52,9999,-9999
03/01/2019 19:55,CENTRAL EAST - VC,23330,2302.03,2730,-9999
03/01/2019 19:55,DYSINGER EAST,23326,1545.45,3150,-9999
03/01/2019 19:55,MOSES SOUTH,23319,1850.64,3150,-1600
03/01/2019 19:55,SCH - HQ - NY,23324,1465,1500,-1000
03/01/2019 19:55,SCH - HQ_CEDARS,325274,160,160,-100
03/01/2019 19:55,SCH - HQ_IMPORT_EXPORT,325376,1310,1310,-9999
03/01/2019 19:55,SCH - NE - NY,23318,-699.78,600,-900
03/01/2019 19:55,SCH - NPX_1385,325277,-100,100,-100
03/01/2019 19:55,SCH - NPX_CSC,325154,0,330,-330
03/01/2019 19:55,SCH - OH - NY,23317,450.59,2050,-2000
03/01/2019 19:55,SCH - PJ - NY,23316,484.78,2000,-1300
03/01/2019 19:55,SCH - PJM_HTP,325905,75,660,-660
03/01/2019 19:55,SCH - PJM_NEPTUNE,325305,660,660,-660
03/01/2019 19:55,SCH - PJM_VFT,325658,315,315,-315
03/01/2019 19:55,SPR/DUN-SOUTH,23320,2637.2,4600,-9999
03/01/2019 19:55,TOTAL EAST,23314,3682.71,6800,-9999
03/01/2019 19:55,UPNY CONED,23315,2478.38,5700,-9999
03/01/2019 19:55,WEST CENTRAL,23312,919.74,9999,-9999
03/01/2019 20:00,CENTRAL EAST - VC,23330,2328.38,2670,-9999
03/01/2019 20:00,DYSINGER EAST,23326,1603.3,3150,-9999
03/01/2019 20:00,MOSES SOUTH,23319,1861.96,3150,-1600
03/01/2019 20:00,SCH - HQ - NY,23324,1465,1500,-1000
03/01/2019 20:00,SCH - HQ_CEDARS,325274,160,160,-100
03/01/2019 20:00,SCH - HQ_IMPORT_EXPORT,325376,1310,1310,-9999
03/01/2019 20:00,SCH - NE - NY,23318,-699.78,600,-900
03/01/2019 20:00,SCH - NPX_1385,325277,-100,100,-100
03/01/2019 20:00,SCH - NPX_CSC,325154,0,330,-330
03/01/2019 20:00,SCH - OH - NY,23317,491.51,2050,-2000
03/01/2019 20:00,SCH - PJ - NY,23316,554.96,2000,-1300
03/01/2019 20:00,SCH - PJM_HTP,325905,75,660,-660
03/01/2019 20:00,SCH - PJM_NEPTUNE,325305,660,660,-660
03/01/2019 20:00,SCH - PJM_VFT,325658,315,315,-315
03/01/2019 20:00,SPR/DUN-SOUTH,23320,2699.05,4600,-9999
03/01/2019 20:00,TOTAL EAST,23314,3792.22,6800,-9999
03/01/2019 20:00,UPNY CONED,23315,2567.97,5700,-9999
03/01/2019 20:00,WEST CENTRAL,23312,978.74,9999,-9999
03/01/2019 20:05,CENTRAL EAST - VC,23330,2313.8,2670,-9999
03/01/2019 20:05,DYSINGER EAST,23326,1548.13,3150,-9999
03/01/2019 20:05,MOSES SOUTH,23319,1865.52,3150,-1600
03/01/2019 20:05,SCH - HQ - NY,23324,1465,1500,-1000
03/01/2019 20:05,SCH - HQ_CEDARS,325274,160,160,-100
03/01/2019 20:05,SCH - HQ_IMPORT_EXPORT,325376,1310,1310,-9999
03/01/2019 20:05,SCH - NE - NY,23318,-699.79,600,-900
03/01/2019 20:05,SCH - NPX_1385,325277,-100,100,-100
03/01/2019 20:05,SCH - NPX_CSC,325154,0,330,-330
03/01/2019 20:05,SCH - OH - NY,23317,527.32,2050,-2000
03/01/2019 20:05,SCH - PJ - NY,23316,635.07,2000,-1300
03/01/2019 20:05,SCH - PJM_HTP,325905,75,660,-660
03/01/2019 20:05,SCH - PJM_NEPTUNE,325305,660,660,-660
03/01/2019 20:05,SCH - PJM_VFT,325658,315,315,-315
03/01/2019 20:05,SPR/DUN-SOUTH,23320,2714,4600,-9999
03/01/2019 20:05,TOTAL EAST,23314,3838.09,6800,-9999
03/01/2019 20:05,UPNY CONED,23315,2585.98,5700,-9999
03/01/2019 20:05,WEST CENTRAL,23312,927.54,9999,-9999
03/01/2019 20:10,CENTRAL EAST - VC,23330,2332.44,2670,-9999
03/01/2019 20:10,DYSINGER EAST,23326,1558.27,3150,-9999
03/01/2019 20:10,MOSES SOUTH,23319,1854.73,3150,-1600
03/01/2019 20:10,SCH - HQ - NY,23324,1465,1500,-1000
03/01/2019 20:10,SCH - HQ_CEDARS,325274,160,160,-100
03/01/2019 20:10,SCH - HQ_IMPORT_EXPORT,325376,1310,1310,-9999
03/01/2019 20:10,SCH - NE - NY,23318,-699.78,600,-900
03/01/2019 20:10,SCH - NPX_1385,325277,-100,100,-100
03/01/2019 20:10,SCH - NPX_CSC,325154,0,330,-330
03/01/2019 20:10,SCH - OH - NY,23317,526.84,2050,-2000
03/01/2019 20:10,SCH - PJ - NY,23316,634.53,2000,-1300
03/01/2019 20:10,SCH - PJM_HTP,325905,75,660,-660
03/01/2019 20:10,SCH - PJM_NEPTUNE,325305,660,660,-660
03/01/2019 20:10,SCH - PJM_VFT,325658,315,315,-315
03/01/2019 20:10,SPR/DUN-SOUTH,23320,2701.88,4600,-9999
03/01/2019 20:10,TOTAL EAST,23314,3799.77,6800,-9999
03/01/2019 20:10,UPNY CONED,23315,2570.84,5700,-9999
03/01/2019 20:10,WEST CENTRAL,23312,941.57,9999,-9999
03/01/2019 20:15,CENTRAL EAST - VC,23330,2255.95,2670,-9999
03/01/2019 20:15,DYSINGER EAST,23326,1468.71,3150,-9999
03/01/2019 20:15,MOSES SOUTH,23319,1829.55,3150,-1600
03/01/2019 20:15,SCH - HQ - NY,23324,1465,1500,-1000
03/01/2019 20:15,SCH - HQ_CEDARS,325274,160,160,-100
03/01/2019 20:15,SCH - HQ_IMPORT_EXPORT,325376,1310,1310,-9999
03/01/2019 20:15,SCH - NE - NY,23318,-699.76,600,-900
03/01/2019 20:15,SCH - NPX_1385,325277,-100,100,-100
03/01/2019 20:15,SCH - NPX_CSC,325154,0,330,-330
03/01/2019 20:15,SCH - OH - NY,23317,525.81,2050,-2000
03/01/2019 20:15,SCH - PJ - NY,23316,640.43,2000,-1300
03/01/2019 20:15,SCH - PJM_HTP,325905,75,660,-660
03/01/2019 20:15,SCH - PJM_NEPTUNE,325305,660,660,-660
03/01/2019 20:15,SCH - PJM_VFT,325658,315,315,-315
03/01/2019 20:15,SPR/DUN-SOUTH,23320,2703.1,4600,-9999
03/01/2019 20:15,TOTAL EAST,23314,3720.82,6800,-9999
03/01/2019 20:15,UPNY CONED,23315,2573.66,5700,-9999
03/01/2019 20:15,WEST CENTRAL,23312,854.89,9999,-9999
03/01/2019 20:20,CENTRAL EAST - VC,23330,2267.83,2670,-9999
03/01/2019 20:20,DYSINGER EAST,23326,1459.49,3150,-9999
03/01/2019 20:20,MOSES SOUTH,23319,1862.19,3150,-1600
03/01/2019 20:20,SCH - HQ - NY,23324,1465,1500,-1000
03/01/2019 20:20,SCH - HQ_CEDARS,325274,160,160,-100
03/01/2019 20:20,SCH - HQ_IMPORT_EXPORT,325376,1310,1310,-9999
03/01/2019 20:20,SCH - NE - NY,23318,-699.76,600,-900
03/01/2019 20:20,SCH - NPX_1385,325277,-100,100,-100
03/01/2019 20:20,SCH - NPX_CSC,325154,0,330,-330
03/01/2019 20:20,SCH - OH - NY,23317,526.28,2050,-2000
03/01/2019 20:20,SCH - PJ - NY,23316,643.96,2000,-1300
03/01/2019 20:20,SCH - PJM_HTP,325905,75,660,-660
03/01/2019 20:20,SCH - PJM_NEPTUNE,325305,660,660,-660
03/01/2019 20:20,SCH - PJM_VFT,325658,315,315,-315
03/01/2019 20:20,SPR/DUN-SOUTH,23320,2714.7,4600,-9999
03/01/2019 20:20,TOTAL EAST,23314,3709.77,6800,-9999
03/01/2019 20:20,UPNY CONED,23315,2587.6,5700,-9999
03/01/2019 20:20,WEST CENTRAL,23312,848.08,9999,-9999
03/01/2019 20:25,CENTRAL EAST - VC,23330,2237.51,2670,-9999
03/01/2019 20:25,DYSINGER EAST,23326,1417.17,3150,-9999
03/01/2019 20:25,MOSES SOUTH,23319,1862.21,3150,-1600
03/01/2019 20:25,SCH - HQ - NY,23324,1465,1500,-1000
03/01/2019 20:25,SCH - HQ_CEDARS,325274,160,160,-100
03/01/2019 20:25,SCH - HQ_IMPORT_EXPORT,325376,1310,1310,-9999
03/01/2019 20:25,SCH - NE - NY,23318,-699.76,600,-900
03/01/2019 20:25,SCH - NPX_1385,325277,-100,100,-100
03/01/2019 20:25,SCH - NPX_CSC,325154,0,330,-330
03/01/2019 20:25,SCH - OH - NY,23317,526.3,2050,-2000
03/01/2019 20:25,SCH - PJ - NY,23316,644.91,2000,-1300
03/01/2019 20:25,SCH - PJM_HTP,325905,75,660,-660
03/01/2019 20:25,SCH - PJM_NEPTUNE,325305,660,660,-660
03/01/2019 20:25,SCH - PJM_VFT,325658,315,315,-315
03/01/2019 20:25,SPR/DUN-SOUTH,23320,2641.66,4600,-9999
03/01/2019 20:25,TOTAL EAST,23314,3682.88,6800,-9999
03/01/2019 20:25,UPNY CONED,23315,2506.47,5700,-9999
03/01/2019 20:25,WEST CENTRAL,23312,807.14,9999,-9999
03/01/2019 20:30,CENTRAL EAST - VC,23330,2225.78,2670,-9999
03/01/2019 20:30,DYSINGER EAST,23326,1399.76,3150,-9999
03/01/2019 20:30,MOSES SOUTH,23319,1851.16,3150,-1600
03/01/2019 20:30,SCH - HQ - NY,23324,1465,1500,-1000
03/01/2019 20:30,SCH - HQ_CEDARS,325274,160,160,-100
03/01/2019 20:30,SCH - HQ_IMPORT_EXPORT,325376,1310,1310,-9999
03/01/2019 20:30,SCH - NE - NY,23318,-699.76,600,-900
03/01/2019 20:30,SCH - NPX_1385,325277,-100,100,-100
03/01/2019 20:30,SCH - NPX_CSC,325154,0,330,-330
03/01/2019 20:30,SCH - OH - NY,23317,521.34,2050,-2000
03/01/2019 20:30,SCH - PJ - NY,23316,662.83,2000,-1300
03/01/2019 20:30,SCH - PJM_HTP,325905,75,660,-660
03/01/2019 20:30,SCH - PJM_NEPTUNE,325305,660,660,-660
03/01/2019 20:30,SCH - PJM_VFT,325658,315,315,-315
03/01/2019 20:30,SPR/DUN-SOUTH,23320,2628.43,4600,-9999
03/01/2019 20:30,TOTAL EAST,23314,3702.96,6800,-9999
03/01/2019 20:30,UPNY CONED,23315,2490.88,5700,-9999
03/01/2019 20:30,WEST CENTRAL,23312,790.17,9999,-9999
03/01/2019 20:35,CENTRAL EAST - VC,23330,2255.71,2670,-9999
03/01/2019 20:35,DYSINGER EAST,23326,1468,3150,-9999
03/01/2019 20:35,MOSES SOUTH,23319,1849.76,3150,-1600
03/01/2019 20:35,SCH - HQ - NY,23324,1465,1500,-1000
03/01/2019 20:35,SCH - HQ_CEDARS,325274,160,160,-100
03/01/2019 20:35,SCH - HQ_IMPORT_EXPORT,325376,1310,1310,-9999
03/01/2019 20:35,SCH - NE - NY,23318,-699.75,600,-900
03/01/2019 20:35,SCH - NPX_1385,325277,-100,100,-100
03/01/2019 20:35,SCH - NPX_CSC,325154,0,330,-330
03/01/2019 20:35,SCH - OH - NY,23317,527.8,2050,-2000
03/01/2019 20:35,SCH - PJ - NY,23316,671.43,2000,-1300
03/01/2019 20:35,SCH - PJM_HTP,325905,75,660,-660
03/01/2019 20:35,SCH - PJM_NEPTUNE,325305,660,660,-660
03/01/2019 20:35,SCH - PJM_VFT,325658,315,315,-315
03/01/2019 20:35,SPR/DUN-SOUTH,23320,2658.97,4600,-9999
03/01/2019 20:35,TOTAL EAST,23314,3701.52,6800,-9999
03/01/2019 20:35,UPNY CONED,23315,2516.78,5700,-9999
03/01/2019 20:35,WEST CENTRAL,23312,856.8,9999,-9999
03/01/2019 20:40,CENTRAL EAST - VC,23330,2221.25,2670,-9999
03/01/2019 20:40,DYSINGER EAST,23326,1413.12,3150,-9999
03/01/2019 20:40,MOSES SOUTH,23319,1847.48,3150,-1600
03/01/2019 20:40,SCH - HQ - NY,23324,1465,1500,-1000
03/01/2019 20:40,SCH - HQ_CEDARS,325274,160,160,-100
03/01/2019 20:40,SCH - HQ_IMPORT_EXPORT,325376,1310,1310,-9999
03/01/2019 20:40,SCH - NE - NY,23318,-699.76,600,-900
03/01/2019 20:40,SCH - NPX_1385,325277,-100,100,-100
03/01/2019 20:40,SCH - NPX_CSC,325154,0,330,-330
03/01/2019 20:40,SCH - OH - NY,23317,525.38,2050,-2000
03/01/2019 20:40,SCH - PJ - NY,23316,674.84,2000,-1300
03/01/2019 20:40,SCH - PJM_HTP,325905,75,660,-660
03/01/2019 20:40,SCH - PJM_NEPTUNE,325305,660,660,-660
03/01/2019 20:40,SCH - PJM_VFT,325658,315,315,-315
03/01/2019 20:40,SPR/DUN-SOUTH,23320,2629.19,4600,-9999
03/01/2019 20:40,TOTAL EAST,23314,3719.05,6800,-9999
03/01/2019 20:40,UPNY CONED,23315,2481.38,5700,-9999
03/01/2019 20:40,WEST CENTRAL,23312,806.37,9999,-9999
03/01/2019 20:45,CENTRAL EAST - VC,23330,2241.04,2670,-9999
03/01/2019 20:45,DYSINGER EAST,23326,1444.07,3150,-9999
03/01/2019 20:45,MOSES SOUTH,23319,1848.04,3150,-1600
03/01/2019 20:45,SCH - HQ - NY,23324,1465,1500,-1000
03/01/2019 20:45,SCH - HQ_CEDARS,325274,160,160,-100
03/01/2019 20:45,SCH - HQ_IMPORT_EXPORT,325376,1310,1310,-9999
03/01/2019 20:45,SCH - NE - NY,23318,-669.78,600,-900
03/01/2019 20:45,SCH - NPX_1385,325277,-100,100,-100
03/01/2019 20:45,SCH - NPX_CSC,325154,0,330,-330
03/01/2019 20:45,SCH - OH - NY,23317,524.78,2050,-2000
03/01/2019 20:45,SCH - PJ - NY,23316,639.52,2000,-1300
03/01/2019 20:45,SCH - PJM_HTP,325905,75,660,-660
03/01/2019 20:45,SCH - PJM_NEPTUNE,325305,660,660,-660
03/01/2019 20:45,SCH - PJM_VFT,325658,315,315,-315
03/01/2019 20:45,SPR/DUN-SOUTH,23320,2680.63,4600,-9999
03/01/2019 20:45,TOTAL EAST,23314,3735.44,6800,-9999
03/01/2019 20:45,UPNY CONED,23315,2528.64,5700,-9999
03/01/2019 20:45,WEST CENTRAL,23312,840.3,9999,-9999
03/01/2019 20:50,CENTRAL EAST - VC,23330,2262.87,2670,-9999
03/01/2019 20:50,DYSINGER EAST,23326,1499.55,3150,-9999
03/01/2019 20:50,MOSES SOUTH,23319,1854.95,3150,-1600
03/01/2019 20:50,SCH - HQ - NY,23324,1465,1500,-1000
03/01/2019 20:50,SCH - HQ_CEDARS,325274,160,160,-100
03/01/2019 20:50,SCH - HQ_IMPORT_EXPORT,325376,1310,1310,-9999
03/01/2019 20:50,SCH - NE - NY,23318,-639.8,600,-900
03/01/2019 20:50,SCH - NPX_1385,325277,-100,100,-100
03/01/2019 20:50,SCH - NPX_CSC,325154,0,330,-330
03/01/2019 20:50,SCH - OH - NY,23317,528.6,2050,-2000
03/01/2019 20:50,SCH - PJ - NY,23316,602.82,2000,-1300
03/01/2019 20:50,SCH - PJM_HTP,325905,75,660,-660
03/01/2019 20:50,SCH - PJM_NEPTUNE,325305,660,660,-660
03/01/2019 20:50,SCH - PJM_VFT,325658,315,315,-315
03/01/2019 20:50,SPR/DUN-SOUTH,23320,2686.05,4600,-9999
03/01/2019 20:50,TOTAL EAST,23314,3727.85,6800,-9999
03/01/2019 20:50,UPNY CONED,23315,2531.3,5700,-9999
03/01/2019 20:50,WEST CENTRAL,23312,900.2,9999,-9999
03/01/2019 20:55,CENTRAL EAST - VC,23330,2241.98,2670,-9999
03/01/2019 20:55,DYSINGER EAST,23326,1512.82,3150,-9999
03/01/2019 20:55,MOSES SOUTH,23319,1851.65,3150,-1600
03/01/2019 20:55,SCH - HQ - NY,23324,1465,1500,-1000
03/01/2019 20:55,SCH - HQ_CEDARS,325274,160,160,-100
03/01/2019 20:55,SCH - HQ_IMPORT_EXPORT,325376,1310,1310,-9999
03/01/2019 20:55,SCH - NE - NY,23318,-639.8,600,-900
03/01/2019 20:55,SCH - NPX_1385,325277,-100,100,-100
03/01/2019 20:55,SCH - NPX_CSC,325154,0,330,-330
03/01/2019 20:55,SCH - OH - NY,23317,527.33,2050,-2000
03/01/2019 20:55,SCH - PJ - NY,23316,601.1,2000,-1300
03/01/2019 20:55,SCH - PJM_HTP,325905,75,660,-660
03/01/2019 20:55,SCH - PJM_NEPTUNE,325305,660,660,-660
03/01/2019 20:55,SCH - PJM_VFT,325658,315,315,-315
03/01/2019 20:55,SPR/DUN-SOUTH,23320,2661.32,4600,-9999
03/01/2019 20:55,TOTAL EAST,23314,3717.62,6800,-9999
03/01/2019 20:55,UPNY CONED,23315,2499.92,5700,-9999
03/01/2019 20:55,WEST CENTRAL,23312,917.94,9999,-9999
03/01/2019 21:00,CENTRAL EAST - VC,23330,2234.93,2670,-9999
03/01/2019 21:00,DYSINGER EAST,23326,1556.32,3150,-9999
03/01/2019 21:00,MOSES SOUTH,23319,1848.5,3150,-1600
03/01/2019 21:00,SCH - HQ - NY,23324,1465,1500,-1000
03/01/2019 21:00,SCH - HQ_CEDARS,325274,160,160,-100
03/01/2019 21:00,SCH - HQ_IMPORT_EXPORT,325376,1310,1310,-9999
03/01/2019 21:00,SCH - NE - NY,23318,-661.78,600,-900
03/01/2019 21:00,SCH - NPX_1385,325277,-100,100,-100
03/01/2019 21:00,SCH - NPX_CSC,325154,0,330,-330
03/01/2019 21:00,SCH - OH - NY,23317,488.4,2050,-2000
03/01/2019 21:00,SCH - PJ - NY,23316,680.01,2000,-1300
03/01/2019 21:00,SCH - PJM_HTP,325905,75,660,-660
03/01/2019 21:00,SCH - PJM_NEPTUNE,325305,660,660,-660
03/01/2019 21:00,SCH - PJM_VFT,325658,315,315,-315
03/01/2019 21:00,SPR/DUN-SOUTH,23320,2690.08,4600,-9999
03/01/2019 21:00,TOTAL EAST,23314,3786.46,6800,-9999
03/01/2019 21:00,UPNY CONED,23315,2520.63,5700,-9999
03/01/2019 21:00,WEST CENTRAL,23312,963.94,9999,-9999
03/01/2019 21:05,CENTRAL EAST - VC,23330,2264.89,2670,-9999
03/01/2019 21:05,DYSINGER EAST,23326,1604.61,3150,-9999
03/01/2019 21:05,MOSES SOUTH,23319,1849.74,3150,-1600
03/01/2019 21:05,SCH - HQ - NY,23324,1465,1500,-1000
03/01/2019 21:05,SCH - HQ_CEDARS,325274,160,160,-100
03/01/2019 21:05,SCH - HQ_IMPORT_EXPORT,325376,1310,1310,-9999
03/01/2019 21:05,SCH - NE - NY,23318,-684.76,600,-900
03/01/2019 21:05,SCH - NPX_1385,325277,-100,100,-100
03/01/2019 21:05,SCH - NPX_CSC,325154,0,330,-330
03/01/2019 21:05,SCH - OH - NY,23317,454.83,2050,-2000
03/01/2019 21:05,SCH - PJ - NY,23316,758.57,2000,-1300
03/01/2019 21:05,SCH - PJM_HTP,325905,75,660,-660
03/01/2019 21:05,SCH - PJM_NEPTUNE,325305,660,660,-660
03/01/2019 21:05,SCH - PJM_VFT,325658,315,315,-315
03/01/2019 21:05,SPR/DUN-SOUTH,23320,2731.12,4600,-9999
03/01/2019 21:05,TOTAL EAST,23314,3839.09,6800,-9999
03/01/2019 21:05,UPNY CONED,23315,2559.32,5700,-9999
03/01/2019 21:05,WEST CENTRAL,23312,1017.48,9999,-9999
03/01/2019 21:10,CENTRAL EAST - VC,23330,2273.96,2670,-9999
03/01/2019 21:10,DYSINGER EAST,23326,1615.79,3150,-9999
03/01/2019 21:10,MOSES SOUTH,23319,1842.54,3150,-1600
03/01/2019 21:10,SCH - HQ - NY,23324,1465,1500,-1000
03/01/2019 21:10,SCH - HQ_CEDARS,325274,160,160,-100
03/01/2019 21:10,SCH - HQ_IMPORT_EXPORT,325376,1310,1310,-9999
03/01/2019 21:10,SCH - NE - NY,23318,-684.77,600,-900
03/01/2019 21:10,SCH - NPX_1385,325277,-100,100,-100
03/01/2019 21:10,SCH - NPX_CSC,325154,0,330,-330
03/01/2019 21:10,SCH - OH - NY,23317,452,2050,-2000
03/01/2019 21:10,SCH - PJ - NY,23316,758.4,2000,-1300
03/01/2019 21:10,SCH - PJM_HTP,325905,75,660,-660
03/01/2019 21:10,SCH - PJM_NEPTUNE,325305,660,660,-660
03/01/2019 21:10,SCH - PJM_VFT,325658,315,315,-315
03/01/2019 21:10,SPR/DUN-SOUTH,23320,2732.14,4600,-9999
03/01/2019 21:10,TOTAL EAST,23314,3882.03,6800,-9999
03/01/2019 21:10,UPNY CONED,23315,2557.62,5700,-9999
03/01/2019 21:10,WEST CENTRAL,23312,1035.07,9999,-9999
03/01/2019 21:15,CENTRAL EAST - VC,23330,2248.32,2670,-9999
03/01/2019 21:15,DYSINGER EAST,23326,1628.47,3150,-9999
03/01/2019 21:15,MOSES SOUTH,23319,1827.17,3150,-1600
03/01/2019 21:15,SCH - HQ - NY,23324,1465,1500,-1000
03/01/2019 21:15,SCH - HQ_CEDARS,325274,160,160,-100
03/01/2019 21:15,SCH - HQ_IMPORT_EXPORT,325376,1310,1310,-9999
03/01/2019 21:15,SCH - NE - NY,23318,-665.75,600,-900
03/01/2019 21:15,SCH - NPX_1385,325277,-100,100,-100
03/01/2019 21:15,SCH - NPX_CSC,325154,0,330,-330
03/01/2019 21:15,SCH - OH - NY,23317,450.81,2050,-2000
03/01/2019 21:15,SCH - PJ - NY,23316,723.64,2000,-1300
03/01/2019 21:15,SCH - PJM_HTP,325905,75,660,-660
03/01/2019 21:15,SCH - PJM_NEPTUNE,325305,660,660,-660
03/01/2019 21:15,SCH - PJM_VFT,325658,315,315,-315
03/01/2019 21:15,SPR/DUN-SOUTH,23320,2608.78,4600,-9999
03/01/2019 21:15,TOTAL EAST,23314,3896.45,6800,-9999
03/01/2019 21:15,UPNY CONED,23315,2431.31,5700,-9999
03/01/2019 21:15,WEST CENTRAL,23312,1053.04,9999,-9999
03/01/2019 21:20,CENTRAL EAST - VC,23330,2203.92,2670,-9999
03/01/2019 21:20,DYSINGER EAST,23326,1559.49,3150,-9999
03/01/2019 21:20,MOSES SOUTH,23319,1810.86,3150,-1600
03/01/2019 21:20,SCH - HQ - NY,23324,1465,1500,-1000
03/01/2019 21:20,SCH - HQ_CEDARS,325274,160,160,-100
03/01/2019 21:20,SCH - HQ_IMPORT_EXPORT,325376,1310,1310,-9999
03/01/2019 21:20,SCH - NE - NY,23318,-646.77,600,-900
03/01/2019 21:20,SCH - NPX_1385,325277,-100,100,-100
03/01/2019 21:20,SCH - NPX_CSC,325154,0,330,-330
03/01/2019 21:20,SCH - OH - NY,23317,450.77,2050,-2000
03/01/2019 21:20,SCH - PJ - NY,23316,690.71,2000,-1300
03/01/2019 21:20,SCH - PJM_HTP,325905,75,660,-660
03/01/2019 21:20,SCH - PJM_NEPTUNE,325305,660,660,-660
03/01/2019 21:20,SCH - PJM_VFT,325658,315,315,-315
03/01/2019 21:20,SPR/DUN-SOUTH,23320,2572.95,4600,-9999
03/01/2019 21:20,TOTAL EAST,23314,3916.76,6800,-9999
03/01/2019 21:20,UPNY CONED,23315,2398.46,5700,-9999
03/01/2019 21:20,WEST CENTRAL,23312,991.28,9999,-9999
03/01/2019 21:25,CENTRAL EAST - VC,23330,2179.63,2670,-9999
03/01/2019 21:25,DYSINGER EAST,23326,1537.42,3150,-9999
03/01/2019 21:25,MOSES SOUTH,23319,1802.2,3150,-1600
03/01/2019 21:25,SCH - HQ - NY,23324,1465,1500,-1000
03/01/2019 21:25,SCH - HQ_CEDARS,325274,160,160,-100
03/01/2019 21:25,SCH - HQ_IMPORT_EXPORT,325376,1310,1310,-9999
03/01/2019 21:25,SCH - NE - NY,23318,-646.77,600,-900
03/01/2019 21:25,SCH - NPX_1385,325277,-100,100,-100
03/01/2019 21:25,SCH - NPX_CSC,325154,0,330,-330
03/01/2019 21:25,SCH - OH - NY,23317,450.81,2050,-2000
03/01/2019 21:25,SCH - PJ - NY,23316,690.66,2000,-1300
03/01/2019 21:25,SCH - PJM_HTP,325905,75,660,-660
03/01/2019 21:25,SCH - PJM_NEPTUNE,325305,660,660,-660
03/01/2019 21:25,SCH - PJM_VFT,325658,315,315,-315
03/01/2019 21:25,SPR/DUN-SOUTH,23320,2610.55,4600,-9999
03/01/2019 21:25,TOTAL EAST,23314,3899.33,6800,-9999
03/01/2019 21:25,UPNY CONED,23315,2436.38,5700,-9999
03/01/2019 21:25,WEST CENTRAL,23312,973.95,9999,-9999
03/01/2019 21:30,CENTRAL EAST - VC,23330,2192.43,2670,-9999
03/01/2019 21:30,DYSINGER EAST,23326,1555.92,3150,-9999
03/01/2019 21:30,MOSES SOUTH,23319,1800.15,3150,-1600
03/01/2019 21:30,SCH - HQ - NY,23324,1465,1500,-1000
03/01/2019 21:30,SCH - HQ_CEDARS,325274,160,160,-100
03/01/2019 21:30,SCH - HQ_IMPORT_EXPORT,325376,1310,1310,-9999
03/01/2019 21:30,SCH - NE - NY,23318,-672.75,600,-900
03/01/2019 21:30,SCH - NPX_1385,325277,-100,100,-100
03/01/2019 21:30,SCH - NPX_CSC,325154,0,330,-330
03/01/2019 21:30,SCH - OH - NY,23317,450.8,2050,-2000
03/01/2019 21:30,SCH - PJ - NY,23316,721.66,2000,-1300
03/01/2019 21:30,SCH - PJM_HTP,325905,75,660,-660
03/01/2019 21:30,SCH - PJM_NEPTUNE,325305,660,660,-660
03/01/2019 21:30,SCH - PJM_VFT,325658,315,315,-315
03/01/2019 21:30,SPR/DUN-SOUTH,23320,2646.78,4600,-9999
03/01/2019 21:30,TOTAL EAST,23314,3930.36,6800,-9999
03/01/2019 21:30,UPNY CONED,23315,2459.04,5700,-9999
03/01/2019 21:30,WEST CENTRAL,23312,994.03,9999,-9999
03/01/2019 21:35,CENTRAL EAST - VC,23330,2194.3,2670,-9999
03/01/2019 21:35,DYSINGER EAST,23326,1520.93,3150,-9999
03/01/2019 21:35,MOSES SOUTH,23319,1813.14,3150,-1600
03/01/2019 21:35,SCH - HQ - NY,23324,1465,1500,-1000
03/01/2019 21:35,SCH - HQ_CEDARS,325274,160,160,-100
03/01/2019 21:35,SCH - HQ_IMPORT_EXPORT,325376,1310,1310,-9999
03/01/2019 21:35,SCH - NE - NY,23318,-699.73,600,-900
03/01/2019 21:35,SCH - NPX_1385,325277,-100,100,-100
03/01/2019 21:35,SCH - NPX_CSC,325154,0,330,-330
03/01/2019 21:35,SCH - OH - NY,23317,450.79,2050,-2000
03/01/2019 21:35,SCH - PJ - NY,23316,759.56,2000,-1300
03/01/2019 21:35,SCH - PJM_HTP,325905,75,660,-660
03/01/2019 21:35,SCH - PJM_NEPTUNE,325305,660,660,-660
03/01/2019 21:35,SCH - PJM_VFT,325658,315,315,-315
03/01/2019 21:35,SPR/DUN-SOUTH,23320,2621.98,4600,-9999
03/01/2019 21:35,TOTAL EAST,23314,3944.27,6800,-9999
03/01/2019 21:35,UPNY CONED,23315,2424.07,5700,-9999
03/01/2019 21:35,WEST CENTRAL,23312,962.23,9999,-9999
03/01/2019 21:40,CENTRAL EAST - VC,23330,2215.01,2670,-9999
03/01/2019 21:40,DYSINGER EAST,23326,1546.27,3150,-9999
03/01/2019 21:40,MOSES SOUTH,23319,1817.63,3150,-1600
03/01/2019 21:40,SCH - HQ - NY,23324,1465,1500,-1000
03/01/2019 21:40,SCH - HQ_CEDARS,325274,160,160,-100
03/01/2019 21:40,SCH - HQ_IMPORT_EXPORT,325376,1310,1310,-9999
03/01/2019 21:40,SCH - NE - NY,23318,-699.73,600,-900
03/01/2019 21:40,SCH - NPX_1385,325277,-100,100,-100
03/01/2019 21:40,SCH - NPX_CSC,325154,0,330,-330
03/01/2019 21:40,SCH - OH - NY,23317,450.77,2050,-2000
03/01/2019 21:40,SCH - PJ - NY,23316,762.6,2000,-1300
03/01/2019 21:40,SCH - PJM_HTP,325905,75,660,-660
03/01/2019 21:40,SCH - PJM_NEPTUNE,325305,660,660,-660
03/01/2019 21:40,SCH - PJM_VFT,325658,315,315,-315
03/01/2019 21:40,SPR/DUN-SOUTH,23320,2581.1,4600,-9999
03/01/2019 21:40,TOTAL EAST,23314,3988.49,6800,-9999
03/01/2019 21:40,UPNY CONED,23315,2375.1,5700,-9999
03/01/2019 21:40,WEST CENTRAL,23312,990.61,9999,-9999
03/01/2019 21:45,CENTRAL EAST - VC,23330,2228.78,2670,-9999
03/01/2019 21:45,DYSINGER EAST,23326,1544.03,3150,-9999
03/01/2019 21:45,MOSES SOUTH,23319,1823.27,3150,-1600
03/01/2019 21:45,SCH - HQ - NY,23324,1465,1500,-1000
03/01/2019 21:45,SCH - HQ_CEDARS,325274,160,160,-100
03/01/2019 21:45,SCH - HQ_IMPORT_EXPORT,325376,1310,1310,-9999
03/01/2019 21:45,SCH - NE - NY,23318,-672.75,600,-900
03/01/2019 21:45,SCH - NPX_1385,325277,-100,100,-100
03/01/2019 21:45,SCH - NPX_CSC,325154,0,330,-330
03/01/2019 21:45,SCH - OH - NY,23317,450.76,2050,-2000
03/01/2019 21:45,SCH - PJ - NY,23316,758.66,2000,-1300
03/01/2019 21:45,SCH - PJM_HTP,325905,75,660,-660
03/01/2019 21:45,SCH - PJM_NEPTUNE,325305,660,660,-660
03/01/2019 21:45,SCH - PJM_VFT,325658,315,315,-315
03/01/2019 21:45,SPR/DUN-SOUTH,23320,2596.41,4600,-9999
03/01/2019 21:45,TOTAL EAST,23314,4005.69,6800,-9999
03/01/2019 21:45,UPNY CONED,23315,2380.99,5700,-9999
03/01/2019 21:45,WEST CENTRAL,23312,992.44,9999,-9999
03/01/2019 21:50,CENTRAL EAST - VC,23330,2192.81,2670,-9999
03/01/2019 21:50,DYSINGER EAST,23326,1528.92,3150,-9999
03/01/2019 21:50,MOSES SOUTH,23319,1815.16,3150,-1600
03/01/2019 21:50,SCH - HQ - NY,23324,1465,1500,-1000
03/01/2019 21:50,SCH - HQ_CEDARS,325274,160,160,-100
03/01/2019 21:50,SCH - HQ_IMPORT_EXPORT,325376,1310,1310,-9999
03/01/2019 21:50,SCH - NE - NY,23318,-646.77,600,-900
03/01/2019 21:50,SCH - NPX_1385,325277,-100,100,-100
03/01/2019 21:50,SCH - NPX_CSC,325154,0,330,-330
03/01/2019 21:50,SCH - OH - NY,23317,450.77,2050,-2000
03/01/2019 21:50,SCH - PJ - NY,23316,759.67,2000,-1300
03/01/2019 21:50,SCH - PJM_HTP,325905,75,660,-660
03/01/2019 21:50,SCH - PJM_NEPTUNE,325305,660,660,-660
03/01/2019 21:50,SCH - PJM_VFT,325658,315,315,-315
03/01/2019 21:50,SPR/DUN-SOUTH,23320,2583.91,4600,-9999
03/01/2019 21:50,TOTAL EAST,23314,3932.06,6800,-9999
03/01/2019 21:50,UPNY CONED,23315,2361.42,5700,-9999
03/01/2019 21:50,WEST CENTRAL,23312,985.96,9999,-9999
03/01/2019 21:55,CENTRAL EAST - VC,23330,2141.96,2670,-9999
03/01/2019 21:55,DYSINGER EAST,23326,1491.48,3150,-9999
03/01/2019 21:55,MOSES SOUTH,23319,1810.31,3150,-1600
03/01/2019 21:55,SCH - HQ - NY,23324,1465,1500,-1000
03/01/2019 21:55,SCH - HQ_CEDARS,325274,160,160,-100
03/01/2019 21:55,SCH - HQ_IMPORT_EXPORT,325376,1310,1310,-9999
03/01/2019 21:55,SCH - NE - NY,23318,-646.77,600,-900
03/01/2019 21:55,SCH - NPX_1385,325277,-100,100,-100
03/01/2019 21:55,SCH - NPX_CSC,325154,0,330,-330
03/01/2019 21:55,SCH - OH - NY,23317,450.76,2050,-2000
03/01/2019 21:55,SCH - PJ - NY,23316,762.56,2000,-1300
03/01/2019 21:55,SCH - PJM_HTP,325905,75,660,-660
03/01/2019 21:55,SCH - PJM_NEPTUNE,325305,660,660,-660
03/01/2019 21:55,SCH - PJM_VFT,325658,315,315,-315
03/01/2019 21:55,SPR/DUN-SOUTH,23320,2768.33,4600,-9999
03/01/2019 21:55,TOTAL EAST,23314,3799,6800,-9999
03/01/2019 21:55,UPNY CONED,23315,2545.37,5700,-9999
03/01/2019 21:55,WEST CENTRAL,23312,955.46,9999,-9999
03/01/2019 22:00,CENTRAL EAST - VC,23330,2140.09,2670,-9999
03/01/2019 22:00,CENTRAL EAST - VC,23330,2134.33,2670,-9999
03/01/2019 22:00,DYSINGER EAST,23326,1496.21,3150,-9999
03/01/2019 22:00,DYSINGER EAST,23326,1457.68,3150,-9999
03/01/2019 22:00,MOSES SOUTH,23319,1811.27,3150,-1600
03/01/2019 22:00,MOSES SOUTH,23319,1806.75,3150,-1600
03/01/2019 22:00,SCH - HQ - NY,23324,1465,1500,-1000
03/01/2019 22:00,SCH - HQ - NY,23324,1465,1500,-1000
03/01/2019 22:00,SCH - HQ_CEDARS,325274,160,160,-100
03/01/2019 22:00,SCH - HQ_CEDARS,325274,160,160,-100
03/01/2019 22:00,SCH - HQ_IMPORT_EXPORT,325376,1310,1310,-9999
03/01/2019 22:00,SCH - HQ_IMPORT_EXPORT,325376,1310,1310,-9999
03/01/2019 22:00,SCH - NE - NY,23318,-586.81,600,-900
03/01/2019 22:00,SCH - NE - NY,23318,-586.81,600,-900
03/01/2019 22:00,SCH - NPX_1385,325277,-85,100,-100
03/01/2019 22:00,SCH - NPX_1385,325277,-85,100,-100
03/01/2019 22:00,SCH - NPX_CSC,325154,0,330,-330
03/01/2019 22:00,SCH - NPX_CSC,325154,0,330,-330
03/01/2019 22:00,SCH - OH - NY,23317,468.72,2050,-2000
03/01/2019 22:00,SCH - OH - NY,23317,468.74,2050,-2000
03/01/2019 22:00,SCH - PJ - NY,23316,952.7,2000,-1300
03/01/2019 22:00,SCH - PJ - NY,23316,953.7,2000,-1300
03/01/2019 22:00,SCH - PJM_HTP,325905,75,660,-660
03/01/2019 22:00,SCH - PJM_HTP,325905,75,660,-660
03/01/2019 22:00,SCH - PJM_NEPTUNE,325305,660,660,-660
03/01/2019 22:00,SCH - PJM_NEPTUNE,325305,660,660,-660
03/01/2019 22:00,SCH - PJM_VFT,325658,315,315,-315
03/01/2019 22:00,SCH - PJM_VFT,325658,315,315,-315
03/01/2019 22:00,SPR/DUN-SOUTH,23320,2638.71,4600,-9999
03/01/2019 22:00,SPR/DUN-SOUTH,23320,2676.78,4600,-9999
03/01/2019 22:00,TOTAL EAST,23314,3959.03,6800,-9999
03/01/2019 22:00,TOTAL EAST,23314,3981.82,6800,-9999
03/01/2019 22:00,UPNY CONED,23315,2489.35,5700,-9999
03/01/2019 22:00,UPNY CONED,23315,2463.85,5700,-9999
03/01/2019 22:00,WEST CENTRAL,23312,969.84,9999,-9999
03/01/2019 22:00,WEST CENTRAL,23312,929.48,9999,-9999
03/01/2019 22:02,CENTRAL EAST - VC,23330,2171.48,2670,-9999
03/01/2019 22:02,DYSINGER EAST,23326,1466.93,3150,-9999
03/01/2019 22:02,MOSES SOUTH,23319,1805.03,3150,-1600
03/01/2019 22:02,SCH - HQ - NY,23324,1465,1500,-1000
03/01/2019 22:02,SCH - HQ_CEDARS,325274,160,160,-100
03/01/2019 22:02,SCH - HQ_IMPORT_EXPORT,325376,1310,1310,-9999
03/01/2019 22:02,SCH - NE - NY,23318,-562.83,600,-900
03/01/2019 22:02,SCH - NPX_1385,325277,-79,100,-100
03/01/2019 22:02,SCH - NPX_CSC,325154,0,330,-330
03/01/2019 22:02,SCH - OH - NY,23317,475.7,2050,-2000
03/01/2019 22:02,SCH - PJ - NY,23316,1024.69,2000,-1300
03/01/2019 22:02,SCH - PJM_HTP,325905,75,660,-660
03/01/2019 22:02,SCH - PJM_NEPTUNE,325305,660,660,-660
03/01/2019 22:02,SCH - PJM_VFT,325658,315,315,-315
03/01/2019 22:02,SPR/DUN-SOUTH,23320,2677.97,4600,-9999
03/01/2019 22:02,TOTAL EAST,23314,4019.86,6800,-9999
03/01/2019 22:02,UPNY CONED,23315,2503.92,5700,-9999
03/01/2019 22:02,WEST CENTRAL,23312,939.36,9999,-9999
03/01/2019 22:10,CENTRAL EAST - VC,23330,2130.99,2670,-9999
03/01/2019 22:10,DYSINGER EAST,23326,1357.93,3150,-9999
03/01/2019 22:10,MOSES SOUTH,23319,1807.67,3150,-1600
03/01/2019 22:10,SCH - HQ - NY,23324,1465,1500,-1000
03/01/2019 22:10,SCH - HQ_CEDARS,325274,160,160,-100
03/01/2019 22:10,SCH - HQ_IMPORT_EXPORT,325376,1310,1310,-9999
03/01/2019 22:10,SCH - NE - NY,23318,-527.85,600,-900
03/01/2019 22:10,SCH - NPX_1385,325277,-70,100,-100
03/01/2019 22:10,SCH - NPX_CSC,325154,0,330,-330
03/01/2019 22:10,SCH - OH - NY,23317,487.65,2050,-2000
03/01/2019 22:10,SCH - PJ - NY,23316,1144.51,2000,-1300
03/01/2019 22:10,SCH - PJM_HTP,325905,75,660,-660
03/01/2019 22:10,SCH - PJM_NEPTUNE,325305,660,660,-660
03/01/2019 22:10,SCH - PJM_VFT,325658,315,315,-315
03/01/2019 22:10,SPR/DUN-SOUTH,23320,2585.42,4600,-9999
03/01/2019 22:10,TOTAL EAST,23314,3970.2,6800,-9999
03/01/2019 22:10,UPNY CONED,23315,2421.97,5700,-9999
03/01/2019 22:10,WEST CENTRAL,23312,845.54,9999,-9999
03/01/2019 22:15,CENTRAL EAST - VC,23330,2169.66,2640,-9999
03/01/2019 22:15,DYSINGER EAST,23326,1420.19,3150,-9999
03/01/2019 22:15,MOSES SOUTH,23319,1820.12,3150,-1600
03/01/2019 22:15,SCH - HQ - NY,23324,1465,1500,-1000
03/01/2019 22:15,SCH - HQ_CEDARS,325274,160,160,-100
03/01/2019 22:15,SCH - HQ_IMPORT_EXPORT,325376,1310,1310,-9999
03/01/2019 22:15,SCH - NE - NY,23318,-589.81,600,-900
03/01/2019 22:15,SCH - NPX_1385,325277,-70,100,-100
03/01/2019 22:15,SCH - NPX_CSC,325154,0,330,-330
03/01/2019 22:15,SCH - OH - NY,23317,487.7,2050,-2000
03/01/2019 22:15,SCH - PJ - NY,23316,1145.42,2000,-1300
03/01/2019 22:15,SCH - PJM_HTP,325905,75,660,-660
03/01/2019 22:15,SCH - PJM_NEPTUNE,325305,660,660,-660
03/01/2019 22:15,SCH - PJM_VFT,325658,315,315,-315
03/01/2019 22:15,SPR/DUN-SOUTH,23320,2544.88,4600,-9999
03/01/2019 22:15,TOTAL EAST,23314,4006.06,6800,-9999
03/01/2019 22:15,UPNY CONED,23315,2376.64,5700,-9999
03/01/2019 22:15,WEST CENTRAL,23312,908.08,9999,-9999
03/01/2019 22:20,CENTRAL EAST - VC,23330,2195.12,2640,-9999
03/01/2019 22:20,DYSINGER EAST,23326,1459.16,3150,-9999
03/01/2019 22:20,MOSES SOUTH,23319,1825.44,3150,-1600
03/01/2019 22:20,SCH - HQ - NY,23324,1465,1500,-1000
03/01/2019 22:20,SCH - HQ_CEDARS,325274,160,160,-100
03/01/2019 22:20,SCH - HQ_IMPORT_EXPORT,325376,1310,1310,-9999
03/01/2019 22:20,SCH - NE - NY,23318,-651.77,600,-900
03/01/2019 22:20,SCH - NPX_1385,325277,-70,100,-100
03/01/2019 22:20,SCH - NPX_CSC,325154,0,330,-330
03/01/2019 22:20,SCH - OH - NY,23317,484.55,2050,-2000
03/01/2019 22:20,SCH - PJ - NY,23316,1149.6,2000,-1300
03/01/2019 22:20,SCH - PJM_HTP,325905,75,660,-660
03/01/2019 22:20,SCH - PJM_NEPTUNE,325305,660,660,-660
03/01/2019 22:20,SCH - PJM_VFT,325658,315,315,-315
03/01/2019 22:20,SPR/DUN-SOUTH,23320,2533.23,4600,-9999
03/01/2019 22:20,TOTAL EAST,23314,4017.25,6800,-9999
03/01/2019 22:20,UPNY CONED,23315,2348.71,5700,-9999
03/01/2019 22:20,WEST CENTRAL,23312,948.76,9999,-9999
03/01/2019 22:25,CENTRAL EAST - VC,23330,2228.31,2640,-9999
03/01/2019 22:25,DYSINGER EAST,23326,1493.32,3150,-9999
03/01/2019 22:25,MOSES SOUTH,23319,1826.6,3150,-1600
03/01/2019 22:25,SCH - HQ - NY,23324,1465,1500,-1000
03/01/2019 22:25,SCH - HQ_CEDARS,325274,160,160,-100
03/01/2019 22:25,SCH - HQ_IMPORT_EXPORT,325376,1310,1310,-9999
03/01/2019 22:25,SCH - NE - NY,23318,-651.76,600,-900
03/01/2019 22:25,SCH - NPX_1385,325277,-70,100,-100
03/01/2019 22:25,SCH - NPX_CSC,325154,0,330,-330
03/01/2019 22:25,SCH - OH - NY,23317,485.77,2050,-2000
03/01/2019 22:25,SCH - PJ - NY,23316,1147.43,2000,-1300
03/01/2019 22:25,SCH - PJM_HTP,325905,75,660,-660
03/01/2019 22:25,SCH - PJM_NEPTUNE,325305,660,660,-660
03/01/2019 22:25,SCH - PJM_VFT,325658,315,315,-315
03/01/2019 22:25,SPR/DUN-SOUTH,23320,2560.8,4600,-9999
03/01/2019 22:25,TOTAL EAST,23314,4036.29,6800,-9999
03/01/2019 22:25,UPNY CONED,23315,2378.17,5700,-9999
03/01/2019 22:25,WEST CENTRAL,23312,986.69,9999,-9999
03/01/2019 22:30,CENTRAL EAST - VC,23330,2149.39,2640,-9999
03/01/2019 22:30,DYSINGER EAST,23326,1332.02,3150,-9999
03/01/2019 22:30,MOSES SOUTH,23319,1836.81,3150,-1600
03/01/2019 22:30,SCH - HQ - NY,23324,1465,1500,-1000
03/01/2019 22:30,SCH - HQ_CEDARS,325274,160,160,-100
03/01/2019 22:30,SCH - HQ_IMPORT_EXPORT,325376,1310,1310,-9999
03/01/2019 22:30,SCH - NE - NY,23318,-642.78,600,-900
03/01/2019 22:30,SCH - NPX_1385,325277,-70,100,-100
03/01/2019 22:30,SCH - NPX_CSC,325154,0,330,-330
03/01/2019 22:30,SCH - OH - NY,23317,491.64,2050,-2000
03/01/2019 22:30,SCH - PJ - NY,23316,1140.76,2000,-1300
03/01/2019 22:30,SCH - PJM_HTP,325905,75,660,-660
03/01/2019 22:30,SCH - PJM_NEPTUNE,325305,660,660,-660
03/01/2019 22:30,SCH - PJM_VFT,325658,315,315,-315
03/01/2019 22:30,SPR/DUN-SOUTH,23320,2577.21,4600,-9999
03/01/2019 22:30,TOTAL EAST,23314,3931.8,6800,-9999
03/01/2019 22:30,UPNY CONED,23315,2393.71,5700,-9999
03/01/2019 22:30,WEST CENTRAL,23312,836.16,9999,-9999
03/01/2019 22:35,CENTRAL EAST - VC,23330,2178.42,2640,-9999
03/01/2019 22:35,DYSINGER EAST,23326,1317.52,3150,-9999
03/01/2019 22:35,MOSES SOUTH,23319,1837.68,3150,-1600
03/01/2019 22:35,SCH - HQ - NY,23324,1465,1500,-1000
03/01/2019 22:35,SCH - HQ_CEDARS,325274,160,160,-100
03/01/2019 22:35,SCH - HQ_IMPORT_EXPORT,325376,1310,1310,-9999
03/01/2019 22:35,SCH - NE - NY,23318,-634.78,600,-900
03/01/2019 22:35,SCH - NPX_1385,325277,-70,100,-100
03/01/2019 22:35,SCH - NPX_CSC,325154,0,330,-330
03/01/2019 22:35,SCH - OH - NY,23317,488.02,2050,-2000
03/01/2019 22:35,SCH - PJ - NY,23316,1143.05,2000,-1300
03/01/2019 22:35,SCH - PJM_HTP,325905,75,660,-660
03/01/2019 22:35,SCH - PJM_NEPTUNE,325305,660,660,-660
03/01/2019 22:35,SCH - PJM_VFT,325658,315,315,-315
03/01/2019 22:35,SPR/DUN-SOUTH,23320,2688.98,4600,-9999
03/01/2019 22:35,TOTAL EAST,23314,3904.94,6800,-9999
03/01/2019 22:35,UPNY CONED,23315,2499.68,5700,-9999
03/01/2019 22:35,WEST CENTRAL,23312,830.28,9999,-9999
03/01/2019 22:40,CENTRAL EAST - VC,23330,2152.14,2640,-9999
03/01/2019 22:40,DYSINGER EAST,23326,1272.6,3150,-9999
03/01/2019 22:40,MOSES SOUTH,23319,1840.3,3150,-1600
03/01/2019 22:40,SCH - HQ - NY,23324,1465,1500,-1000
03/01/2019 22:40,SCH - HQ_CEDARS,325274,160,160,-100
03/01/2019 22:40,SCH - HQ_IMPORT_EXPORT,325376,1310,1310,-9999
03/01/2019 22:40,SCH - NE - NY,23318,-634.78,600,-900
03/01/2019 22:40,SCH - NPX_1385,325277,-70,100,-100
03/01/2019 22:40,SCH - NPX_CSC,325154,0,330,-330
03/01/2019 22:40,SCH - OH - NY,23317,486.18,2050,-2000
03/01/2019 22:40,SCH - PJ - NY,23316,1145.83,2000,-1300
03/01/2019 22:40,SCH - PJM_HTP,325905,75,660,-660
03/01/2019 22:40,SCH - PJM_NEPTUNE,325305,660,660,-660
03/01/2019 22:40,SCH - PJM_VFT,325658,315,315,-315
03/01/2019 22:40,SPR/DUN-SOUTH,23320,2666.92,4600,-9999
03/01/2019 22:40,TOTAL EAST,23314,3884.02,6800,-9999
03/01/2019 22:40,UPNY CONED,23315,2476.32,5700,-9999
03/01/2019 22:40,WEST CENTRAL,23312,789.95,9999,-9999
03/01/2019 22:45,CENTRAL EAST - VC,23330,2133.2,2610,-9999
03/01/2019 22:45,DYSINGER EAST,23326,1232.44,3150,-9999
03/01/2019 22:45,MOSES SOUTH,23319,1840.22,3150,-1600
03/01/2019 22:45,SCH - HQ - NY,23324,1465,1500,-1000
03/01/2019 22:45,SCH - HQ_CEDARS,325274,160,160,-100
03/01/2019 22:45,SCH - HQ_IMPORT_EXPORT,325376,1310,1310,-9999
03/01/2019 22:45,SCH - NE - NY,23318,-627.79,600,-900
03/01/2019 22:45,SCH - NPX_1385,325277,-70,100,-100
03/01/2019 22:45,SCH - NPX_CSC,325154,0,330,-330
03/01/2019 22:45,SCH - OH - NY,23317,483.56,2050,-2000
03/01/2019 22:45,SCH - PJ - NY,23316,1149.48,2000,-1300
03/01/2019 22:45,SCH - PJM_HTP,325905,75,660,-660
03/01/2019 22:45,SCH - PJM_NEPTUNE,325305,660,660,-660
03/01/2019 22:45,SCH - PJM_VFT,325658,315,315,-315
03/01/2019 22:45,SPR/DUN-SOUTH,23320,2733.07,4600,-9999
03/01/2019 22:45,TOTAL EAST,23314,3908.78,6800,-9999
03/01/2019 22:45,UPNY CONED,23315,2543.53,5700,-9999
03/01/2019 22:45,WEST CENTRAL,23312,754.83,9999,-9999
03/01/2019 22:50,CENTRAL EAST - VC,23330,2118.25,2580,-9999
03/01/2019 22:50,DYSINGER EAST,23326,1248.21,3150,-9999
03/01/2019 22:50,MOSES SOUTH,23319,1850.09,3150,-1600
03/01/2019 22:50,SCH - HQ - NY,23324,1465,1500,-1000
03/01/2019 22:50,SCH - HQ_CEDARS,325274,160,160,-100
03/01/2019 22:50,SCH - HQ_IMPORT_EXPORT,325376,1310,1310,-9999
03/01/2019 22:50,SCH - NE - NY,23318,-621.79,600,-900
03/01/2019 22:50,SCH - NPX_1385,325277,-70,100,-100
03/01/2019 22:50,SCH - NPX_CSC,325154,0,330,-330
03/01/2019 22:50,SCH - OH - NY,23317,487.78,2050,-2000
03/01/2019 22:50,SCH - PJ - NY,23316,1145.32,2000,-1300
03/01/2019 22:50,SCH - PJM_HTP,325905,75,660,-660
03/01/2019 22:50,SCH - PJM_NEPTUNE,325305,660,660,-660
03/01/2019 22:50,SCH - PJM_VFT,325658,315,315,-315
03/01/2019 22:50,SPR/DUN-SOUTH,23320,2715.46,4600,-9999
03/01/2019 22:50,TOTAL EAST,23314,3845.92,6800,-9999
03/01/2019 22:50,UPNY CONED,23315,2513.18,5700,-9999
03/01/2019 22:50,WEST CENTRAL,23312,774.27,9999,-9999
03/01/2019 22:55,CENTRAL EAST - VC,23330,2106.52,2580,-9999
03/01/2019 22:55,DYSINGER EAST,23326,1242.96,3150,-9999
03/01/2019 22:55,MOSES SOUTH,23319,1853.2,3150,-1600
03/01/2019 22:55,SCH - HQ - NY,23324,1465,1500,-1000
03/01/2019 22:55,SCH - HQ_CEDARS,325274,160,160,-100
03/01/2019 22:55,SCH - HQ_IMPORT_EXPORT,325376,1310,1310,-9999
03/01/2019 22:55,SCH - NE - NY,23318,-621.79,600,-900
03/01/2019 22:55,SCH - NPX_1385,325277,-70,100,-100
03/01/2019 22:55,SCH - NPX_CSC,325154,0,330,-330
03/01/2019 22:55,SCH - OH - NY,23317,490.87,2050,-2000
03/01/2019 22:55,SCH - PJ - NY,23316,1141.31,2000,-1300
03/01/2019 22:55,SCH - PJM_HTP,325905,75,660,-660
03/01/2019 22:55,SCH - PJM_NEPTUNE,325305,660,660,-660
03/01/2019 22:55,SCH - PJM_VFT,325658,315,315,-315
03/01/2019 22:55,SPR/DUN-SOUTH,23320,2700.88,4600,-9999
03/01/2019 22:55,TOTAL EAST,23314,3803.95,6800,-9999
03/01/2019 22:55,UPNY CONED,23315,2482.86,5700,-9999
03/01/2019 22:55,WEST CENTRAL,23312,777.2,9999,-9999
03/01/2019 23:00,CENTRAL EAST - VC,23330,2144.84,2580,-9999
03/01/2019 23:00,DYSINGER EAST,23326,1309.03,3150,-9999
03/01/2019 23:00,MOSES SOUTH,23319,1868.61,3150,-1600
03/01/2019 23:00,SCH - HQ - NY,23324,1465,1500,-1000
03/01/2019 23:00,SCH - HQ_CEDARS,325274,160,160,-100
03/01/2019 23:00,SCH - HQ_IMPORT_EXPORT,325376,1310,1310,-9999
03/01/2019 23:00,SCH - NE - NY,23318,-660.77,600,-900
03/01/2019 23:00,SCH - NPX_1385,325277,-75,100,-100
03/01/2019 23:00,SCH - NPX_CSC,325154,0,330,-330
03/01/2019 23:00,SCH - OH - NY,23317,675.88,2050,-2000
03/01/2019 23:00,SCH - PJ - NY,23316,1145.01,2000,-1300
03/01/2019 23:00,SCH - PJM_HTP,325905,75,660,-660
03/01/2019 23:00,SCH - PJM_NEPTUNE,325305,660,660,-660
03/01/2019 23:00,SCH - PJM_VFT,325658,315,315,-315
03/01/2019 23:00,SPR/DUN-SOUTH,23320,2693.94,4600,-9999
03/01/2019 23:00,TOTAL EAST,23314,3825.63,6800,-9999
03/01/2019 23:00,UPNY CONED,23315,2457.88,5700,-9999
03/01/2019 23:00,WEST CENTRAL,23312,849.44,9999,-9999
03/01/2019 23:05,CENTRAL EAST - VC,23330,2186.17,2580,-9999
03/01/2019 23:05,DYSINGER EAST,23326,1312.64,3150,-9999
03/01/2019 23:05,MOSES SOUTH,23319,1891.95,3150,-1600
03/01/2019 23:05,SCH - HQ - NY,23324,1465,1500,-1000
03/01/2019 23:05,SCH - HQ_CEDARS,325274,160,160,-100
03/01/2019 23:05,SCH - HQ_IMPORT_EXPORT,325376,1310,1310,-9999
03/01/2019 23:05,SCH - NE - NY,23318,-699.75,600,-900
03/01/2019 23:05,SCH - NPX_1385,325277,-80,100,-100
03/01/2019 23:05,SCH - NPX_CSC,325154,0,330,-330
03/01/2019 23:05,SCH - OH - NY,23317,863.5,2050,-2000
03/01/2019 23:05,SCH - PJ - NY,23316,1150.05,2000,-1300
03/01/2019 23:05,SCH - PJM_HTP,325905,75,660,-660
03/01/2019 23:05,SCH - PJM_NEPTUNE,325305,660,660,-660
03/01/2019 23:05,SCH - PJM_VFT,325658,315,315,-315
03/01/2019 23:05,SPR/DUN-SOUTH,23320,2741.63,4600,-9999
03/01/2019 23:05,TOTAL EAST,23314,3887,6800,-9999
03/01/2019 23:05,UPNY CONED,23315,2498.57,5700,-9999
03/01/2019 23:05,WEST CENTRAL,23312,860.95,9999,-9999
03/01/2019 23:10,CENTRAL EAST - VC,23330,2129.1,2580,-9999
03/01/2019 23:10,DYSINGER EAST,23326,1158.61,3150,-9999
03/01/2019 23:10,MOSES SOUTH,23319,1898.22,3150,-1600
03/01/2019 23:10,SCH - HQ - NY,23324,1465,1500,-1000
03/01/2019 23:10,SCH - HQ_CEDARS,325274,160,160,-100
03/01/2019 23:10,SCH - HQ_IMPORT_EXPORT,325376,1310,1310,-9999
03/01/2019 23:10,SCH - NE - NY,23318,-699.74,600,-900
03/01/2019 23:10,SCH - NPX_1385,325277,-80,100,-100
03/01/2019 23:10,SCH - NPX_CSC,325154,0,330,-330
03/01/2019 23:10,SCH - OH - NY,23317,863.46,2050,-2000
03/01/2019 23:10,SCH - PJ - NY,23316,1149.96,2000,-1300
03/01/2019 23:10,SCH - PJM_HTP,325905,75,660,-660
03/01/2019 23:10,SCH - PJM_NEPTUNE,325305,660,660,-660
03/01/2019 23:10,SCH - PJM_VFT,325658,315,315,-315
03/01/2019 23:10,SPR/DUN-SOUTH,23320,2691.28,4600,-9999
03/01/2019 23:10,TOTAL EAST,23314,3826.06,6800,-9999
03/01/2019 23:10,UPNY CONED,23315,2434.72,5700,-9999
03/01/2019 23:10,WEST CENTRAL,23312,719.98,9999,-9999
03/01/2019 23:15,CENTRAL EAST - VC,23330,2116.74,2580,-9999
03/01/2019 23:15,DYSINGER EAST,23326,1133.25,3150,-9999
03/01/2019 23:15,MOSES SOUTH,23319,1899.98,3150,-1600
03/01/2019 23:15,SCH - HQ - NY,23324,1465,1500,-1000
03/01/2019 23:15,SCH - HQ_CEDARS,325274,160,160,-100
03/01/2019 23:15,SCH - HQ_IMPORT_EXPORT,325376,1310,1310,-9999
03/01/2019 23:15,SCH - NE - NY,23318,-699.71,600,-900
03/01/2019 23:15,SCH - NPX_1385,325277,-80,100,-100
03/01/2019 23:15,SCH - NPX_CSC,325154,0,330,-330
03/01/2019 23:15,SCH - OH - NY,23317,863.5,2050,-2000
03/01/2019 23:15,SCH - PJ - NY,23316,1099.91,2000,-1300
03/01/2019 23:15,SCH - PJM_HTP,325905,69,660,-660
03/01/2019 23:15,SCH - PJM_NEPTUNE,325305,660,660,-660
03/01/2019 23:15,SCH - PJM_VFT,325658,315,315,-315
03/01/2019 23:15,SPR/DUN-SOUTH,23320,2673.83,4600,-9999
03/01/2019 23:15,TOTAL EAST,23314,3786.23,6800,-9999
03/01/2019 23:15,UPNY CONED,23315,2402.68,5700,-9999
03/01/2019 23:15,WEST CENTRAL,23312,699.87,9999,-9999
03/01/2019 23:20,CENTRAL EAST - VC,23330,2114.07,2580,-9999
03/01/2019 23:20,DYSINGER EAST,23326,1129.81,3150,-9999
03/01/2019 23:20,MOSES SOUTH,23319,1905.05,3150,-1600
03/01/2019 23:20,SCH - HQ - NY,23324,1465,1500,-1000
03/01/2019 23:20,SCH - HQ_CEDARS,325274,160,160,-100
03/01/2019 23:20,SCH - HQ_IMPORT_EXPORT,325376,1310,1310,-9999
03/01/2019 23:20,SCH - NE - NY,23318,-699.7,600,-900
03/01/2019 23:20,SCH - NPX_1385,325277,-80,100,-100
03/01/2019 23:20,SCH - NPX_CSC,325154,0,330,-330
03/01/2019 23:20,SCH - OH - NY,23317,863.53,2050,-2000
03/01/2019 23:20,SCH - PJ - NY,23316,1050.06,2000,-1300
03/01/2019 23:20,SCH - PJM_HTP,325905,63,660,-660
03/01/2019 23:20,SCH - PJM_NEPTUNE,325305,660,660,-660
03/01/2019 23:20,SCH - PJM_VFT,325658,315,315,-315
03/01/2019 23:20,SPR/DUN-SOUTH,23320,2670.48,4600,-9999
03/01/2019 23:20,TOTAL EAST,23314,3726.16,6800,-9999
03/01/2019 23:20,UPNY CONED,23315,2384.59,5700,-9999
03/01/2019 23:20,WEST CENTRAL,23312,698.68,9999,-9999
03/01/2019 23:25,CENTRAL EAST - VC,23330,2093.77,2580,-9999
03/01/2019 23:25,DYSINGER EAST,23326,1108.77,3150,-9999
03/01/2019 23:25,MOSES SOUTH,23319,1900.51,3150,-1600
03/01/2019 23:25,SCH - HQ - NY,23324,1465,1500,-1000
03/01/2019 23:25,SCH - HQ_CEDARS,325274,160,160,-100
03/01/2019 23:25,SCH - HQ_IMPORT_EXPORT,325376,1310,1310,-9999
03/01/2019 23:25,SCH - NE - NY,23318,-699.7,600,-900
03/01/2019 23:25,SCH - NPX_1385,325277,-80,100,-100
03/01/2019 23:25,SCH - NPX_CSC,325154,0,330,-330
03/01/2019 23:25,SCH - OH - NY,23317,863.58,2050,-2000
03/01/2019 23:25,SCH - PJ - NY,23316,1048.04,2000,-1300
03/01/2019 23:25,SCH - PJM_HTP,325905,63,660,-660
03/01/2019 23:25,SCH - PJM_NEPTUNE,325305,660,660,-660
03/01/2019 23:25,SCH - PJM_VFT,325658,315,315,-315
03/01/2019 23:25,SPR/DUN-SOUTH,23320,2649.49,4600,-9999
03/01/2019 23:25,TOTAL EAST,23314,3681.4,6800,-9999
03/01/2019 23:25,UPNY CONED,23315,2347.75,5700,-9999
03/01/2019 23:25,WEST CENTRAL,23312,679.29,9999,-9999
03/01/2019 23:30,CENTRAL EAST - VC,23330,2093.92,2580,-9999
03/01/2019 23:30,DYSINGER EAST,23326,1096.34,3150,-9999
03/01/2019 23:30,MOSES SOUTH,23319,1905.04,3150,-1600
03/01/2019 23:30,SCH - HQ - NY,23324,1465,1500,-1000
03/01/2019 23:30,SCH - HQ_CEDARS,325274,160,160,-100
03/01/2019 23:30,SCH - HQ_IMPORT_EXPORT,325376,1310,1310,-9999
03/01/2019 23:30,SCH - NE - NY,23318,-699.7,600,-900
03/01/2019 23:30,SCH - NPX_1385,325277,-80,100,-100
03/01/2019 23:30,SCH - NPX_CSC,325154,0,330,-330
03/01/2019 23:30,SCH - OH - NY,23317,863.63,2050,-2000
03/01/2019 23:30,SCH - PJ - NY,23316,1049,2000,-1300
03/01/2019 23:30,SCH - PJM_HTP,325905,31,660,-660
03/01/2019 23:30,SCH - PJM_NEPTUNE,325305,660,660,-660
03/01/2019 23:30,SCH - PJM_VFT,325658,315,315,-315
03/01/2019 23:30,SPR/DUN-SOUTH,23320,2663.5,4600,-9999
03/01/2019 23:30,TOTAL EAST,23314,3662.16,6800,-9999
03/01/2019 23:30,UPNY CONED,23315,2341.42,5700,-9999
03/01/2019 23:30,WEST CENTRAL,23312,669.41,9999,-9999
03/01/2019 23:35,CENTRAL EAST - VC,23330,2105.88,2580,-9999
03/01/2019 23:35,DYSINGER EAST,23326,1138.92,3150,-9999
03/01/2019 23:35,MOSES SOUTH,23319,1924.64,3150,-1600
03/01/2019 23:35,SCH - HQ - NY,23324,1465,1500,-1000
03/01/2019 23:35,SCH - HQ_CEDARS,325274,160,160,-100
03/01/2019 23:35,SCH - HQ_IMPORT_EXPORT,325376,1310,1310,-9999
03/01/2019 23:35,SCH - NE - NY,23318,-699.92,600,-900
03/01/2019 23:35,SCH - NPX_1385,325277,-80,100,-100
03/01/2019 23:35,SCH - NPX_CSC,325154,0,330,-330
03/01/2019 23:35,SCH - OH - NY,23317,859.82,2050,-2000
03/01/2019 23:35,SCH - PJ - NY,23316,1056.89,2000,-1300
03/01/2019 23:35,SCH - PJM_HTP,325905,0,660,-660
03/01/2019 23:35,SCH - PJM_NEPTUNE,325305,660,660,-660
03/01/2019 23:35,SCH - PJM_VFT,325658,315,315,-315
03/01/2019 23:35,SPR/DUN-SOUTH,23320,2681.34,4600,-9999
03/01/2019 23:35,TOTAL EAST,23314,3647.97,6800,-9999
03/01/2019 23:35,UPNY CONED,23315,2344.75,5700,-9999
03/01/2019 23:35,WEST CENTRAL,23312,715.26,9999,-9999
03/01/2019 23:40,CENTRAL EAST - VC,23330,2061.86,2580,-9999
03/01/2019 23:40,DYSINGER EAST,23326,1081.38,3150,-9999
03/01/2019 23:40,MOSES SOUTH,23319,1921.81,3150,-1600
03/01/2019 23:40,SCH - HQ - NY,23324,1465,1500,-1000
03/01/2019 23:40,SCH - HQ_CEDARS,325274,160,160,-100
03/01/2019 23:40,SCH - HQ_IMPORT_EXPORT,325376,1310,1310,-9999
03/01/2019 23:40,SCH - NE - NY,23318,-699.69,600,-900
03/01/2019 23:40,SCH - NPX_1385,325277,-80,100,-100
03/01/2019 23:40,SCH - NPX_CSC,325154,0,330,-330
03/01/2019 23:40,SCH - OH - NY,23317,863.8,2050,-2000
03/01/2019 23:40,SCH - PJ - NY,23316,1051.07,2000,-1300
03/01/2019 23:40,SCH - PJM_HTP,325905,0,660,-660
03/01/2019 23:40,SCH - PJM_NEPTUNE,325305,660,660,-660
03/01/2019 23:40,SCH - PJM_VFT,325658,315,315,-315
03/01/2019 23:40,SPR/DUN-SOUTH,23320,2646.57,4600,-9999
03/01/2019 23:40,TOTAL EAST,23314,3598.04,6800,-9999
03/01/2019 23:40,UPNY CONED,23315,2295.54,5700,-9999
03/01/2019 23:40,WEST CENTRAL,23312,662.8,9999,-9999
03/01/2019 23:45,CENTRAL EAST - VC,23330,2031.5,2580,-9999
03/01/2019 23:45,DYSINGER EAST,23326,1036.64,3150,-9999
03/01/2019 23:45,MOSES SOUTH,23319,1918.17,3150,-1600
03/01/2019 23:45,SCH - HQ - NY,23324,1465,1500,-1000
03/01/2019 23:45,SCH - HQ_CEDARS,325274,160,160,-100
03/01/2019 23:45,SCH - HQ_IMPORT_EXPORT,325376,1310,1310,-9999
03/01/2019 23:45,SCH - NE - NY,23318,-699.7,600,-900
03/01/2019 23:45,SCH - NPX_1385,325277,-80,100,-100
03/01/2019 23:45,SCH - NPX_CSC,325154,0,330,-330
03/01/2019 23:45,SCH - OH - NY,23317,859.2,2050,-2000
03/01/2019 23:45,SCH - PJ - NY,23316,1056.43,2000,-1300
03/01/2019 23:45,SCH - PJM_HTP,325905,37,660,-660
03/01/2019 23:45,SCH - PJM_NEPTUNE,325305,660,660,-660
03/01/2019 23:45,SCH - PJM_VFT,325658,315,315,-315
03/01/2019 23:45,SPR/DUN-SOUTH,23320,2604.13,4600,-9999
03/01/2019 23:45,TOTAL EAST,23314,3519.32,6800,-9999
03/01/2019 23:45,UPNY CONED,23315,2243.55,5700,-9999
03/01/2019 23:45,WEST CENTRAL,23312,623.87,9999,-9999
03/01/2019 23:50,CENTRAL EAST - VC,23330,2059.21,2580,-9999
03/01/2019 23:50,DYSINGER EAST,23326,1052.2,3150,-9999
03/01/2019 23:50,MOSES SOUTH,23319,1912.87,3150,-1600
03/01/2019 23:50,SCH - HQ - NY,23324,1465,1500,-1000
03/01/2019 23:50,SCH - HQ_CEDARS,325274,160,160,-100
03/01/2019 23:50,SCH - HQ_IMPORT_EXPORT,325376,1310,1310,-9999
03/01/2019 23:50,SCH - NE - NY,23318,-699.94,600,-900
03/01/2019 23:50,SCH - NPX_1385,325277,-80,100,-100
03/01/2019 23:50,SCH - NPX_CSC,325154,0,330,-330
03/01/2019 23:50,SCH - OH - NY,23317,863.79,2050,-2000
03/01/2019 23:50,SCH - PJ - NY,23316,1051.62,2000,-1300
03/01/2019 23:50,SCH - PJM_HTP,325905,75,660,-660
03/01/2019 23:50,SCH - PJM_NEPTUNE,325305,660,660,-660
03/01/2019 23:50,SCH - PJM_VFT,325658,315,315,-315
03/01/2019 23:50,SPR/DUN-SOUTH,23320,2562.76,4600,-9999
03/01/2019 23:50,TOTAL EAST,23314,3486.03,6800,-9999
03/01/2019 23:50,UPNY CONED,23315,2178.57,5700,-9999
03/01/2019 23:50,WEST CENTRAL,23312,642.47,9999,-9999
03/01/2019 23:55,CENTRAL EAST - VC,23330,2050.43,2580,-9999
03/01/2019 23:55,DYSINGER EAST,23326,1019.24,3150,-9999
03/01/2019 23:55,MOSES SOUTH,23319,1923.42,3150,-1600
03/01/2019 23:55,SCH - HQ - NY,23324,1465,1500,-1000
03/01/2019 23:55,SCH - HQ_CEDARS,325274,160,160,-100
03/01/2019 23:55,SCH - HQ_IMPORT_EXPORT,325376,1310,1310,-9999
03/01/2019 23:55,SCH - NE - NY,23318,-699.94,600,-900
03/01/2019 23:55,SCH - NPX_1385,325277,-80,100,-100
03/01/2019 23:55,SCH - NPX_CSC,325154,0,330,-330
03/01/2019 23:55,SCH - OH - NY,23317,863.78,2050,-2000
03/01/2019 23:55,SCH - PJ - NY,23316,1051.59,2000,-1300
03/01/2019 23:55,SCH - PJM_HTP,325905,75,660,-660
03/01/2019 23:55,SCH - PJM_NEPTUNE,325305,660,660,-660
03/01/2019 23:55,SCH - PJM_VFT,325658,315,315,-315
03/01/2019 23:55,SPR/DUN-SOUTH,23320,2535.63,4600,-9999
03/01/2019 23:55,TOTAL EAST,23314,3457.16,6800,-9999
03/01/2019 23:55,UPNY CONED,23315,2132.64,5700,-9999
03/01/2019 23:55,WEST CENTRAL,23312,615.27,9999,-9999
