Time Stamp,Time Zone,Fuel Category,Gen MW
09/16/2020 00:05:00,EDT,Dual Fuel,2690.0
09/16/2020 00:05:00,EDT,Natural Gas,2373.0
09/16/2020 00:05:00,EDT,Nuclear,3498.0
09/16/2020 00:05:00,EDT,Other Fossil Fuels,1.0
09/16/2020 00:05:00,EDT,Other Renewables,257.0
09/16/2020 00:05:00,EDT,Wind,923.0
09/16/2020 00:05:00,EDT,Hydro,2740.0
09/16/2020 00:10:00,EDT,Dual Fuel,2817.0
09/16/2020 00:10:00,EDT,Natural Gas,2174.0
09/16/2020 00:10:00,EDT,Nuclear,3499.0
09/16/2020 00:10:00,EDT,Other Fossil Fuels,1.0
09/16/2020 00:10:00,EDT,Other Renewables,256.0
09/16/2020 00:10:00,EDT,Wind,936.0
09/16/2020 00:10:00,EDT,Hydro,2603.0
09/16/2020 00:15:00,EDT,Dual Fuel,2979.0
09/16/2020 00:15:00,EDT,Natural Gas,2003.0
09/16/2020 00:15:00,EDT,Nuclear,3499.0
09/16/2020 00:15:00,EDT,Other Fossil Fuels,1.0
09/16/2020 00:15:00,EDT,Other Renewables,255.0
09/16/2020 00:15:00,EDT,Wind,958.0
09/16/2020 00:15:00,EDT,Hydro,2512.0
09/16/2020 00:20:00,EDT,Dual Fuel,2840.0
09/16/2020 00:20:00,EDT,Natural Gas,1882.0
09/16/2020 00:20:00,EDT,Nuclear,3501.0
09/16/2020 00:20:00,EDT,Other Fossil Fuels,1.0
09/16/2020 00:20:00,EDT,Other Renewables,258.0
09/16/2020 00:20:00,EDT,Wind,965.0
09/16/2020 00:20:00,EDT,Hydro,2570.0
09/16/2020 00:25:00,EDT,Dual Fuel,2939.0
09/16/2020 00:25:00,EDT,Natural Gas,1816.0
09/16/2020 00:25:00,EDT,Nuclear,3498.0
09/16/2020 00:25:00,EDT,Other Fossil Fuels,1.0
09/16/2020 00:25:00,EDT,Other Renewables,260.0
09/16/2020 00:25:00,EDT,Wind,964.0
09/16/2020 00:25:00,EDT,Hydro,2474.0
09/16/2020 00:30:00,EDT,Dual Fuel,2944.0
09/16/2020 00:30:00,EDT,Natural Gas,1791.0
09/16/2020 00:30:00,EDT,Nuclear,3499.0
09/16/2020 00:30:00,EDT,Other Fossil Fuels,1.0
09/16/2020 00:30:00,EDT,Other Renewables,255.0
09/16/2020 00:30:00,EDT,Wind,987.0
09/16/2020 00:30:00,EDT,Hydro,2460.0
09/16/2020 00:35:00,EDT,Dual Fuel,2976.0
09/16/2020 00:35:00,EDT,Natural Gas,1650.0
09/16/2020 00:35:00,EDT,Nuclear,3499.0
09/16/2020 00:35:00,EDT,Other Fossil Fuels,1.0
09/16/2020 00:35:00,EDT,Other Renewables,255.0
09/16/2020 00:35:00,EDT,Wind,1008.0
09/16/2020 00:35:00,EDT,Hydro,2471.0
09/16/2020 00:40:00,EDT,Dual Fuel,2934.0
09/16/2020 00:40:00,EDT,Natural Gas,1575.0
09/16/2020 00:40:00,EDT,Nuclear,3500.0
09/16/2020 00:40:00,EDT,Other Fossil Fuels,1.0
09/16/2020 00:40:00,EDT,Other Renewables,247.0
09/16/2020 00:40:00,EDT,Wind,1010.0
09/16/2020 00:40:00,EDT,Hydro,2422.0
09/16/2020 00:45:00,EDT,Dual Fuel,2982.0
09/16/2020 00:45:00,EDT,Natural Gas,1557.0
09/16/2020 00:45:00,EDT,Nuclear,3500.0
09/16/2020 00:45:00,EDT,Other Fossil Fuels,1.0
09/16/2020 00:45:00,EDT,Other Renewables,248.0
09/16/2020 00:45:00,EDT,Wind,1009.0
09/16/2020 00:45:00,EDT,Hydro,2343.0
09/16/2020 00:50:00,EDT,Dual Fuel,3006.0
09/16/2020 00:50:00,EDT,Natural Gas,1546.0
09/16/2020 00:50:00,EDT,Nuclear,3500.0
09/16/2020 00:50:00,EDT,Other Fossil Fuels,1.0
09/16/2020 00:50:00,EDT,Other Renewables,252.0
09/16/2020 00:50:00,EDT,Wind,1027.0
09/16/2020 00:50:00,EDT,Hydro,2354.0
09/16/2020 00:55:00,EDT,Dual Fuel,3043.0
09/16/2020 00:55:00,EDT,Natural Gas,1578.0
09/16/2020 00:55:00,EDT,Nuclear,3500.0
09/16/2020 00:55:00,EDT,Other Fossil Fuels,1.0
09/16/2020 00:55:00,EDT,Other Renewables,256.0
09/16/2020 00:55:00,EDT,Wind,987.0
09/16/2020 00:55:00,EDT,Hydro,2310.0
09/16/2020 01:00:00,EDT,Dual Fuel,3083.0
09/16/2020 01:00:00,EDT,Natural Gas,1711.0
09/16/2020 01:00:00,EDT,Nuclear,3500.0
09/16/2020 01:00:00,EDT,Other Fossil Fuels,1.0
09/16/2020 01:00:00,EDT,Other Renewables,257.0
09/16/2020 01:00:00,EDT,Wind,1036.0
09/16/2020 01:00:00,EDT,Hydro,2154.0
09/16/2020 01:05:00,EDT,Dual Fuel,2942.0
09/16/2020 01:05:00,EDT,Natural Gas,1789.0
09/16/2020 01:05:00,EDT,Nuclear,3501.0
09/16/2020 01:05:00,EDT,Other Fossil Fuels,1.0
09/16/2020 01:05:00,EDT,Other Renewables,258.0
09/16/2020 01:05:00,EDT,Wind,1064.0
09/16/2020 01:05:00,EDT,Hydro,1996.0
09/16/2020 01:10:00,EDT,Dual Fuel,2892.0
09/16/2020 01:10:00,EDT,Natural Gas,1785.0
09/16/2020 01:10:00,EDT,Nuclear,3501.0
09/16/2020 01:10:00,EDT,Other Fossil Fuels,1.0
09/16/2020 01:10:00,EDT,Other Renewables,258.0
09/16/2020 01:10:00,EDT,Wind,1082.0
09/16/2020 01:10:00,EDT,Hydro,1878.0
09/16/2020 01:15:00,EDT,Dual Fuel,2954.0
09/16/2020 01:15:00,EDT,Natural Gas,1775.0
09/16/2020 01:15:00,EDT,Nuclear,3500.0
09/16/2020 01:15:00,EDT,Other Fossil Fuels,1.0
09/16/2020 01:15:00,EDT,Other Renewables,257.0
09/16/2020 01:15:00,EDT,Wind,1100.0
09/16/2020 01:15:00,EDT,Hydro,1796.0
09/16/2020 01:20:00,EDT,Dual Fuel,2961.0
09/16/2020 01:20:00,EDT,Natural Gas,1772.0
09/16/2020 01:20:00,EDT,Nuclear,3503.0
09/16/2020 01:20:00,EDT,Other Fossil Fuels,1.0
09/16/2020 01:20:00,EDT,Other Renewables,258.0
09/16/2020 01:20:00,EDT,Wind,1111.0
09/16/2020 01:20:00,EDT,Hydro,1700.0
09/16/2020 01:25:00,EDT,Dual Fuel,2914.0
09/16/2020 01:25:00,EDT,Natural Gas,1734.0
09/16/2020 01:25:00,EDT,Nuclear,3500.0
09/16/2020 01:25:00,EDT,Other Fossil Fuels,1.0
09/16/2020 01:25:00,EDT,Other Renewables,254.0
09/16/2020 01:25:00,EDT,Wind,1129.0
09/16/2020 01:25:00,EDT,Hydro,1764.0
09/16/2020 01:30:00,EDT,Dual Fuel,2868.0
09/16/2020 01:30:00,EDT,Natural Gas,1683.0
09/16/2020 01:30:00,EDT,Nuclear,3500.0
09/16/2020 01:30:00,EDT,Other Fossil Fuels,1.0
09/16/2020 01:30:00,EDT,Other Renewables,258.0
09/16/2020 01:30:00,EDT,Wind,1136.0
09/16/2020 01:30:00,EDT,Hydro,1756.0
09/16/2020 01:35:00,EDT,Dual Fuel,2817.0
09/16/2020 01:35:00,EDT,Natural Gas,1574.0
09/16/2020 01:35:00,EDT,Nuclear,3503.0
09/16/2020 01:35:00,EDT,Other Fossil Fuels,1.0
09/16/2020 01:35:00,EDT,Other Renewables,256.0
09/16/2020 01:35:00,EDT,Wind,1132.0
09/16/2020 01:35:00,EDT,Hydro,1847.0
09/16/2020 01:40:00,EDT,Dual Fuel,2846.0
09/16/2020 01:40:00,EDT,Natural Gas,1519.0
09/16/2020 01:40:00,EDT,Nuclear,3501.0
09/16/2020 01:40:00,EDT,Other Fossil Fuels,1.0
09/16/2020 01:40:00,EDT,Other Renewables,254.0
09/16/2020 01:40:00,EDT,Wind,1126.0
09/16/2020 01:40:00,EDT,Hydro,1851.0
09/16/2020 01:45:00,EDT,Dual Fuel,2854.0
09/16/2020 01:45:00,EDT,Natural Gas,1516.0
09/16/2020 01:45:00,EDT,Nuclear,3501.0
09/16/2020 01:45:00,EDT,Other Fossil Fuels,1.0
09/16/2020 01:45:00,EDT,Other Renewables,254.0
09/16/2020 01:45:00,EDT,Wind,1128.0
09/16/2020 01:45:00,EDT,Hydro,1875.0
09/16/2020 01:50:00,EDT,Dual Fuel,2856.0
09/16/2020 01:50:00,EDT,Natural Gas,1600.0
09/16/2020 01:50:00,EDT,Nuclear,3501.0
09/16/2020 01:50:00,EDT,Other Fossil Fuels,1.0
09/16/2020 01:50:00,EDT,Other Renewables,256.0
09/16/2020 01:50:00,EDT,Wind,1116.0
09/16/2020 01:50:00,EDT,Hydro,1853.0
09/16/2020 01:55:00,EDT,Dual Fuel,2873.0
09/16/2020 01:55:00,EDT,Natural Gas,1597.0
09/16/2020 01:55:00,EDT,Nuclear,3500.0
09/16/2020 01:55:00,EDT,Other Fossil Fuels,1.0
09/16/2020 01:55:00,EDT,Other Renewables,265.0
09/16/2020 01:55:00,EDT,Wind,1109.0
09/16/2020 01:55:00,EDT,Hydro,1827.0
09/16/2020 02:00:00,EDT,Dual Fuel,2956.0
09/16/2020 02:00:00,EDT,Natural Gas,1527.0
09/16/2020 02:00:00,EDT,Nuclear,3501.0
09/16/2020 02:00:00,EDT,Other Fossil Fuels,1.0
09/16/2020 02:00:00,EDT,Other Renewables,266.0
09/16/2020 02:00:00,EDT,Wind,1107.0
09/16/2020 02:00:00,EDT,Hydro,1856.0
09/16/2020 02:05:00,EDT,Dual Fuel,3034.0
09/16/2020 02:05:00,EDT,Natural Gas,1520.0
09/16/2020 02:05:00,EDT,Nuclear,3504.0
09/16/2020 02:05:00,EDT,Other Fossil Fuels,1.0
09/16/2020 02:05:00,EDT,Other Renewables,261.0
09/16/2020 02:05:00,EDT,Wind,1118.0
09/16/2020 02:05:00,EDT,Hydro,2003.0
09/16/2020 02:10:00,EDT,Dual Fuel,3036.0
09/16/2020 02:10:00,EDT,Natural Gas,1542.0
09/16/2020 02:10:00,EDT,Nuclear,3503.0
09/16/2020 02:10:00,EDT,Other Fossil Fuels,1.0
09/16/2020 02:10:00,EDT,Other Renewables,262.0
09/16/2020 02:10:00,EDT,Wind,1142.0
09/16/2020 02:10:00,EDT,Hydro,2118.0
09/16/2020 02:15:00,EDT,Dual Fuel,3035.0
09/16/2020 02:15:00,EDT,Natural Gas,1532.0
09/16/2020 02:15:00,EDT,Nuclear,3501.0
09/16/2020 02:15:00,EDT,Other Fossil Fuels,1.0
09/16/2020 02:15:00,EDT,Other Renewables,259.0
09/16/2020 02:15:00,EDT,Wind,1152.0
09/16/2020 02:15:00,EDT,Hydro,2119.0
09/16/2020 02:20:00,EDT,Dual Fuel,3036.0
09/16/2020 02:20:00,EDT,Natural Gas,1565.0
09/16/2020 02:20:00,EDT,Nuclear,3501.0
09/16/2020 02:20:00,EDT,Other Fossil Fuels,1.0
09/16/2020 02:20:00,EDT,Other Renewables,253.0
09/16/2020 02:20:00,EDT,Wind,1158.0
09/16/2020 02:20:00,EDT,Hydro,2067.0
09/16/2020 02:25:00,EDT,Dual Fuel,3040.0
09/16/2020 02:25:00,EDT,Natural Gas,1592.0
09/16/2020 02:25:00,EDT,Nuclear,3502.0
09/16/2020 02:25:00,EDT,Other Fossil Fuels,1.0
09/16/2020 02:25:00,EDT,Other Renewables,260.0
09/16/2020 02:25:00,EDT,Wind,1170.0
09/16/2020 02:25:00,EDT,Hydro,2027.0
09/16/2020 02:30:00,EDT,Dual Fuel,3037.0
09/16/2020 02:30:00,EDT,Natural Gas,1595.0
09/16/2020 02:30:00,EDT,Nuclear,3501.0
09/16/2020 02:30:00,EDT,Other Fossil Fuels,1.0
09/16/2020 02:30:00,EDT,Other Renewables,259.0
09/16/2020 02:30:00,EDT,Wind,1178.0
09/16/2020 02:30:00,EDT,Hydro,2030.0
09/16/2020 02:35:00,EDT,Dual Fuel,3034.0
09/16/2020 02:35:00,EDT,Natural Gas,1610.0
09/16/2020 02:35:00,EDT,Nuclear,3501.0
09/16/2020 02:35:00,EDT,Other Fossil Fuels,1.0
09/16/2020 02:35:00,EDT,Other Renewables,258.0
09/16/2020 02:35:00,EDT,Wind,1172.0
09/16/2020 02:35:00,EDT,Hydro,1983.0
09/16/2020 02:40:00,EDT,Dual Fuel,3039.0
09/16/2020 02:40:00,EDT,Natural Gas,1578.0
09/16/2020 02:40:00,EDT,Nuclear,3501.0
09/16/2020 02:40:00,EDT,Other Fossil Fuels,1.0
09/16/2020 02:40:00,EDT,Other Renewables,261.0
09/16/2020 02:40:00,EDT,Wind,1166.0
09/16/2020 02:40:00,EDT,Hydro,1985.0
09/16/2020 02:45:00,EDT,Dual Fuel,3036.0
09/16/2020 02:45:00,EDT,Natural Gas,1548.0
09/16/2020 02:45:00,EDT,Nuclear,3505.0
09/16/2020 02:45:00,EDT,Other Fossil Fuels,1.0
09/16/2020 02:45:00,EDT,Other Renewables,255.0
09/16/2020 02:45:00,EDT,Wind,1162.0
09/16/2020 02:45:00,EDT,Hydro,1979.0
09/16/2020 02:50:00,EDT,Dual Fuel,3040.0
09/16/2020 02:50:00,EDT,Natural Gas,1521.0
09/16/2020 02:50:00,EDT,Nuclear,3503.0
09/16/2020 02:50:00,EDT,Other Fossil Fuels,1.0
09/16/2020 02:50:00,EDT,Other Renewables,261.0
09/16/2020 02:50:00,EDT,Wind,1164.0
09/16/2020 02:50:00,EDT,Hydro,1971.0
09/16/2020 02:55:00,EDT,Dual Fuel,3034.0
09/16/2020 02:55:00,EDT,Natural Gas,1485.0
09/16/2020 02:55:00,EDT,Nuclear,3503.0
09/16/2020 02:55:00,EDT,Other Fossil Fuels,1.0
09/16/2020 02:55:00,EDT,Other Renewables,260.0
09/16/2020 02:55:00,EDT,Wind,1175.0
09/16/2020 02:55:00,EDT,Hydro,1939.0
09/16/2020 03:00:00,EDT,Dual Fuel,3028.0
09/16/2020 03:00:00,EDT,Natural Gas,1464.0
09/16/2020 03:00:00,EDT,Nuclear,3501.0
09/16/2020 03:00:00,EDT,Other Fossil Fuels,1.0
09/16/2020 03:00:00,EDT,Other Renewables,261.0
09/16/2020 03:00:00,EDT,Wind,1175.0
09/16/2020 03:00:00,EDT,Hydro,1976.0
09/16/2020 03:05:00,EDT,Dual Fuel,3030.0
09/16/2020 03:05:00,EDT,Natural Gas,1468.0
09/16/2020 03:05:00,EDT,Nuclear,3503.0
09/16/2020 03:05:00,EDT,Other Fossil Fuels,1.0
09/16/2020 03:05:00,EDT,Other Renewables,263.0
09/16/2020 03:05:00,EDT,Wind,1183.0
09/16/2020 03:05:00,EDT,Hydro,2079.0
09/16/2020 03:10:00,EDT,Dual Fuel,3009.0
09/16/2020 03:10:00,EDT,Natural Gas,1459.0
09/16/2020 03:10:00,EDT,Nuclear,3502.0
09/16/2020 03:10:00,EDT,Other Fossil Fuels,1.0
09/16/2020 03:10:00,EDT,Other Renewables,263.0
09/16/2020 03:10:00,EDT,Wind,1192.0
09/16/2020 03:10:00,EDT,Hydro,2166.0
09/16/2020 03:15:00,EDT,Dual Fuel,3013.0
09/16/2020 03:15:00,EDT,Natural Gas,1483.0
09/16/2020 03:15:00,EDT,Nuclear,3503.0
09/16/2020 03:15:00,EDT,Other Fossil Fuels,1.0
09/16/2020 03:15:00,EDT,Other Renewables,265.0
09/16/2020 03:15:00,EDT,Wind,1186.0
09/16/2020 03:15:00,EDT,Hydro,2168.0
09/16/2020 03:20:00,EDT,Dual Fuel,3033.0
09/16/2020 03:20:00,EDT,Natural Gas,1535.0
09/16/2020 03:20:00,EDT,Nuclear,3501.0
09/16/2020 03:20:00,EDT,Other Fossil Fuels,1.0
09/16/2020 03:20:00,EDT,Other Renewables,265.0
09/16/2020 03:20:00,EDT,Wind,1206.0
09/16/2020 03:20:00,EDT,Hydro,2067.0
09/16/2020 03:25:00,EDT,Dual Fuel,3032.0
09/16/2020 03:25:00,EDT,Natural Gas,1555.0
09/16/2020 03:25:00,EDT,Nuclear,3500.0
09/16/2020 03:25:00,EDT,Other Fossil Fuels,1.0
09/16/2020 03:25:00,EDT,Other Renewables,263.0
09/16/2020 03:25:00,EDT,Wind,1224.0
09/16/2020 03:25:00,EDT,Hydro,2025.0
09/16/2020 03:30:00,EDT,Dual Fuel,3019.0
09/16/2020 03:30:00,EDT,Natural Gas,1545.0
09/16/2020 03:30:00,EDT,Nuclear,3503.0
09/16/2020 03:30:00,EDT,Other Fossil Fuels,1.0
09/16/2020 03:30:00,EDT,Other Renewables,264.0
09/16/2020 03:30:00,EDT,Wind,1237.0
09/16/2020 03:30:00,EDT,Hydro,2002.0
09/16/2020 03:35:00,EDT,Dual Fuel,3031.0
09/16/2020 03:35:00,EDT,Natural Gas,1480.0
09/16/2020 03:35:00,EDT,Nuclear,3499.0
09/16/2020 03:35:00,EDT,Other Fossil Fuels,1.0
09/16/2020 03:35:00,EDT,Other Renewables,258.0
09/16/2020 03:35:00,EDT,Wind,1246.0
09/16/2020 03:35:00,EDT,Hydro,2020.0
09/16/2020 03:40:00,EDT,Dual Fuel,3023.0
09/16/2020 03:40:00,EDT,Natural Gas,1458.0
09/16/2020 03:40:00,EDT,Nuclear,3501.0
09/16/2020 03:40:00,EDT,Other Fossil Fuels,1.0
09/16/2020 03:40:00,EDT,Other Renewables,255.0
09/16/2020 03:40:00,EDT,Wind,1255.0
09/16/2020 03:40:00,EDT,Hydro,1996.0
09/16/2020 03:45:00,EDT,Dual Fuel,3005.0
09/16/2020 03:45:00,EDT,Natural Gas,1457.0
09/16/2020 03:45:00,EDT,Nuclear,3502.0
09/16/2020 03:45:00,EDT,Other Fossil Fuels,1.0
09/16/2020 03:45:00,EDT,Other Renewables,262.0
09/16/2020 03:45:00,EDT,Wind,1264.0
09/16/2020 03:45:00,EDT,Hydro,1993.0
09/16/2020 03:50:00,EDT,Dual Fuel,2973.0
09/16/2020 03:50:00,EDT,Natural Gas,1457.0
09/16/2020 03:50:00,EDT,Nuclear,3500.0
09/16/2020 03:50:00,EDT,Other Fossil Fuels,1.0
09/16/2020 03:50:00,EDT,Other Renewables,261.0
09/16/2020 03:50:00,EDT,Wind,1271.0
09/16/2020 03:50:00,EDT,Hydro,2008.0
09/16/2020 03:55:00,EDT,Dual Fuel,2978.0
09/16/2020 03:55:00,EDT,Natural Gas,1457.0
09/16/2020 03:55:00,EDT,Nuclear,3501.0
09/16/2020 03:55:00,EDT,Other Fossil Fuels,1.0
09/16/2020 03:55:00,EDT,Other Renewables,262.0
09/16/2020 03:55:00,EDT,Wind,1276.0
09/16/2020 03:55:00,EDT,Hydro,2027.0
09/16/2020 04:00:00,EDT,Dual Fuel,2981.0
09/16/2020 04:00:00,EDT,Natural Gas,1456.0
09/16/2020 04:00:00,EDT,Nuclear,3499.0
09/16/2020 04:00:00,EDT,Other Fossil Fuels,1.0
09/16/2020 04:00:00,EDT,Other Renewables,263.0
09/16/2020 04:00:00,EDT,Wind,1280.0
09/16/2020 04:00:00,EDT,Hydro,2030.0
09/16/2020 04:05:00,EDT,Dual Fuel,2977.0
09/16/2020 04:05:00,EDT,Natural Gas,1459.0
09/16/2020 04:05:00,EDT,Nuclear,3501.0
09/16/2020 04:05:00,EDT,Other Fossil Fuels,1.0
09/16/2020 04:05:00,EDT,Other Renewables,258.0
09/16/2020 04:05:00,EDT,Wind,1281.0
09/16/2020 04:05:00,EDT,Hydro,2099.0
09/16/2020 04:10:00,EDT,Dual Fuel,3019.0
09/16/2020 04:10:00,EDT,Natural Gas,1458.0
09/16/2020 04:10:00,EDT,Nuclear,3500.0
09/16/2020 04:10:00,EDT,Other Fossil Fuels,1.0
09/16/2020 04:10:00,EDT,Other Renewables,255.0
09/16/2020 04:10:00,EDT,Wind,1279.0
09/16/2020 04:10:00,EDT,Hydro,2160.0
09/16/2020 04:15:00,EDT,Dual Fuel,2981.0
09/16/2020 04:15:00,EDT,Natural Gas,1459.0
09/16/2020 04:15:00,EDT,Nuclear,3502.0
09/16/2020 04:15:00,EDT,Other Fossil Fuels,1.0
09/16/2020 04:15:00,EDT,Other Renewables,251.0
09/16/2020 04:15:00,EDT,Wind,1279.0
09/16/2020 04:15:00,EDT,Hydro,2157.0
09/16/2020 04:20:00,EDT,Dual Fuel,2876.0
09/16/2020 04:20:00,EDT,Natural Gas,1460.0
09/16/2020 04:20:00,EDT,Nuclear,3500.0
09/16/2020 04:20:00,EDT,Other Fossil Fuels,1.0
09/16/2020 04:20:00,EDT,Other Renewables,249.0
09/16/2020 04:20:00,EDT,Wind,1286.0
09/16/2020 04:20:00,EDT,Hydro,2183.0
09/16/2020 04:25:00,EDT,Dual Fuel,2826.0
09/16/2020 04:25:00,EDT,Natural Gas,1457.0
09/16/2020 04:25:00,EDT,Nuclear,3501.0
09/16/2020 04:25:00,EDT,Other Fossil Fuels,1.0
09/16/2020 04:25:00,EDT,Other Renewables,252.0
09/16/2020 04:25:00,EDT,Wind,1289.0
09/16/2020 04:25:00,EDT,Hydro,2218.0
09/16/2020 04:30:00,EDT,Dual Fuel,2833.0
09/16/2020 04:30:00,EDT,Natural Gas,1458.0
09/16/2020 04:30:00,EDT,Nuclear,3500.0
09/16/2020 04:30:00,EDT,Other Fossil Fuels,1.0
09/16/2020 04:30:00,EDT,Other Renewables,256.0
09/16/2020 04:30:00,EDT,Wind,1283.0
09/16/2020 04:30:00,EDT,Hydro,2226.0
09/16/2020 04:35:00,EDT,Dual Fuel,2863.0
09/16/2020 04:35:00,EDT,Natural Gas,1456.0
09/16/2020 04:35:00,EDT,Nuclear,3501.0
09/16/2020 04:35:00,EDT,Other Fossil Fuels,1.0
09/16/2020 04:35:00,EDT,Other Renewables,261.0
09/16/2020 04:35:00,EDT,Wind,1282.0
09/16/2020 04:35:00,EDT,Hydro,2291.0
09/16/2020 04:40:00,EDT,Dual Fuel,2946.0
09/16/2020 04:40:00,EDT,Natural Gas,1453.0
09/16/2020 04:40:00,EDT,Nuclear,3500.0
09/16/2020 04:40:00,EDT,Other Fossil Fuels,1.0
09/16/2020 04:40:00,EDT,Other Renewables,255.0
09/16/2020 04:40:00,EDT,Wind,1291.0
09/16/2020 04:40:00,EDT,Hydro,2295.0
09/16/2020 04:45:00,EDT,Dual Fuel,2984.0
09/16/2020 04:45:00,EDT,Natural Gas,1467.0
09/16/2020 04:45:00,EDT,Nuclear,3499.0
09/16/2020 04:45:00,EDT,Other Fossil Fuels,1.0
09/16/2020 04:45:00,EDT,Other Renewables,255.0
09/16/2020 04:45:00,EDT,Wind,1284.0
09/16/2020 04:45:00,EDT,Hydro,2285.0
09/16/2020 04:50:00,EDT,Dual Fuel,3013.0
09/16/2020 04:50:00,EDT,Natural Gas,1496.0
09/16/2020 04:50:00,EDT,Nuclear,3500.0
09/16/2020 04:50:00,EDT,Other Fossil Fuels,1.0
09/16/2020 04:50:00,EDT,Other Renewables,250.0
09/16/2020 04:50:00,EDT,Wind,1275.0
09/16/2020 04:50:00,EDT,Hydro,2191.0
09/16/2020 04:55:00,EDT,Dual Fuel,3033.0
09/16/2020 04:55:00,EDT,Natural Gas,1507.0
09/16/2020 04:55:00,EDT,Nuclear,3500.0
09/16/2020 04:55:00,EDT,Other Fossil Fuels,2.0
09/16/2020 04:55:00,EDT,Other Renewables,259.0
09/16/2020 04:55:00,EDT,Wind,1269.0
09/16/2020 04:55:00,EDT,Hydro,2225.0
09/16/2020 05:00:00,EDT,Dual Fuel,3014.0
09/16/2020 05:00:00,EDT,Natural Gas,1555.0
09/16/2020 05:00:00,EDT,Nuclear,3498.0
09/16/2020 05:00:00,EDT,Other Fossil Fuels,12.0
09/16/2020 05:00:00,EDT,Other Renewables,264.0
09/16/2020 05:00:00,EDT,Wind,1265.0
09/16/2020 05:00:00,EDT,Hydro,2214.0
09/16/2020 05:05:00,EDT,Dual Fuel,3052.0
09/16/2020 05:05:00,EDT,Natural Gas,1657.0
09/16/2020 05:05:00,EDT,Nuclear,3500.0
09/16/2020 05:05:00,EDT,Other Fossil Fuels,14.0
09/16/2020 05:05:00,EDT,Other Renewables,263.0
09/16/2020 05:05:00,EDT,Wind,1259.0
09/16/2020 05:05:00,EDT,Hydro,2194.0
09/16/2020 05:10:00,EDT,Dual Fuel,3108.0
09/16/2020 05:10:00,EDT,Natural Gas,1673.0
09/16/2020 05:10:00,EDT,Nuclear,3499.0
09/16/2020 05:10:00,EDT,Other Fossil Fuels,14.0
09/16/2020 05:10:00,EDT,Other Renewables,265.0
09/16/2020 05:10:00,EDT,Wind,1260.0
09/16/2020 05:10:00,EDT,Hydro,2287.0
09/16/2020 05:15:00,EDT,Dual Fuel,3136.0
09/16/2020 05:15:00,EDT,Natural Gas,1708.0
09/16/2020 05:15:00,EDT,Nuclear,3499.0
09/16/2020 05:15:00,EDT,Other Fossil Fuels,14.0
09/16/2020 05:15:00,EDT,Other Renewables,267.0
09/16/2020 05:15:00,EDT,Wind,1258.0
09/16/2020 05:15:00,EDT,Hydro,2302.0
09/16/2020 05:20:00,EDT,Dual Fuel,3242.0
09/16/2020 05:20:00,EDT,Natural Gas,1762.0
09/16/2020 05:20:00,EDT,Nuclear,3501.0
09/16/2020 05:20:00,EDT,Other Fossil Fuels,14.0
09/16/2020 05:20:00,EDT,Other Renewables,263.0
09/16/2020 05:20:00,EDT,Wind,1258.0
09/16/2020 05:20:00,EDT,Hydro,2167.0
09/16/2020 05:25:00,EDT,Dual Fuel,3307.0
09/16/2020 05:25:00,EDT,Natural Gas,1776.0
09/16/2020 05:25:00,EDT,Nuclear,3499.0
09/16/2020 05:25:00,EDT,Other Fossil Fuels,15.0
09/16/2020 05:25:00,EDT,Other Renewables,263.0
09/16/2020 05:25:00,EDT,Wind,1257.0
09/16/2020 05:25:00,EDT,Hydro,2082.0
09/16/2020 05:30:00,EDT,Dual Fuel,3368.0
09/16/2020 05:30:00,EDT,Natural Gas,1776.0
09/16/2020 05:30:00,EDT,Nuclear,3499.0
09/16/2020 05:30:00,EDT,Other Fossil Fuels,14.0
09/16/2020 05:30:00,EDT,Other Renewables,261.0
09/16/2020 05:30:00,EDT,Wind,1259.0
09/16/2020 05:30:00,EDT,Hydro,1981.0
09/16/2020 05:35:00,EDT,Dual Fuel,3345.0
09/16/2020 05:35:00,EDT,Natural Gas,1778.0
09/16/2020 05:35:00,EDT,Nuclear,3499.0
09/16/2020 05:35:00,EDT,Other Fossil Fuels,14.0
09/16/2020 05:35:00,EDT,Other Renewables,260.0
09/16/2020 05:35:00,EDT,Wind,1255.0
09/16/2020 05:35:00,EDT,Hydro,2019.0
09/16/2020 05:40:00,EDT,Dual Fuel,3368.0
09/16/2020 05:40:00,EDT,Natural Gas,1791.0
09/16/2020 05:40:00,EDT,Nuclear,3499.0
09/16/2020 05:40:00,EDT,Other Fossil Fuels,14.0
09/16/2020 05:40:00,EDT,Other Renewables,256.0
09/16/2020 05:40:00,EDT,Wind,1254.0
09/16/2020 05:40:00,EDT,Hydro,2046.0
09/16/2020 05:45:00,EDT,Dual Fuel,3381.0
09/16/2020 05:45:00,EDT,Natural Gas,1795.0
09/16/2020 05:45:00,EDT,Nuclear,3499.0
09/16/2020 05:45:00,EDT,Other Fossil Fuels,14.0
09/16/2020 05:45:00,EDT,Other Renewables,253.0
09/16/2020 05:45:00,EDT,Wind,1251.0
09/16/2020 05:45:00,EDT,Hydro,2098.0
09/16/2020 05:50:00,EDT,Dual Fuel,3331.0
09/16/2020 05:50:00,EDT,Natural Gas,1779.0
09/16/2020 05:50:00,EDT,Nuclear,3500.0
09/16/2020 05:50:00,EDT,Other Fossil Fuels,13.0
09/16/2020 05:50:00,EDT,Other Renewables,259.0
09/16/2020 05:50:00,EDT,Wind,1240.0
09/16/2020 05:50:00,EDT,Hydro,2200.0
09/16/2020 05:55:00,EDT,Dual Fuel,3386.0
09/16/2020 05:55:00,EDT,Natural Gas,1733.0
09/16/2020 05:55:00,EDT,Nuclear,3499.0
09/16/2020 05:55:00,EDT,Other Fossil Fuels,13.0
09/16/2020 05:55:00,EDT,Other Renewables,261.0
09/16/2020 05:55:00,EDT,Wind,1230.0
09/16/2020 05:55:00,EDT,Hydro,2177.0
09/16/2020 06:00:00,EDT,Dual Fuel,3467.0
09/16/2020 06:00:00,EDT,Natural Gas,1740.0
09/16/2020 06:00:00,EDT,Nuclear,3499.0
09/16/2020 06:00:00,EDT,Other Fossil Fuels,14.0
09/16/2020 06:00:00,EDT,Other Renewables,262.0
09/16/2020 06:00:00,EDT,Wind,1191.0
09/16/2020 06:00:00,EDT,Hydro,2193.0
09/16/2020 06:05:00,EDT,Dual Fuel,3440.0
09/16/2020 06:05:00,EDT,Natural Gas,1778.0
09/16/2020 06:05:00,EDT,Nuclear,3499.0
09/16/2020 06:05:00,EDT,Other Fossil Fuels,16.0
09/16/2020 06:05:00,EDT,Other Renewables,259.0
09/16/2020 06:05:00,EDT,Wind,1138.0
09/16/2020 06:05:00,EDT,Hydro,2094.0
09/16/2020 06:10:00,EDT,Dual Fuel,3607.0
09/16/2020 06:10:00,EDT,Natural Gas,1792.0
09/16/2020 06:10:00,EDT,Nuclear,3499.0
09/16/2020 06:10:00,EDT,Other Fossil Fuels,13.0
09/16/2020 06:10:00,EDT,Other Renewables,259.0
09/16/2020 06:10:00,EDT,Wind,1096.0
09/16/2020 06:10:00,EDT,Hydro,1959.0
09/16/2020 06:15:00,EDT,Dual Fuel,3667.0
09/16/2020 06:15:00,EDT,Natural Gas,1791.0
09/16/2020 06:15:00,EDT,Nuclear,3500.0
09/16/2020 06:15:00,EDT,Other Fossil Fuels,1.0
09/16/2020 06:15:00,EDT,Other Renewables,259.0
09/16/2020 06:15:00,EDT,Wind,1092.0
09/16/2020 06:15:00,EDT,Hydro,1852.0
09/16/2020 06:20:00,EDT,Dual Fuel,3699.0
09/16/2020 06:20:00,EDT,Natural Gas,1778.0
09/16/2020 06:20:00,EDT,Nuclear,3501.0
09/16/2020 06:20:00,EDT,Other Fossil Fuels,1.0
09/16/2020 06:20:00,EDT,Other Renewables,251.0
09/16/2020 06:20:00,EDT,Wind,1107.0
09/16/2020 06:20:00,EDT,Hydro,1841.0
09/16/2020 06:25:00,EDT,Dual Fuel,3670.0
09/16/2020 06:25:00,EDT,Natural Gas,1743.0
09/16/2020 06:25:00,EDT,Nuclear,3501.0
09/16/2020 06:25:00,EDT,Other Fossil Fuels,1.0
09/16/2020 06:25:00,EDT,Other Renewables,251.0
09/16/2020 06:25:00,EDT,Wind,1137.0
09/16/2020 06:25:00,EDT,Hydro,1931.0
09/16/2020 06:30:00,EDT,Dual Fuel,3714.0
09/16/2020 06:30:00,EDT,Natural Gas,1770.0
09/16/2020 06:30:00,EDT,Nuclear,3500.0
09/16/2020 06:30:00,EDT,Other Fossil Fuels,1.0
09/16/2020 06:30:00,EDT,Other Renewables,254.0
09/16/2020 06:30:00,EDT,Wind,1149.0
09/16/2020 06:30:00,EDT,Hydro,2002.0
09/16/2020 06:35:00,EDT,Dual Fuel,3777.0
09/16/2020 06:35:00,EDT,Natural Gas,1816.0
09/16/2020 06:35:00,EDT,Nuclear,3500.0
09/16/2020 06:35:00,EDT,Other Fossil Fuels,1.0
09/16/2020 06:35:00,EDT,Other Renewables,246.0
09/16/2020 06:35:00,EDT,Wind,1149.0
09/16/2020 06:35:00,EDT,Hydro,2015.0
09/16/2020 06:40:00,EDT,Dual Fuel,3864.0
09/16/2020 06:40:00,EDT,Natural Gas,1839.0
09/16/2020 06:40:00,EDT,Nuclear,3500.0
09/16/2020 06:40:00,EDT,Other Fossil Fuels,1.0
09/16/2020 06:40:00,EDT,Other Renewables,247.0
09/16/2020 06:40:00,EDT,Wind,1149.0
09/16/2020 06:40:00,EDT,Hydro,2048.0
09/16/2020 06:45:00,EDT,Dual Fuel,3925.0
09/16/2020 06:45:00,EDT,Natural Gas,1838.0
09/16/2020 06:45:00,EDT,Nuclear,3501.0
09/16/2020 06:45:00,EDT,Other Fossil Fuels,1.0
09/16/2020 06:45:00,EDT,Other Renewables,248.0
09/16/2020 06:45:00,EDT,Wind,1151.0
09/16/2020 06:45:00,EDT,Hydro,2071.0
09/16/2020 06:50:00,EDT,Dual Fuel,3965.0
09/16/2020 06:50:00,EDT,Natural Gas,1852.0
09/16/2020 06:50:00,EDT,Nuclear,3501.0
09/16/2020 06:50:00,EDT,Other Fossil Fuels,1.0
09/16/2020 06:50:00,EDT,Other Renewables,247.0
09/16/2020 06:50:00,EDT,Wind,1163.0
09/16/2020 06:50:00,EDT,Hydro,2106.0
09/16/2020 06:55:00,EDT,Dual Fuel,3988.0
09/16/2020 06:55:00,EDT,Natural Gas,1984.0
09/16/2020 06:55:00,EDT,Nuclear,3501.0
09/16/2020 06:55:00,EDT,Other Fossil Fuels,1.0
09/16/2020 06:55:00,EDT,Other Renewables,247.0
09/16/2020 06:55:00,EDT,Wind,1152.0
09/16/2020 06:55:00,EDT,Hydro,2124.0
09/16/2020 07:00:00,EDT,Dual Fuel,3970.0
09/16/2020 07:00:00,EDT,Natural Gas,2020.0
09/16/2020 07:00:00,EDT,Nuclear,3501.0
09/16/2020 07:00:00,EDT,Other Fossil Fuels,1.0
09/16/2020 07:00:00,EDT,Other Renewables,251.0
09/16/2020 07:00:00,EDT,Wind,1145.0
09/16/2020 07:00:00,EDT,Hydro,2073.0
09/16/2020 07:05:00,EDT,Dual Fuel,3858.0
09/16/2020 07:05:00,EDT,Natural Gas,2034.0
09/16/2020 07:05:00,EDT,Nuclear,3500.0
09/16/2020 07:05:00,EDT,Other Fossil Fuels,1.0
09/16/2020 07:05:00,EDT,Other Renewables,253.0
09/16/2020 07:05:00,EDT,Wind,1162.0
09/16/2020 07:05:00,EDT,Hydro,1973.0
09/16/2020 07:10:00,EDT,Dual Fuel,3666.0
09/16/2020 07:10:00,EDT,Natural Gas,2057.0
09/16/2020 07:10:00,EDT,Nuclear,3501.0
09/16/2020 07:10:00,EDT,Other Fossil Fuels,1.0
09/16/2020 07:10:00,EDT,Other Renewables,252.0
09/16/2020 07:10:00,EDT,Wind,1166.0
09/16/2020 07:10:00,EDT,Hydro,1922.0
09/16/2020 07:15:00,EDT,Dual Fuel,3627.0
09/16/2020 07:15:00,EDT,Natural Gas,2118.0
09/16/2020 07:15:00,EDT,Nuclear,3502.0
09/16/2020 07:15:00,EDT,Other Fossil Fuels,1.0
09/16/2020 07:15:00,EDT,Other Renewables,254.0
09/16/2020 07:15:00,EDT,Wind,1190.0
09/16/2020 07:15:00,EDT,Hydro,1992.0
09/16/2020 07:20:00,EDT,Dual Fuel,3632.0
09/16/2020 07:20:00,EDT,Natural Gas,2165.0
09/16/2020 07:20:00,EDT,Nuclear,3501.0
09/16/2020 07:20:00,EDT,Other Fossil Fuels,1.0
09/16/2020 07:20:00,EDT,Other Renewables,250.0
09/16/2020 07:20:00,EDT,Wind,1194.0
09/16/2020 07:20:00,EDT,Hydro,2022.0
09/16/2020 07:25:00,EDT,Dual Fuel,3664.0
09/16/2020 07:25:00,EDT,Natural Gas,2178.0
09/16/2020 07:25:00,EDT,Nuclear,3501.0
09/16/2020 07:25:00,EDT,Other Fossil Fuels,1.0
09/16/2020 07:25:00,EDT,Other Renewables,249.0
09/16/2020 07:25:00,EDT,Wind,1183.0
09/16/2020 07:25:00,EDT,Hydro,2091.0
09/16/2020 07:30:00,EDT,Dual Fuel,3661.0
09/16/2020 07:30:00,EDT,Natural Gas,2239.0
09/16/2020 07:30:00,EDT,Nuclear,3502.0
09/16/2020 07:30:00,EDT,Other Fossil Fuels,1.0
09/16/2020 07:30:00,EDT,Other Renewables,254.0
09/16/2020 07:30:00,EDT,Wind,1146.0
09/16/2020 07:30:00,EDT,Hydro,2124.0
09/16/2020 07:35:00,EDT,Dual Fuel,3674.0
09/16/2020 07:35:00,EDT,Natural Gas,2324.0
09/16/2020 07:35:00,EDT,Nuclear,3501.0
09/16/2020 07:35:00,EDT,Other Fossil Fuels,1.0
09/16/2020 07:35:00,EDT,Other Renewables,258.0
09/16/2020 07:35:00,EDT,Wind,1128.0
09/16/2020 07:35:00,EDT,Hydro,2136.0
09/16/2020 07:40:00,EDT,Dual Fuel,3732.0
09/16/2020 07:40:00,EDT,Natural Gas,2337.0
09/16/2020 07:40:00,EDT,Nuclear,3501.0
09/16/2020 07:40:00,EDT,Other Fossil Fuels,1.0
09/16/2020 07:40:00,EDT,Other Renewables,256.0
09/16/2020 07:40:00,EDT,Wind,1124.0
09/16/2020 07:40:00,EDT,Hydro,2168.0
09/16/2020 07:45:00,EDT,Dual Fuel,3658.0
09/16/2020 07:45:00,EDT,Natural Gas,2377.0
09/16/2020 07:45:00,EDT,Nuclear,3498.0
09/16/2020 07:45:00,EDT,Other Fossil Fuels,1.0
09/16/2020 07:45:00,EDT,Other Renewables,246.0
09/16/2020 07:45:00,EDT,Wind,1132.0
09/16/2020 07:45:00,EDT,Hydro,2242.0
09/16/2020 07:50:00,EDT,Dual Fuel,3615.0
09/16/2020 07:50:00,EDT,Natural Gas,2481.0
09/16/2020 07:50:00,EDT,Nuclear,3499.0
09/16/2020 07:50:00,EDT,Other Fossil Fuels,1.0
09/16/2020 07:50:00,EDT,Other Renewables,240.0
09/16/2020 07:50:00,EDT,Wind,1121.0
09/16/2020 07:50:00,EDT,Hydro,2334.0
09/16/2020 07:55:00,EDT,Dual Fuel,3576.0
09/16/2020 07:55:00,EDT,Natural Gas,2620.0
09/16/2020 07:55:00,EDT,Nuclear,3499.0
09/16/2020 07:55:00,EDT,Other Fossil Fuels,1.0
09/16/2020 07:55:00,EDT,Other Renewables,256.0
09/16/2020 07:55:00,EDT,Wind,1119.0
09/16/2020 07:55:00,EDT,Hydro,2420.0
09/16/2020 08:00:00,EDT,Dual Fuel,3554.0
09/16/2020 08:00:00,EDT,Natural Gas,2656.0
09/16/2020 08:00:00,EDT,Nuclear,3499.0
09/16/2020 08:00:00,EDT,Other Fossil Fuels,1.0
09/16/2020 08:00:00,EDT,Other Renewables,260.0
09/16/2020 08:00:00,EDT,Wind,1091.0
09/16/2020 08:00:00,EDT,Hydro,2491.0
09/16/2020 08:05:00,EDT,Dual Fuel,3619.0
09/16/2020 08:05:00,EDT,Natural Gas,2754.0
09/16/2020 08:05:00,EDT,Nuclear,3499.0
09/16/2020 08:05:00,EDT,Other Fossil Fuels,1.0
09/16/2020 08:05:00,EDT,Other Renewables,260.0
09/16/2020 08:05:00,EDT,Wind,1043.0
09/16/2020 08:05:00,EDT,Hydro,2684.0
09/16/2020 08:10:00,EDT,Dual Fuel,3687.0
09/16/2020 08:10:00,EDT,Natural Gas,2887.0
09/16/2020 08:10:00,EDT,Nuclear,3500.0
09/16/2020 08:10:00,EDT,Other Fossil Fuels,1.0
09/16/2020 08:10:00,EDT,Other Renewables,256.0
09/16/2020 08:10:00,EDT,Wind,994.0
09/16/2020 08:10:00,EDT,Hydro,2817.0
09/16/2020 08:15:00,EDT,Dual Fuel,3687.0
09/16/2020 08:15:00,EDT,Natural Gas,2871.0
09/16/2020 08:15:00,EDT,Nuclear,3499.0
09/16/2020 08:15:00,EDT,Other Fossil Fuels,1.0
09/16/2020 08:15:00,EDT,Other Renewables,256.0
09/16/2020 08:15:00,EDT,Wind,991.0
09/16/2020 08:15:00,EDT,Hydro,2866.0
09/16/2020 08:20:00,EDT,Dual Fuel,3681.0
09/16/2020 08:20:00,EDT,Natural Gas,2890.0
09/16/2020 08:20:00,EDT,Nuclear,3498.0
09/16/2020 08:20:00,EDT,Other Fossil Fuels,1.0
09/16/2020 08:20:00,EDT,Other Renewables,260.0
09/16/2020 08:20:00,EDT,Wind,973.0
09/16/2020 08:20:00,EDT,Hydro,2973.0
09/16/2020 08:25:00,EDT,Dual Fuel,3682.0
09/16/2020 08:25:00,EDT,Natural Gas,2925.0
09/16/2020 08:25:00,EDT,Nuclear,3500.0
09/16/2020 08:25:00,EDT,Other Fossil Fuels,1.0
09/16/2020 08:25:00,EDT,Other Renewables,248.0
09/16/2020 08:25:00,EDT,Wind,972.0
09/16/2020 08:25:00,EDT,Hydro,3018.0
09/16/2020 08:30:00,EDT,Dual Fuel,3702.0
09/16/2020 08:30:00,EDT,Natural Gas,2935.0
09/16/2020 08:30:00,EDT,Nuclear,3501.0
09/16/2020 08:30:00,EDT,Other Fossil Fuels,1.0
09/16/2020 08:30:00,EDT,Other Renewables,245.0
09/16/2020 08:30:00,EDT,Wind,955.0
09/16/2020 08:30:00,EDT,Hydro,2994.0
09/16/2020 08:35:00,EDT,Dual Fuel,3732.0
09/16/2020 08:35:00,EDT,Natural Gas,2949.0
09/16/2020 08:35:00,EDT,Nuclear,3499.0
09/16/2020 08:35:00,EDT,Other Fossil Fuels,1.0
09/16/2020 08:35:00,EDT,Other Renewables,251.0
09/16/2020 08:35:00,EDT,Wind,929.0
09/16/2020 08:35:00,EDT,Hydro,2995.0
09/16/2020 08:40:00,EDT,Dual Fuel,3751.0
09/16/2020 08:40:00,EDT,Natural Gas,2951.0
09/16/2020 08:40:00,EDT,Nuclear,3500.0
09/16/2020 08:40:00,EDT,Other Fossil Fuels,1.0
09/16/2020 08:40:00,EDT,Other Renewables,252.0
09/16/2020 08:40:00,EDT,Wind,892.0
09/16/2020 08:40:00,EDT,Hydro,2981.0
09/16/2020 08:45:00,EDT,Dual Fuel,3755.0
09/16/2020 08:45:00,EDT,Natural Gas,2955.0
09/16/2020 08:45:00,EDT,Nuclear,3501.0
09/16/2020 08:45:00,EDT,Other Fossil Fuels,1.0
09/16/2020 08:45:00,EDT,Other Renewables,250.0
09/16/2020 08:45:00,EDT,Wind,882.0
09/16/2020 08:45:00,EDT,Hydro,3035.0
09/16/2020 08:50:00,EDT,Dual Fuel,3774.0
09/16/2020 08:50:00,EDT,Natural Gas,2953.0
09/16/2020 08:50:00,EDT,Nuclear,3499.0
09/16/2020 08:50:00,EDT,Other Fossil Fuels,1.0
09/16/2020 08:50:00,EDT,Other Renewables,245.0
09/16/2020 08:50:00,EDT,Wind,856.0
09/16/2020 08:50:00,EDT,Hydro,3043.0
09/16/2020 08:55:00,EDT,Dual Fuel,3813.0
09/16/2020 08:55:00,EDT,Natural Gas,2946.0
09/16/2020 08:55:00,EDT,Nuclear,3499.0
09/16/2020 08:55:00,EDT,Other Fossil Fuels,1.0
09/16/2020 08:55:00,EDT,Other Renewables,241.0
09/16/2020 08:55:00,EDT,Wind,852.0
09/16/2020 08:55:00,EDT,Hydro,3059.0
09/16/2020 09:00:00,EDT,Dual Fuel,3839.0
09/16/2020 09:00:00,EDT,Natural Gas,2925.0
09/16/2020 09:00:00,EDT,Nuclear,3499.0
09/16/2020 09:00:00,EDT,Other Fossil Fuels,1.0
09/16/2020 09:00:00,EDT,Other Renewables,246.0
09/16/2020 09:00:00,EDT,Wind,839.0
09/16/2020 09:00:00,EDT,Hydro,3045.0
09/16/2020 09:05:00,EDT,Dual Fuel,3850.0
09/16/2020 09:05:00,EDT,Natural Gas,2897.0
09/16/2020 09:05:00,EDT,Nuclear,3498.0
09/16/2020 09:05:00,EDT,Other Fossil Fuels,1.0
09/16/2020 09:05:00,EDT,Other Renewables,252.0
09/16/2020 09:05:00,EDT,Wind,863.0
09/16/2020 09:05:00,EDT,Hydro,3016.0
09/16/2020 09:10:00,EDT,Dual Fuel,3871.0
09/16/2020 09:10:00,EDT,Natural Gas,2872.0
09/16/2020 09:10:00,EDT,Nuclear,3498.0
09/16/2020 09:10:00,EDT,Other Fossil Fuels,1.0
09/16/2020 09:10:00,EDT,Other Renewables,247.0
09/16/2020 09:10:00,EDT,Wind,865.0
09/16/2020 09:10:00,EDT,Hydro,3000.0
09/16/2020 09:15:00,EDT,Dual Fuel,3900.0
09/16/2020 09:15:00,EDT,Natural Gas,2873.0
09/16/2020 09:15:00,EDT,Nuclear,3499.0
09/16/2020 09:15:00,EDT,Other Fossil Fuels,1.0
09/16/2020 09:15:00,EDT,Other Renewables,250.0
09/16/2020 09:15:00,EDT,Wind,841.0
09/16/2020 09:15:00,EDT,Hydro,2991.0
09/16/2020 09:20:00,EDT,Dual Fuel,3932.0
09/16/2020 09:20:00,EDT,Natural Gas,2878.0
09/16/2020 09:20:00,EDT,Nuclear,3498.0
09/16/2020 09:20:00,EDT,Other Fossil Fuels,1.0
09/16/2020 09:20:00,EDT,Other Renewables,249.0
09/16/2020 09:20:00,EDT,Wind,820.0
09/16/2020 09:20:00,EDT,Hydro,2982.0
09/16/2020 09:25:00,EDT,Dual Fuel,3934.0
09/16/2020 09:25:00,EDT,Natural Gas,2883.0
09/16/2020 09:25:00,EDT,Nuclear,3499.0
09/16/2020 09:25:00,EDT,Other Fossil Fuels,1.0
09/16/2020 09:25:00,EDT,Other Renewables,254.0
09/16/2020 09:25:00,EDT,Wind,800.0
09/16/2020 09:25:00,EDT,Hydro,3004.0
09/16/2020 09:30:00,EDT,Dual Fuel,3900.0
09/16/2020 09:30:00,EDT,Natural Gas,2892.0
09/16/2020 09:30:00,EDT,Nuclear,3499.0
09/16/2020 09:30:00,EDT,Other Fossil Fuels,1.0
09/16/2020 09:30:00,EDT,Other Renewables,258.0
09/16/2020 09:30:00,EDT,Wind,778.0
09/16/2020 09:30:00,EDT,Hydro,3028.0
09/16/2020 09:35:00,EDT,Dual Fuel,3902.0
09/16/2020 09:35:00,EDT,Natural Gas,2899.0
09/16/2020 09:35:00,EDT,Nuclear,3499.0
09/16/2020 09:35:00,EDT,Other Fossil Fuels,1.0
09/16/2020 09:35:00,EDT,Other Renewables,256.0
09/16/2020 09:35:00,EDT,Wind,761.0
09/16/2020 09:35:00,EDT,Hydro,3014.0
09/16/2020 09:40:00,EDT,Dual Fuel,3908.0
09/16/2020 09:40:00,EDT,Natural Gas,2916.0
09/16/2020 09:40:00,EDT,Nuclear,3498.0
09/16/2020 09:40:00,EDT,Other Fossil Fuels,1.0
09/16/2020 09:40:00,EDT,Other Renewables,257.0
09/16/2020 09:40:00,EDT,Wind,747.0
09/16/2020 09:40:00,EDT,Hydro,3020.0
09/16/2020 09:45:00,EDT,Dual Fuel,3902.0
09/16/2020 09:45:00,EDT,Natural Gas,2940.0
09/16/2020 09:45:00,EDT,Nuclear,3499.0
09/16/2020 09:45:00,EDT,Other Fossil Fuels,1.0
09/16/2020 09:45:00,EDT,Other Renewables,259.0
09/16/2020 09:45:00,EDT,Wind,764.0
09/16/2020 09:45:00,EDT,Hydro,3016.0
09/16/2020 09:50:00,EDT,Dual Fuel,3899.0
09/16/2020 09:50:00,EDT,Natural Gas,2972.0
09/16/2020 09:50:00,EDT,Nuclear,3499.0
09/16/2020 09:50:00,EDT,Other Fossil Fuels,1.0
09/16/2020 09:50:00,EDT,Other Renewables,254.0
09/16/2020 09:50:00,EDT,Wind,750.0
09/16/2020 09:50:00,EDT,Hydro,3020.0
09/16/2020 09:55:00,EDT,Dual Fuel,3900.0
09/16/2020 09:55:00,EDT,Natural Gas,2980.0
09/16/2020 09:55:00,EDT,Nuclear,3498.0
09/16/2020 09:55:00,EDT,Other Fossil Fuels,1.0
09/16/2020 09:55:00,EDT,Other Renewables,258.0
09/16/2020 09:55:00,EDT,Wind,747.0
09/16/2020 09:55:00,EDT,Hydro,3010.0
09/16/2020 10:00:00,EDT,Dual Fuel,3968.0
09/16/2020 10:00:00,EDT,Natural Gas,2953.0
09/16/2020 10:00:00,EDT,Nuclear,3495.0
09/16/2020 10:00:00,EDT,Other Fossil Fuels,1.0
09/16/2020 10:00:00,EDT,Other Renewables,260.0
09/16/2020 10:00:00,EDT,Wind,768.0
09/16/2020 10:00:00,EDT,Hydro,3033.0
09/16/2020 10:05:00,EDT,Dual Fuel,4042.0
09/16/2020 10:05:00,EDT,Natural Gas,2878.0
09/16/2020 10:05:00,EDT,Nuclear,3498.0
09/16/2020 10:05:00,EDT,Other Fossil Fuels,1.0
09/16/2020 10:05:00,EDT,Other Renewables,263.0
09/16/2020 10:05:00,EDT,Wind,762.0
09/16/2020 10:05:00,EDT,Hydro,3054.0
09/16/2020 10:10:00,EDT,Dual Fuel,4053.0
09/16/2020 10:10:00,EDT,Natural Gas,2906.0
09/16/2020 10:10:00,EDT,Nuclear,3497.0
09/16/2020 10:10:00,EDT,Other Fossil Fuels,1.0
09/16/2020 10:10:00,EDT,Other Renewables,266.0
09/16/2020 10:10:00,EDT,Wind,762.0
09/16/2020 10:10:00,EDT,Hydro,3003.0
09/16/2020 10:15:00,EDT,Dual Fuel,4053.0
09/16/2020 10:15:00,EDT,Natural Gas,2928.0
09/16/2020 10:15:00,EDT,Nuclear,3497.0
09/16/2020 10:15:00,EDT,Other Fossil Fuels,1.0
09/16/2020 10:15:00,EDT,Other Renewables,263.0
09/16/2020 10:15:00,EDT,Wind,761.0
09/16/2020 10:15:00,EDT,Hydro,2938.0
09/16/2020 10:20:00,EDT,Dual Fuel,4075.0
09/16/2020 10:20:00,EDT,Natural Gas,2949.0
09/16/2020 10:20:00,EDT,Nuclear,3497.0
09/16/2020 10:20:00,EDT,Other Fossil Fuels,1.0
09/16/2020 10:20:00,EDT,Other Renewables,259.0
09/16/2020 10:20:00,EDT,Wind,752.0
09/16/2020 10:20:00,EDT,Hydro,2920.0
09/16/2020 10:25:00,EDT,Dual Fuel,4080.0
09/16/2020 10:25:00,EDT,Natural Gas,2944.0
09/16/2020 10:25:00,EDT,Nuclear,3495.0
09/16/2020 10:25:00,EDT,Other Fossil Fuels,1.0
09/16/2020 10:25:00,EDT,Other Renewables,257.0
09/16/2020 10:25:00,EDT,Wind,747.0
09/16/2020 10:25:00,EDT,Hydro,2924.0
09/16/2020 10:30:00,EDT,Dual Fuel,4077.0
09/16/2020 10:30:00,EDT,Natural Gas,2961.0
09/16/2020 10:30:00,EDT,Nuclear,3496.0
09/16/2020 10:30:00,EDT,Other Fossil Fuels,1.0
09/16/2020 10:30:00,EDT,Other Renewables,264.0
09/16/2020 10:30:00,EDT,Wind,738.0
09/16/2020 10:30:00,EDT,Hydro,2964.0
09/16/2020 10:35:00,EDT,Dual Fuel,4074.0
09/16/2020 10:35:00,EDT,Natural Gas,2991.0
09/16/2020 10:35:00,EDT,Nuclear,3495.0
09/16/2020 10:35:00,EDT,Other Fossil Fuels,1.0
09/16/2020 10:35:00,EDT,Other Renewables,263.0
09/16/2020 10:35:00,EDT,Wind,707.0
09/16/2020 10:35:00,EDT,Hydro,2953.0
09/16/2020 10:40:00,EDT,Dual Fuel,4051.0
09/16/2020 10:40:00,EDT,Natural Gas,2958.0
09/16/2020 10:40:00,EDT,Nuclear,3495.0
09/16/2020 10:40:00,EDT,Other Fossil Fuels,1.0
09/16/2020 10:40:00,EDT,Other Renewables,262.0
09/16/2020 10:40:00,EDT,Wind,701.0
09/16/2020 10:40:00,EDT,Hydro,2983.0
09/16/2020 10:45:00,EDT,Dual Fuel,4072.0
09/16/2020 10:45:00,EDT,Natural Gas,2939.0
09/16/2020 10:45:00,EDT,Nuclear,3495.0
09/16/2020 10:45:00,EDT,Other Fossil Fuels,1.0
09/16/2020 10:45:00,EDT,Other Renewables,258.0
09/16/2020 10:45:00,EDT,Wind,685.0
09/16/2020 10:45:00,EDT,Hydro,3002.0
09/16/2020 10:50:00,EDT,Dual Fuel,4083.0
09/16/2020 10:50:00,EDT,Natural Gas,2952.0
09/16/2020 10:50:00,EDT,Nuclear,3496.0
09/16/2020 10:50:00,EDT,Other Fossil Fuels,1.0
09/16/2020 10:50:00,EDT,Other Renewables,260.0
09/16/2020 10:50:00,EDT,Wind,667.0
09/16/2020 10:50:00,EDT,Hydro,3020.0
09/16/2020 10:55:00,EDT,Dual Fuel,4106.0
09/16/2020 10:55:00,EDT,Natural Gas,2944.0
09/16/2020 10:55:00,EDT,Nuclear,3495.0
09/16/2020 10:55:00,EDT,Other Fossil Fuels,1.0
09/16/2020 10:55:00,EDT,Other Renewables,264.0
09/16/2020 10:55:00,EDT,Wind,654.0
09/16/2020 10:55:00,EDT,Hydro,3027.0
09/16/2020 11:00:00,EDT,Dual Fuel,4153.0
09/16/2020 11:00:00,EDT,Natural Gas,2974.0
09/16/2020 11:00:00,EDT,Nuclear,3496.0
09/16/2020 11:00:00,EDT,Other Fossil Fuels,46.0
09/16/2020 11:00:00,EDT,Other Renewables,266.0
09/16/2020 11:00:00,EDT,Wind,648.0
09/16/2020 11:00:00,EDT,Hydro,3022.0
09/16/2020 11:05:00,EDT,Dual Fuel,4200.0
09/16/2020 11:05:00,EDT,Natural Gas,2991.0
09/16/2020 11:05:00,EDT,Nuclear,3495.0
09/16/2020 11:05:00,EDT,Other Fossil Fuels,61.0
09/16/2020 11:05:00,EDT,Other Renewables,269.0
09/16/2020 11:05:00,EDT,Wind,666.0
09/16/2020 11:05:00,EDT,Hydro,2991.0
09/16/2020 11:10:00,EDT,Dual Fuel,4209.0
09/16/2020 11:10:00,EDT,Natural Gas,3039.0
09/16/2020 11:10:00,EDT,Nuclear,3496.0
09/16/2020 11:10:00,EDT,Other Fossil Fuels,27.0
09/16/2020 11:10:00,EDT,Other Renewables,263.0
09/16/2020 11:10:00,EDT,Wind,667.0
09/16/2020 11:10:00,EDT,Hydro,3027.0
09/16/2020 11:15:00,EDT,Dual Fuel,4227.0
09/16/2020 11:15:00,EDT,Natural Gas,3052.0
09/16/2020 11:15:00,EDT,Nuclear,3493.0
09/16/2020 11:15:00,EDT,Other Fossil Fuels,20.0
09/16/2020 11:15:00,EDT,Other Renewables,259.0
09/16/2020 11:15:00,EDT,Wind,659.0
09/16/2020 11:15:00,EDT,Hydro,3076.0
09/16/2020 11:20:00,EDT,Dual Fuel,4223.0
09/16/2020 11:20:00,EDT,Natural Gas,3094.0
09/16/2020 11:20:00,EDT,Nuclear,3496.0
09/16/2020 11:20:00,EDT,Other Fossil Fuels,19.0
09/16/2020 11:20:00,EDT,Other Renewables,259.0
09/16/2020 11:20:00,EDT,Wind,645.0
09/16/2020 11:20:00,EDT,Hydro,3145.0
09/16/2020 11:25:00,EDT,Dual Fuel,4214.0
09/16/2020 11:25:00,EDT,Natural Gas,3127.0
09/16/2020 11:25:00,EDT,Nuclear,3494.0
09/16/2020 11:25:00,EDT,Other Fossil Fuels,1.0
09/16/2020 11:25:00,EDT,Other Renewables,251.0
09/16/2020 11:25:00,EDT,Wind,626.0
09/16/2020 11:25:00,EDT,Hydro,3136.0
09/16/2020 11:30:00,EDT,Dual Fuel,4212.0
09/16/2020 11:30:00,EDT,Natural Gas,3156.0
09/16/2020 11:30:00,EDT,Nuclear,3494.0
09/16/2020 11:30:00,EDT,Other Fossil Fuels,1.0
09/16/2020 11:30:00,EDT,Other Renewables,252.0
09/16/2020 11:30:00,EDT,Wind,612.0
09/16/2020 11:30:00,EDT,Hydro,3140.0
09/16/2020 11:35:00,EDT,Dual Fuel,4211.0
09/16/2020 11:35:00,EDT,Natural Gas,3170.0
09/16/2020 11:35:00,EDT,Nuclear,3495.0
09/16/2020 11:35:00,EDT,Other Fossil Fuels,3.0
09/16/2020 11:35:00,EDT,Other Renewables,254.0
09/16/2020 11:35:00,EDT,Wind,606.0
09/16/2020 11:35:00,EDT,Hydro,3139.0
09/16/2020 11:40:00,EDT,Dual Fuel,4207.0
09/16/2020 11:40:00,EDT,Natural Gas,3192.0
09/16/2020 11:40:00,EDT,Nuclear,3494.0
09/16/2020 11:40:00,EDT,Other Fossil Fuels,18.0
09/16/2020 11:40:00,EDT,Other Renewables,259.0
09/16/2020 11:40:00,EDT,Wind,616.0
09/16/2020 11:40:00,EDT,Hydro,3144.0
09/16/2020 11:45:00,EDT,Dual Fuel,4205.0
09/16/2020 11:45:00,EDT,Natural Gas,3204.0
09/16/2020 11:45:00,EDT,Nuclear,3493.0
09/16/2020 11:45:00,EDT,Other Fossil Fuels,20.0
09/16/2020 11:45:00,EDT,Other Renewables,262.0
09/16/2020 11:45:00,EDT,Wind,623.0
09/16/2020 11:45:00,EDT,Hydro,3111.0
09/16/2020 11:50:00,EDT,Dual Fuel,4206.0
09/16/2020 11:50:00,EDT,Natural Gas,3209.0
09/16/2020 11:50:00,EDT,Nuclear,3494.0
09/16/2020 11:50:00,EDT,Other Fossil Fuels,20.0
09/16/2020 11:50:00,EDT,Other Renewables,261.0
09/16/2020 11:50:00,EDT,Wind,612.0
09/16/2020 11:50:00,EDT,Hydro,3123.0
09/16/2020 11:55:00,EDT,Dual Fuel,4220.0
09/16/2020 11:55:00,EDT,Natural Gas,3231.0
09/16/2020 11:55:00,EDT,Nuclear,3494.0
09/16/2020 11:55:00,EDT,Other Fossil Fuels,20.0
09/16/2020 11:55:00,EDT,Other Renewables,261.0
09/16/2020 11:55:00,EDT,Wind,608.0
09/16/2020 11:55:00,EDT,Hydro,3133.0
09/16/2020 12:00:00,EDT,Dual Fuel,4239.0
09/16/2020 12:00:00,EDT,Natural Gas,3182.0
09/16/2020 12:00:00,EDT,Nuclear,3493.0
09/16/2020 12:00:00,EDT,Other Fossil Fuels,20.0
09/16/2020 12:00:00,EDT,Other Renewables,258.0
09/16/2020 12:00:00,EDT,Wind,594.0
09/16/2020 12:00:00,EDT,Hydro,3115.0
09/16/2020 12:05:00,EDT,Dual Fuel,4276.0
09/16/2020 12:05:00,EDT,Natural Gas,3016.0
09/16/2020 12:05:00,EDT,Nuclear,3495.0
09/16/2020 12:05:00,EDT,Other Fossil Fuels,25.0
09/16/2020 12:05:00,EDT,Other Renewables,258.0
09/16/2020 12:05:00,EDT,Wind,575.0
09/16/2020 12:05:00,EDT,Hydro,3106.0
09/16/2020 12:10:00,EDT,Dual Fuel,4287.0
09/16/2020 12:10:00,EDT,Natural Gas,2976.0
09/16/2020 12:10:00,EDT,Nuclear,3494.0
09/16/2020 12:10:00,EDT,Other Fossil Fuels,11.0
09/16/2020 12:10:00,EDT,Other Renewables,265.0
09/16/2020 12:10:00,EDT,Wind,542.0
09/16/2020 12:10:00,EDT,Hydro,3070.0
09/16/2020 12:15:00,EDT,Dual Fuel,4290.0
09/16/2020 12:15:00,EDT,Natural Gas,2973.0
09/16/2020 12:15:00,EDT,Nuclear,3492.0
09/16/2020 12:15:00,EDT,Other Fossil Fuels,11.0
09/16/2020 12:15:00,EDT,Other Renewables,266.0
09/16/2020 12:15:00,EDT,Wind,531.0
09/16/2020 12:15:00,EDT,Hydro,3057.0
09/16/2020 12:20:00,EDT,Dual Fuel,4287.0
09/16/2020 12:20:00,EDT,Natural Gas,2979.0
09/16/2020 12:20:00,EDT,Nuclear,3494.0
09/16/2020 12:20:00,EDT,Other Fossil Fuels,11.0
09/16/2020 12:20:00,EDT,Other Renewables,263.0
09/16/2020 12:20:00,EDT,Wind,521.0
09/16/2020 12:20:00,EDT,Hydro,3071.0
09/16/2020 12:25:00,EDT,Dual Fuel,4280.0
09/16/2020 12:25:00,EDT,Natural Gas,2982.0
09/16/2020 12:25:00,EDT,Nuclear,3493.0
09/16/2020 12:25:00,EDT,Other Fossil Fuels,11.0
09/16/2020 12:25:00,EDT,Other Renewables,264.0
09/16/2020 12:25:00,EDT,Wind,519.0
09/16/2020 12:25:00,EDT,Hydro,3116.0
09/16/2020 12:30:00,EDT,Dual Fuel,4283.0
09/16/2020 12:30:00,EDT,Natural Gas,3013.0
09/16/2020 12:30:00,EDT,Nuclear,3494.0
09/16/2020 12:30:00,EDT,Other Fossil Fuels,11.0
09/16/2020 12:30:00,EDT,Other Renewables,265.0
09/16/2020 12:30:00,EDT,Wind,503.0
09/16/2020 12:30:00,EDT,Hydro,3151.0
09/16/2020 12:35:00,EDT,Dual Fuel,4263.0
09/16/2020 12:35:00,EDT,Natural Gas,3043.0
09/16/2020 12:35:00,EDT,Nuclear,3496.0
09/16/2020 12:35:00,EDT,Other Fossil Fuels,11.0
09/16/2020 12:35:00,EDT,Other Renewables,262.0
09/16/2020 12:35:00,EDT,Wind,485.0
09/16/2020 12:35:00,EDT,Hydro,3113.0
09/16/2020 12:40:00,EDT,Dual Fuel,4285.0
09/16/2020 12:40:00,EDT,Natural Gas,3047.0
09/16/2020 12:40:00,EDT,Nuclear,3494.0
09/16/2020 12:40:00,EDT,Other Fossil Fuels,11.0
09/16/2020 12:40:00,EDT,Other Renewables,253.0
09/16/2020 12:40:00,EDT,Wind,493.0
09/16/2020 12:40:00,EDT,Hydro,3150.0
09/16/2020 12:45:00,EDT,Dual Fuel,4295.0
09/16/2020 12:45:00,EDT,Natural Gas,3080.0
09/16/2020 12:45:00,EDT,Nuclear,3495.0
09/16/2020 12:45:00,EDT,Other Fossil Fuels,11.0
09/16/2020 12:45:00,EDT,Other Renewables,259.0
09/16/2020 12:45:00,EDT,Wind,490.0
09/16/2020 12:45:00,EDT,Hydro,3166.0
09/16/2020 12:50:00,EDT,Dual Fuel,4285.0
09/16/2020 12:50:00,EDT,Natural Gas,3173.0
09/16/2020 12:50:00,EDT,Nuclear,3494.0
09/16/2020 12:50:00,EDT,Other Fossil Fuels,11.0
09/16/2020 12:50:00,EDT,Other Renewables,263.0
09/16/2020 12:50:00,EDT,Wind,480.0
09/16/2020 12:50:00,EDT,Hydro,3129.0
09/16/2020 12:55:00,EDT,Dual Fuel,4293.0
09/16/2020 12:55:00,EDT,Natural Gas,3180.0
09/16/2020 12:55:00,EDT,Nuclear,3495.0
09/16/2020 12:55:00,EDT,Other Fossil Fuels,12.0
09/16/2020 12:55:00,EDT,Other Renewables,264.0
09/16/2020 12:55:00,EDT,Wind,485.0
09/16/2020 12:55:00,EDT,Hydro,3108.0
09/16/2020 13:00:00,EDT,Dual Fuel,4340.0
09/16/2020 13:00:00,EDT,Natural Gas,3109.0
09/16/2020 13:00:00,EDT,Nuclear,3494.0
09/16/2020 13:00:00,EDT,Other Fossil Fuels,12.0
09/16/2020 13:00:00,EDT,Other Renewables,259.0
09/16/2020 13:00:00,EDT,Wind,513.0
09/16/2020 13:00:00,EDT,Hydro,3053.0
09/16/2020 13:05:00,EDT,Dual Fuel,4374.0
09/16/2020 13:05:00,EDT,Natural Gas,3023.0
09/16/2020 13:05:00,EDT,Nuclear,3495.0
09/16/2020 13:05:00,EDT,Other Fossil Fuels,12.0
09/16/2020 13:05:00,EDT,Other Renewables,260.0
09/16/2020 13:05:00,EDT,Wind,530.0
09/16/2020 13:05:00,EDT,Hydro,2977.0
09/16/2020 13:10:00,EDT,Dual Fuel,4358.0
09/16/2020 13:10:00,EDT,Natural Gas,2992.0
09/16/2020 13:10:00,EDT,Nuclear,3495.0
09/16/2020 13:10:00,EDT,Other Fossil Fuels,12.0
09/16/2020 13:10:00,EDT,Other Renewables,262.0
09/16/2020 13:10:00,EDT,Wind,555.0
09/16/2020 13:10:00,EDT,Hydro,2919.0
09/16/2020 13:15:00,EDT,Dual Fuel,4375.0
09/16/2020 13:15:00,EDT,Natural Gas,2975.0
09/16/2020 13:15:00,EDT,Nuclear,3494.0
09/16/2020 13:15:00,EDT,Other Fossil Fuels,12.0
09/16/2020 13:15:00,EDT,Other Renewables,261.0
09/16/2020 13:15:00,EDT,Wind,573.0
09/16/2020 13:15:00,EDT,Hydro,2918.0
09/16/2020 13:20:00,EDT,Dual Fuel,4382.0
09/16/2020 13:20:00,EDT,Natural Gas,2964.0
09/16/2020 13:20:00,EDT,Nuclear,3494.0
09/16/2020 13:20:00,EDT,Other Fossil Fuels,12.0
09/16/2020 13:20:00,EDT,Other Renewables,266.0
09/16/2020 13:20:00,EDT,Wind,589.0
09/16/2020 13:20:00,EDT,Hydro,2920.0
09/16/2020 13:25:00,EDT,Dual Fuel,4397.0
09/16/2020 13:25:00,EDT,Natural Gas,2946.0
09/16/2020 13:25:00,EDT,Nuclear,3495.0
09/16/2020 13:25:00,EDT,Other Fossil Fuels,12.0
09/16/2020 13:25:00,EDT,Other Renewables,262.0
09/16/2020 13:25:00,EDT,Wind,586.0
09/16/2020 13:25:00,EDT,Hydro,2922.0
09/16/2020 13:30:00,EDT,Dual Fuel,4411.0
09/16/2020 13:30:00,EDT,Natural Gas,2909.0
09/16/2020 13:30:00,EDT,Nuclear,3495.0
09/16/2020 13:30:00,EDT,Other Fossil Fuels,12.0
09/16/2020 13:30:00,EDT,Other Renewables,254.0
09/16/2020 13:30:00,EDT,Wind,589.0
09/16/2020 13:30:00,EDT,Hydro,2919.0
09/16/2020 13:35:00,EDT,Dual Fuel,4415.0
09/16/2020 13:35:00,EDT,Natural Gas,2882.0
09/16/2020 13:35:00,EDT,Nuclear,3493.0
09/16/2020 13:35:00,EDT,Other Fossil Fuels,12.0
09/16/2020 13:35:00,EDT,Other Renewables,254.0
09/16/2020 13:35:00,EDT,Wind,594.0
09/16/2020 13:35:00,EDT,Hydro,2951.0
09/16/2020 13:40:00,EDT,Dual Fuel,4420.0
09/16/2020 13:40:00,EDT,Natural Gas,2861.0
09/16/2020 13:40:00,EDT,Nuclear,3492.0
09/16/2020 13:40:00,EDT,Other Fossil Fuels,12.0
09/16/2020 13:40:00,EDT,Other Renewables,264.0
09/16/2020 13:40:00,EDT,Wind,586.0
09/16/2020 13:40:00,EDT,Hydro,2974.0
09/16/2020 13:45:00,EDT,Dual Fuel,4440.0
09/16/2020 13:45:00,EDT,Natural Gas,2832.0
09/16/2020 13:45:00,EDT,Nuclear,3493.0
09/16/2020 13:45:00,EDT,Other Fossil Fuels,12.0
09/16/2020 13:45:00,EDT,Other Renewables,263.0
09/16/2020 13:45:00,EDT,Wind,604.0
09/16/2020 13:45:00,EDT,Hydro,2978.0
09/16/2020 13:50:00,EDT,Dual Fuel,4457.0
09/16/2020 13:50:00,EDT,Natural Gas,2831.0
09/16/2020 13:50:00,EDT,Nuclear,3492.0
09/16/2020 13:50:00,EDT,Other Fossil Fuels,12.0
09/16/2020 13:50:00,EDT,Other Renewables,261.0
09/16/2020 13:50:00,EDT,Wind,626.0
09/16/2020 13:50:00,EDT,Hydro,2978.0
09/16/2020 13:55:00,EDT,Dual Fuel,4476.0
09/16/2020 13:55:00,EDT,Natural Gas,2907.0
09/16/2020 13:55:00,EDT,Nuclear,3492.0
09/16/2020 13:55:00,EDT,Other Fossil Fuels,12.0
09/16/2020 13:55:00,EDT,Other Renewables,264.0
09/16/2020 13:55:00,EDT,Wind,639.0
09/16/2020 13:55:00,EDT,Hydro,2957.0
09/16/2020 14:00:00,EDT,Dual Fuel,4453.0
09/16/2020 14:00:00,EDT,Natural Gas,2971.0
09/16/2020 14:00:00,EDT,Nuclear,3494.0
09/16/2020 14:00:00,EDT,Other Fossil Fuels,12.0
09/16/2020 14:00:00,EDT,Other Renewables,252.0
09/16/2020 14:00:00,EDT,Wind,647.0
09/16/2020 14:00:00,EDT,Hydro,2903.0
09/16/2020 14:05:00,EDT,Dual Fuel,4503.0
09/16/2020 14:05:00,EDT,Natural Gas,3027.0
09/16/2020 14:05:00,EDT,Nuclear,3492.0
09/16/2020 14:05:00,EDT,Other Fossil Fuels,12.0
09/16/2020 14:05:00,EDT,Other Renewables,252.0
09/16/2020 14:05:00,EDT,Wind,646.0
09/16/2020 14:05:00,EDT,Hydro,2862.0
09/16/2020 14:10:00,EDT,Dual Fuel,4540.0
09/16/2020 14:10:00,EDT,Natural Gas,3050.0
09/16/2020 14:10:00,EDT,Nuclear,3493.0
09/16/2020 14:10:00,EDT,Other Fossil Fuels,11.0
09/16/2020 14:10:00,EDT,Other Renewables,256.0
09/16/2020 14:10:00,EDT,Wind,653.0
09/16/2020 14:10:00,EDT,Hydro,2875.0
09/16/2020 14:15:00,EDT,Dual Fuel,4559.0
09/16/2020 14:15:00,EDT,Natural Gas,3057.0
09/16/2020 14:15:00,EDT,Nuclear,3491.0
09/16/2020 14:15:00,EDT,Other Fossil Fuels,11.0
09/16/2020 14:15:00,EDT,Other Renewables,259.0
09/16/2020 14:15:00,EDT,Wind,651.0
09/16/2020 14:15:00,EDT,Hydro,2849.0
09/16/2020 14:20:00,EDT,Dual Fuel,4582.0
09/16/2020 14:20:00,EDT,Natural Gas,3059.0
09/16/2020 14:20:00,EDT,Nuclear,3493.0
09/16/2020 14:20:00,EDT,Other Fossil Fuels,11.0
09/16/2020 14:20:00,EDT,Other Renewables,258.0
09/16/2020 14:20:00,EDT,Wind,658.0
09/16/2020 14:20:00,EDT,Hydro,2818.0
09/16/2020 14:25:00,EDT,Dual Fuel,4588.0
09/16/2020 14:25:00,EDT,Natural Gas,3060.0
09/16/2020 14:25:00,EDT,Nuclear,3492.0
09/16/2020 14:25:00,EDT,Other Fossil Fuels,11.0
09/16/2020 14:25:00,EDT,Other Renewables,257.0
09/16/2020 14:25:00,EDT,Wind,662.0
09/16/2020 14:25:00,EDT,Hydro,2829.0
09/16/2020 14:30:00,EDT,Dual Fuel,4593.0
09/16/2020 14:30:00,EDT,Natural Gas,3066.0
09/16/2020 14:30:00,EDT,Nuclear,3492.0
09/16/2020 14:30:00,EDT,Other Fossil Fuels,11.0
09/16/2020 14:30:00,EDT,Other Renewables,256.0
09/16/2020 14:30:00,EDT,Wind,662.0
09/16/2020 14:30:00,EDT,Hydro,2821.0
09/16/2020 14:35:00,EDT,Dual Fuel,4597.0
09/16/2020 14:35:00,EDT,Natural Gas,3094.0
09/16/2020 14:35:00,EDT,Nuclear,3493.0
09/16/2020 14:35:00,EDT,Other Fossil Fuels,11.0
09/16/2020 14:35:00,EDT,Other Renewables,258.0
09/16/2020 14:35:00,EDT,Wind,666.0
09/16/2020 14:35:00,EDT,Hydro,2794.0
09/16/2020 14:36:36,EDT,Dual Fuel,4598.0
09/16/2020 14:36:36,EDT,Natural Gas,3114.0
09/16/2020 14:36:36,EDT,Nuclear,3492.0
09/16/2020 14:36:36,EDT,Other Fossil Fuels,11.0
09/16/2020 14:36:36,EDT,Other Renewables,259.0
09/16/2020 14:36:36,EDT,Wind,671.0
09/16/2020 14:36:36,EDT,Hydro,2816.0
09/16/2020 14:38:00,EDT,Dual Fuel,4597.0
09/16/2020 14:38:00,EDT,Natural Gas,3122.0
09/16/2020 14:38:00,EDT,Nuclear,3492.0
09/16/2020 14:38:00,EDT,Other Fossil Fuels,11.0
09/16/2020 14:38:00,EDT,Other Renewables,257.0
09/16/2020 14:38:00,EDT,Wind,688.0
09/16/2020 14:38:00,EDT,Hydro,2814.0
09/16/2020 14:40:00,EDT,Dual Fuel,4601.0
09/16/2020 14:40:00,EDT,Natural Gas,3131.0
09/16/2020 14:40:00,EDT,Nuclear,3492.0
09/16/2020 14:40:00,EDT,Other Fossil Fuels,11.0
09/16/2020 14:40:00,EDT,Other Renewables,253.0
09/16/2020 14:40:00,EDT,Wind,688.0
09/16/2020 14:40:00,EDT,Hydro,2805.0
09/16/2020 14:45:00,EDT,Dual Fuel,4600.0
09/16/2020 14:45:00,EDT,Natural Gas,3139.0
09/16/2020 14:45:00,EDT,Nuclear,3494.0
09/16/2020 14:45:00,EDT,Other Fossil Fuels,11.0
09/16/2020 14:45:00,EDT,Other Renewables,254.0
09/16/2020 14:45:00,EDT,Wind,708.0
09/16/2020 14:45:00,EDT,Hydro,2799.0
09/16/2020 14:50:00,EDT,Dual Fuel,4616.0
09/16/2020 14:50:00,EDT,Natural Gas,3157.0
09/16/2020 14:50:00,EDT,Nuclear,3494.0
09/16/2020 14:50:00,EDT,Other Fossil Fuels,11.0
09/16/2020 14:50:00,EDT,Other Renewables,255.0
09/16/2020 14:50:00,EDT,Wind,715.0
09/16/2020 14:50:00,EDT,Hydro,2749.0
09/16/2020 14:55:00,EDT,Dual Fuel,4634.0
09/16/2020 14:55:00,EDT,Natural Gas,3149.0
09/16/2020 14:55:00,EDT,Nuclear,3491.0
09/16/2020 14:55:00,EDT,Other Fossil Fuels,11.0
09/16/2020 14:55:00,EDT,Other Renewables,258.0
09/16/2020 14:55:00,EDT,Wind,738.0
09/16/2020 14:55:00,EDT,Hydro,2731.0
09/16/2020 15:00:00,EDT,Dual Fuel,4671.0
09/16/2020 15:00:00,EDT,Natural Gas,3151.0
09/16/2020 15:00:00,EDT,Nuclear,3492.0
09/16/2020 15:00:00,EDT,Other Fossil Fuels,11.0
09/16/2020 15:00:00,EDT,Other Renewables,249.0
09/16/2020 15:00:00,EDT,Wind,741.0
09/16/2020 15:00:00,EDT,Hydro,2744.0
09/16/2020 15:05:00,EDT,Dual Fuel,4655.0
09/16/2020 15:05:00,EDT,Natural Gas,3166.0
09/16/2020 15:05:00,EDT,Nuclear,3492.0
09/16/2020 15:05:00,EDT,Other Fossil Fuels,11.0
09/16/2020 15:05:00,EDT,Other Renewables,255.0
09/16/2020 15:05:00,EDT,Wind,744.0
09/16/2020 15:05:00,EDT,Hydro,2790.0
09/16/2020 15:10:00,EDT,Dual Fuel,4617.0
09/16/2020 15:10:00,EDT,Natural Gas,3165.0
09/16/2020 15:10:00,EDT,Nuclear,3490.0
09/16/2020 15:10:00,EDT,Other Fossil Fuels,11.0
09/16/2020 15:10:00,EDT,Other Renewables,254.0
09/16/2020 15:10:00,EDT,Wind,750.0
09/16/2020 15:10:00,EDT,Hydro,2869.0
09/16/2020 15:15:00,EDT,Dual Fuel,4636.0
09/16/2020 15:15:00,EDT,Natural Gas,3165.0
09/16/2020 15:15:00,EDT,Nuclear,3491.0
09/16/2020 15:15:00,EDT,Other Fossil Fuels,11.0
09/16/2020 15:15:00,EDT,Other Renewables,251.0
09/16/2020 15:15:00,EDT,Wind,735.0
09/16/2020 15:15:00,EDT,Hydro,2909.0
09/16/2020 15:20:00,EDT,Dual Fuel,4641.0
09/16/2020 15:20:00,EDT,Natural Gas,3166.0
09/16/2020 15:20:00,EDT,Nuclear,3490.0
09/16/2020 15:20:00,EDT,Other Fossil Fuels,12.0
09/16/2020 15:20:00,EDT,Other Renewables,253.0
09/16/2020 15:20:00,EDT,Wind,723.0
09/16/2020 15:20:00,EDT,Hydro,2968.0
09/16/2020 15:25:00,EDT,Dual Fuel,4659.0
09/16/2020 15:25:00,EDT,Natural Gas,3158.0
09/16/2020 15:25:00,EDT,Nuclear,3490.0
09/16/2020 15:25:00,EDT,Other Fossil Fuels,12.0
09/16/2020 15:25:00,EDT,Other Renewables,247.0
09/16/2020 15:25:00,EDT,Wind,737.0
09/16/2020 15:25:00,EDT,Hydro,2982.0
09/16/2020 15:30:00,EDT,Dual Fuel,4672.0
09/16/2020 15:30:00,EDT,Natural Gas,3163.0
09/16/2020 15:30:00,EDT,Nuclear,3490.0
09/16/2020 15:30:00,EDT,Other Fossil Fuels,11.0
09/16/2020 15:30:00,EDT,Other Renewables,250.0
09/16/2020 15:30:00,EDT,Wind,757.0
09/16/2020 15:30:00,EDT,Hydro,2984.0
09/16/2020 15:35:00,EDT,Dual Fuel,4687.0
09/16/2020 15:35:00,EDT,Natural Gas,3186.0
09/16/2020 15:35:00,EDT,Nuclear,3492.0
09/16/2020 15:35:00,EDT,Other Fossil Fuels,12.0
09/16/2020 15:35:00,EDT,Other Renewables,252.0
09/16/2020 15:35:00,EDT,Wind,757.0
09/16/2020 15:35:00,EDT,Hydro,2953.0
09/16/2020 15:40:00,EDT,Dual Fuel,4689.0
09/16/2020 15:40:00,EDT,Natural Gas,3185.0
09/16/2020 15:40:00,EDT,Nuclear,3490.0
09/16/2020 15:40:00,EDT,Other Fossil Fuels,12.0
09/16/2020 15:40:00,EDT,Other Renewables,250.0
09/16/2020 15:40:00,EDT,Wind,748.0
09/16/2020 15:40:00,EDT,Hydro,2952.0
09/16/2020 15:45:00,EDT,Dual Fuel,4687.0
09/16/2020 15:45:00,EDT,Natural Gas,3188.0
09/16/2020 15:45:00,EDT,Nuclear,3491.0
09/16/2020 15:45:00,EDT,Other Fossil Fuels,12.0
09/16/2020 15:45:00,EDT,Other Renewables,247.0
09/16/2020 15:45:00,EDT,Wind,749.0
09/16/2020 15:45:00,EDT,Hydro,2974.0
09/16/2020 15:50:00,EDT,Dual Fuel,4696.0
09/16/2020 15:50:00,EDT,Natural Gas,3195.0
09/16/2020 15:50:00,EDT,Nuclear,3489.0
09/16/2020 15:50:00,EDT,Other Fossil Fuels,12.0
09/16/2020 15:50:00,EDT,Other Renewables,247.0
09/16/2020 15:50:00,EDT,Wind,766.0
09/16/2020 15:50:00,EDT,Hydro,2993.0
09/16/2020 15:55:00,EDT,Dual Fuel,4712.0
09/16/2020 15:55:00,EDT,Natural Gas,3211.0
09/16/2020 15:55:00,EDT,Nuclear,3488.0
09/16/2020 15:55:00,EDT,Other Fossil Fuels,5.0
09/16/2020 15:55:00,EDT,Other Renewables,248.0
09/16/2020 15:55:00,EDT,Wind,768.0
09/16/2020 15:55:00,EDT,Hydro,3010.0
09/16/2020 16:00:00,EDT,Dual Fuel,4708.0
09/16/2020 16:00:00,EDT,Natural Gas,3293.0
09/16/2020 16:00:00,EDT,Nuclear,3489.0
09/16/2020 16:00:00,EDT,Other Fossil Fuels,1.0
09/16/2020 16:00:00,EDT,Other Renewables,246.0
09/16/2020 16:00:00,EDT,Wind,748.0
09/16/2020 16:00:00,EDT,Hydro,2961.0
09/16/2020 16:05:00,EDT,Dual Fuel,4684.0
09/16/2020 16:05:00,EDT,Natural Gas,3335.0
09/16/2020 16:05:00,EDT,Nuclear,3490.0
09/16/2020 16:05:00,EDT,Other Fossil Fuels,1.0
09/16/2020 16:05:00,EDT,Other Renewables,247.0
09/16/2020 16:05:00,EDT,Wind,746.0
09/16/2020 16:05:00,EDT,Hydro,2843.0
09/16/2020 16:10:00,EDT,Dual Fuel,4681.0
09/16/2020 16:10:00,EDT,Natural Gas,3337.0
09/16/2020 16:10:00,EDT,Nuclear,3490.0
09/16/2020 16:10:00,EDT,Other Fossil Fuels,1.0
09/16/2020 16:10:00,EDT,Other Renewables,248.0
09/16/2020 16:10:00,EDT,Wind,740.0
09/16/2020 16:10:00,EDT,Hydro,2704.0
09/16/2020 16:15:00,EDT,Dual Fuel,4688.0
09/16/2020 16:15:00,EDT,Natural Gas,3335.0
09/16/2020 16:15:00,EDT,Nuclear,3488.0
09/16/2020 16:15:00,EDT,Other Fossil Fuels,1.0
09/16/2020 16:15:00,EDT,Other Renewables,246.0
09/16/2020 16:15:00,EDT,Wind,729.0
09/16/2020 16:15:00,EDT,Hydro,2682.0
09/16/2020 16:20:00,EDT,Dual Fuel,4696.0
09/16/2020 16:20:00,EDT,Natural Gas,3334.0
09/16/2020 16:20:00,EDT,Nuclear,3490.0
09/16/2020 16:20:00,EDT,Other Fossil Fuels,1.0
09/16/2020 16:20:00,EDT,Other Renewables,251.0
09/16/2020 16:20:00,EDT,Wind,694.0
09/16/2020 16:20:00,EDT,Hydro,2738.0
09/16/2020 16:25:00,EDT,Dual Fuel,4705.0
09/16/2020 16:25:00,EDT,Natural Gas,3334.0
09/16/2020 16:25:00,EDT,Nuclear,3488.0
09/16/2020 16:25:00,EDT,Other Fossil Fuels,1.0
09/16/2020 16:25:00,EDT,Other Renewables,250.0
09/16/2020 16:25:00,EDT,Wind,674.0
09/16/2020 16:25:00,EDT,Hydro,2774.0
09/16/2020 16:30:00,EDT,Dual Fuel,4703.0
09/16/2020 16:30:00,EDT,Natural Gas,3334.0
09/16/2020 16:30:00,EDT,Nuclear,3489.0
09/16/2020 16:30:00,EDT,Other Fossil Fuels,1.0
09/16/2020 16:30:00,EDT,Other Renewables,245.0
09/16/2020 16:30:00,EDT,Wind,665.0
09/16/2020 16:30:00,EDT,Hydro,2846.0
09/16/2020 16:35:00,EDT,Dual Fuel,4718.0
09/16/2020 16:35:00,EDT,Natural Gas,3332.0
09/16/2020 16:35:00,EDT,Nuclear,3489.0
09/16/2020 16:35:00,EDT,Other Fossil Fuels,1.0
09/16/2020 16:35:00,EDT,Other Renewables,248.0
09/16/2020 16:35:00,EDT,Wind,682.0
09/16/2020 16:35:00,EDT,Hydro,2840.0
09/16/2020 16:40:00,EDT,Dual Fuel,4677.0
09/16/2020 16:40:00,EDT,Natural Gas,3333.0
09/16/2020 16:40:00,EDT,Nuclear,3487.0
09/16/2020 16:40:00,EDT,Other Fossil Fuels,1.0
09/16/2020 16:40:00,EDT,Other Renewables,248.0
09/16/2020 16:40:00,EDT,Wind,702.0
09/16/2020 16:40:00,EDT,Hydro,2869.0
09/16/2020 16:45:00,EDT,Dual Fuel,4711.0
09/16/2020 16:45:00,EDT,Natural Gas,3334.0
09/16/2020 16:45:00,EDT,Nuclear,3488.0
09/16/2020 16:45:00,EDT,Other Fossil Fuels,1.0
09/16/2020 16:45:00,EDT,Other Renewables,248.0
09/16/2020 16:45:00,EDT,Wind,731.0
09/16/2020 16:45:00,EDT,Hydro,2874.0
09/16/2020 16:50:00,EDT,Dual Fuel,4696.0
09/16/2020 16:50:00,EDT,Natural Gas,3330.0
09/16/2020 16:50:00,EDT,Nuclear,3488.0
09/16/2020 16:50:00,EDT,Other Fossil Fuels,1.0
09/16/2020 16:50:00,EDT,Other Renewables,244.0
09/16/2020 16:50:00,EDT,Wind,747.0
09/16/2020 16:50:00,EDT,Hydro,2866.0
09/16/2020 16:55:00,EDT,Dual Fuel,4703.0
09/16/2020 16:55:00,EDT,Natural Gas,3331.0
09/16/2020 16:55:00,EDT,Nuclear,3489.0
09/16/2020 16:55:00,EDT,Other Fossil Fuels,1.0
09/16/2020 16:55:00,EDT,Other Renewables,245.0
09/16/2020 16:55:00,EDT,Wind,749.0
09/16/2020 16:55:00,EDT,Hydro,2872.0
09/16/2020 17:00:00,EDT,Dual Fuel,4717.0
09/16/2020 17:00:00,EDT,Natural Gas,3344.0
09/16/2020 17:00:00,EDT,Nuclear,3488.0
09/16/2020 17:00:00,EDT,Other Fossil Fuels,1.0
09/16/2020 17:00:00,EDT,Other Renewables,244.0
09/16/2020 17:00:00,EDT,Wind,741.0
09/16/2020 17:00:00,EDT,Hydro,2928.0
09/16/2020 17:05:00,EDT,Dual Fuel,4719.0
09/16/2020 17:05:00,EDT,Natural Gas,3392.0
09/16/2020 17:05:00,EDT,Nuclear,3489.0
09/16/2020 17:05:00,EDT,Other Fossil Fuels,1.0
09/16/2020 17:05:00,EDT,Other Renewables,243.0
09/16/2020 17:05:00,EDT,Wind,729.0
09/16/2020 17:05:00,EDT,Hydro,2889.0
09/16/2020 17:10:00,EDT,Dual Fuel,4722.0
09/16/2020 17:10:00,EDT,Natural Gas,3473.0
09/16/2020 17:10:00,EDT,Nuclear,3486.0
09/16/2020 17:10:00,EDT,Other Fossil Fuels,1.0
09/16/2020 17:10:00,EDT,Other Renewables,243.0
09/16/2020 17:10:00,EDT,Wind,698.0
09/16/2020 17:10:00,EDT,Hydro,2942.0
09/16/2020 17:15:00,EDT,Dual Fuel,4726.0
09/16/2020 17:15:00,EDT,Natural Gas,3550.0
09/16/2020 17:15:00,EDT,Nuclear,3489.0
09/16/2020 17:15:00,EDT,Other Fossil Fuels,1.0
09/16/2020 17:15:00,EDT,Other Renewables,242.0
09/16/2020 17:15:00,EDT,Wind,679.0
09/16/2020 17:15:00,EDT,Hydro,2903.0
09/16/2020 17:20:00,EDT,Dual Fuel,4732.0
09/16/2020 17:20:00,EDT,Natural Gas,3590.0
09/16/2020 17:20:00,EDT,Nuclear,3485.0
09/16/2020 17:20:00,EDT,Other Fossil Fuels,1.0
09/16/2020 17:20:00,EDT,Other Renewables,242.0
09/16/2020 17:20:00,EDT,Wind,681.0
09/16/2020 17:20:00,EDT,Hydro,2850.0
09/16/2020 17:25:00,EDT,Dual Fuel,4737.0
09/16/2020 17:25:00,EDT,Natural Gas,3596.0
09/16/2020 17:25:00,EDT,Nuclear,3487.0
09/16/2020 17:25:00,EDT,Other Fossil Fuels,1.0
09/16/2020 17:25:00,EDT,Other Renewables,245.0
09/16/2020 17:25:00,EDT,Wind,677.0
09/16/2020 17:25:00,EDT,Hydro,2883.0
09/16/2020 17:30:00,EDT,Dual Fuel,4729.0
09/16/2020 17:30:00,EDT,Natural Gas,3591.0
09/16/2020 17:30:00,EDT,Nuclear,3487.0
09/16/2020 17:30:00,EDT,Other Fossil Fuels,1.0
09/16/2020 17:30:00,EDT,Other Renewables,244.0
09/16/2020 17:30:00,EDT,Wind,669.0
09/16/2020 17:30:00,EDT,Hydro,2908.0
09/16/2020 17:35:00,EDT,Dual Fuel,4731.0
09/16/2020 17:35:00,EDT,Natural Gas,3592.0
09/16/2020 17:35:00,EDT,Nuclear,3485.0
09/16/2020 17:35:00,EDT,Other Fossil Fuels,1.0
09/16/2020 17:35:00,EDT,Other Renewables,247.0
09/16/2020 17:35:00,EDT,Wind,677.0
09/16/2020 17:35:00,EDT,Hydro,2940.0
09/16/2020 17:40:00,EDT,Dual Fuel,4737.0
09/16/2020 17:40:00,EDT,Natural Gas,3592.0
09/16/2020 17:40:00,EDT,Nuclear,3487.0
09/16/2020 17:40:00,EDT,Other Fossil Fuels,1.0
09/16/2020 17:40:00,EDT,Other Renewables,248.0
09/16/2020 17:40:00,EDT,Wind,682.0
09/16/2020 17:40:00,EDT,Hydro,2935.0
09/16/2020 17:45:00,EDT,Dual Fuel,4739.0
09/16/2020 17:45:00,EDT,Natural Gas,3590.0
09/16/2020 17:45:00,EDT,Nuclear,3486.0
09/16/2020 17:45:00,EDT,Other Fossil Fuels,1.0
09/16/2020 17:45:00,EDT,Other Renewables,250.0
09/16/2020 17:45:00,EDT,Wind,689.0
09/16/2020 17:45:00,EDT,Hydro,2942.0
09/16/2020 17:50:00,EDT,Dual Fuel,4739.0
09/16/2020 17:50:00,EDT,Natural Gas,3552.0
09/16/2020 17:50:00,EDT,Nuclear,3486.0
09/16/2020 17:50:00,EDT,Other Fossil Fuels,1.0
09/16/2020 17:50:00,EDT,Other Renewables,251.0
09/16/2020 17:50:00,EDT,Wind,696.0
09/16/2020 17:50:00,EDT,Hydro,2953.0
09/16/2020 17:55:00,EDT,Dual Fuel,4736.0
09/16/2020 17:55:00,EDT,Natural Gas,3571.0
09/16/2020 17:55:00,EDT,Nuclear,3486.0
09/16/2020 17:55:00,EDT,Other Fossil Fuels,1.0
09/16/2020 17:55:00,EDT,Other Renewables,248.0
09/16/2020 17:55:00,EDT,Wind,717.0
09/16/2020 17:55:00,EDT,Hydro,2899.0
09/16/2020 18:00:00,EDT,Dual Fuel,4736.0
09/16/2020 18:00:00,EDT,Natural Gas,3666.0
09/16/2020 18:00:00,EDT,Nuclear,3487.0
09/16/2020 18:00:00,EDT,Other Fossil Fuels,1.0
09/16/2020 18:00:00,EDT,Other Renewables,249.0
09/16/2020 18:00:00,EDT,Wind,728.0
09/16/2020 18:00:00,EDT,Hydro,2823.0
09/16/2020 18:05:00,EDT,Dual Fuel,4735.0
09/16/2020 18:05:00,EDT,Natural Gas,3722.0
09/16/2020 18:05:00,EDT,Nuclear,3485.0
09/16/2020 18:05:00,EDT,Other Fossil Fuels,1.0
09/16/2020 18:05:00,EDT,Other Renewables,246.0
09/16/2020 18:05:00,EDT,Wind,745.0
09/16/2020 18:05:00,EDT,Hydro,2835.0
09/16/2020 18:10:00,EDT,Dual Fuel,4740.0
09/16/2020 18:10:00,EDT,Natural Gas,3725.0
09/16/2020 18:10:00,EDT,Nuclear,3487.0
09/16/2020 18:10:00,EDT,Other Fossil Fuels,1.0
09/16/2020 18:10:00,EDT,Other Renewables,246.0
09/16/2020 18:10:00,EDT,Wind,782.0
09/16/2020 18:10:00,EDT,Hydro,2925.0
09/16/2020 18:15:00,EDT,Dual Fuel,4742.0
09/16/2020 18:15:00,EDT,Natural Gas,3723.0
09/16/2020 18:15:00,EDT,Nuclear,3486.0
09/16/2020 18:15:00,EDT,Other Fossil Fuels,1.0
09/16/2020 18:15:00,EDT,Other Renewables,249.0
09/16/2020 18:15:00,EDT,Wind,792.0
09/16/2020 18:15:00,EDT,Hydro,2969.0
09/16/2020 18:20:00,EDT,Dual Fuel,4743.0
09/16/2020 18:20:00,EDT,Natural Gas,3721.0
09/16/2020 18:20:00,EDT,Nuclear,3485.0
09/16/2020 18:20:00,EDT,Other Fossil Fuels,1.0
09/16/2020 18:20:00,EDT,Other Renewables,251.0
09/16/2020 18:20:00,EDT,Wind,809.0
09/16/2020 18:20:00,EDT,Hydro,2971.0
09/16/2020 18:25:00,EDT,Dual Fuel,4753.0
09/16/2020 18:25:00,EDT,Natural Gas,3709.0
09/16/2020 18:25:00,EDT,Nuclear,3486.0
09/16/2020 18:25:00,EDT,Other Fossil Fuels,1.0
09/16/2020 18:25:00,EDT,Other Renewables,247.0
09/16/2020 18:25:00,EDT,Wind,836.0
09/16/2020 18:25:00,EDT,Hydro,2919.0
09/16/2020 18:30:00,EDT,Dual Fuel,4758.0
09/16/2020 18:30:00,EDT,Natural Gas,3701.0
09/16/2020 18:30:00,EDT,Nuclear,3487.0
09/16/2020 18:30:00,EDT,Other Fossil Fuels,1.0
09/16/2020 18:30:00,EDT,Other Renewables,241.0
09/16/2020 18:30:00,EDT,Wind,865.0
09/16/2020 18:30:00,EDT,Hydro,2905.0
09/16/2020 18:35:00,EDT,Dual Fuel,4756.0
09/16/2020 18:35:00,EDT,Natural Gas,3681.0
09/16/2020 18:35:00,EDT,Nuclear,3486.0
09/16/2020 18:35:00,EDT,Other Fossil Fuels,1.0
09/16/2020 18:35:00,EDT,Other Renewables,242.0
09/16/2020 18:35:00,EDT,Wind,884.0
09/16/2020 18:35:00,EDT,Hydro,2913.0
09/16/2020 18:40:00,EDT,Dual Fuel,4756.0
09/16/2020 18:40:00,EDT,Natural Gas,3664.0
09/16/2020 18:40:00,EDT,Nuclear,3486.0
09/16/2020 18:40:00,EDT,Other Fossil Fuels,1.0
09/16/2020 18:40:00,EDT,Other Renewables,241.0
09/16/2020 18:40:00,EDT,Wind,921.0
09/16/2020 18:40:00,EDT,Hydro,2897.0
09/16/2020 18:45:00,EDT,Dual Fuel,4762.0
09/16/2020 18:45:00,EDT,Natural Gas,3666.0
09/16/2020 18:45:00,EDT,Nuclear,3487.0
09/16/2020 18:45:00,EDT,Other Fossil Fuels,1.0
09/16/2020 18:45:00,EDT,Other Renewables,242.0
09/16/2020 18:45:00,EDT,Wind,931.0
09/16/2020 18:45:00,EDT,Hydro,2876.0
09/16/2020 18:50:00,EDT,Dual Fuel,4762.0
09/16/2020 18:50:00,EDT,Natural Gas,3677.0
09/16/2020 18:50:00,EDT,Nuclear,3486.0
09/16/2020 18:50:00,EDT,Other Fossil Fuels,1.0
09/16/2020 18:50:00,EDT,Other Renewables,244.0
09/16/2020 18:50:00,EDT,Wind,936.0
09/16/2020 18:50:00,EDT,Hydro,2887.0
09/16/2020 18:55:00,EDT,Dual Fuel,4760.0
09/16/2020 18:55:00,EDT,Natural Gas,3669.0
09/16/2020 18:55:00,EDT,Nuclear,3486.0
09/16/2020 18:55:00,EDT,Other Fossil Fuels,1.0
09/16/2020 18:55:00,EDT,Other Renewables,245.0
09/16/2020 18:55:00,EDT,Wind,960.0
09/16/2020 18:55:00,EDT,Hydro,2863.0
09/16/2020 19:00:00,EDT,Dual Fuel,4773.0
09/16/2020 19:00:00,EDT,Natural Gas,3684.0
09/16/2020 19:00:00,EDT,Nuclear,3486.0
09/16/2020 19:00:00,EDT,Other Fossil Fuels,1.0
09/16/2020 19:00:00,EDT,Other Renewables,242.0
09/16/2020 19:00:00,EDT,Wind,947.0
09/16/2020 19:00:00,EDT,Hydro,2867.0
09/16/2020 19:05:00,EDT,Dual Fuel,4801.0
09/16/2020 19:05:00,EDT,Natural Gas,3722.0
09/16/2020 19:05:00,EDT,Nuclear,3487.0
09/16/2020 19:05:00,EDT,Other Fossil Fuels,1.0
09/16/2020 19:05:00,EDT,Other Renewables,240.0
09/16/2020 19:05:00,EDT,Wind,958.0
09/16/2020 19:05:00,EDT,Hydro,2906.0
09/16/2020 19:10:00,EDT,Dual Fuel,4824.0
09/16/2020 19:10:00,EDT,Natural Gas,3762.0
09/16/2020 19:10:00,EDT,Nuclear,3488.0
09/16/2020 19:10:00,EDT,Other Fossil Fuels,1.0
09/16/2020 19:10:00,EDT,Other Renewables,239.0
09/16/2020 19:10:00,EDT,Wind,947.0
09/16/2020 19:10:00,EDT,Hydro,2939.0
09/16/2020 19:15:00,EDT,Dual Fuel,4829.0
09/16/2020 19:15:00,EDT,Natural Gas,3774.0
09/16/2020 19:15:00,EDT,Nuclear,3487.0
09/16/2020 19:15:00,EDT,Other Fossil Fuels,1.0
09/16/2020 19:15:00,EDT,Other Renewables,243.0
09/16/2020 19:15:00,EDT,Wind,939.0
09/16/2020 19:15:00,EDT,Hydro,2942.0
09/16/2020 19:20:00,EDT,Dual Fuel,4852.0
09/16/2020 19:20:00,EDT,Natural Gas,3792.0
09/16/2020 19:20:00,EDT,Nuclear,3487.0
09/16/2020 19:20:00,EDT,Other Fossil Fuels,1.0
09/16/2020 19:20:00,EDT,Other Renewables,239.0
09/16/2020 19:20:00,EDT,Wind,919.0
09/16/2020 19:20:00,EDT,Hydro,2978.0
09/16/2020 19:25:00,EDT,Dual Fuel,4852.0
09/16/2020 19:25:00,EDT,Natural Gas,3796.0
09/16/2020 19:25:00,EDT,Nuclear,3488.0
09/16/2020 19:25:00,EDT,Other Fossil Fuels,1.0
09/16/2020 19:25:00,EDT,Other Renewables,239.0
09/16/2020 19:25:00,EDT,Wind,944.0
09/16/2020 19:25:00,EDT,Hydro,3005.0
09/16/2020 19:30:00,EDT,Dual Fuel,4855.0
09/16/2020 19:30:00,EDT,Natural Gas,3795.0
09/16/2020 19:30:00,EDT,Nuclear,3488.0
09/16/2020 19:30:00,EDT,Other Fossil Fuels,1.0
09/16/2020 19:30:00,EDT,Other Renewables,246.0
09/16/2020 19:30:00,EDT,Wind,972.0
09/16/2020 19:30:00,EDT,Hydro,2995.0
09/16/2020 19:35:00,EDT,Dual Fuel,4852.0
09/16/2020 19:35:00,EDT,Natural Gas,3790.0
09/16/2020 19:35:00,EDT,Nuclear,3486.0
09/16/2020 19:35:00,EDT,Other Fossil Fuels,1.0
09/16/2020 19:35:00,EDT,Other Renewables,244.0
09/16/2020 19:35:00,EDT,Wind,996.0
09/16/2020 19:35:00,EDT,Hydro,3003.0
09/16/2020 19:40:00,EDT,Dual Fuel,4855.0
09/16/2020 19:40:00,EDT,Natural Gas,3786.0
09/16/2020 19:40:00,EDT,Nuclear,3486.0
09/16/2020 19:40:00,EDT,Other Fossil Fuels,1.0
09/16/2020 19:40:00,EDT,Other Renewables,248.0
09/16/2020 19:40:00,EDT,Wind,1003.0
09/16/2020 19:40:00,EDT,Hydro,2996.0
09/16/2020 19:45:00,EDT,Dual Fuel,4851.0
09/16/2020 19:45:00,EDT,Natural Gas,3789.0
09/16/2020 19:45:00,EDT,Nuclear,3485.0
09/16/2020 19:45:00,EDT,Other Fossil Fuels,1.0
09/16/2020 19:45:00,EDT,Other Renewables,250.0
09/16/2020 19:45:00,EDT,Wind,1023.0
09/16/2020 19:45:00,EDT,Hydro,3004.0
09/16/2020 19:50:00,EDT,Dual Fuel,4854.0
09/16/2020 19:50:00,EDT,Natural Gas,3758.0
09/16/2020 19:50:00,EDT,Nuclear,3486.0
09/16/2020 19:50:00,EDT,Other Fossil Fuels,1.0
09/16/2020 19:50:00,EDT,Other Renewables,251.0
09/16/2020 19:50:00,EDT,Wind,1035.0
09/16/2020 19:50:00,EDT,Hydro,2965.0
09/16/2020 19:55:00,EDT,Dual Fuel,4848.0
09/16/2020 19:55:00,EDT,Natural Gas,3762.0
09/16/2020 19:55:00,EDT,Nuclear,3488.0
09/16/2020 19:55:00,EDT,Other Fossil Fuels,1.0
09/16/2020 19:55:00,EDT,Other Renewables,249.0
09/16/2020 19:55:00,EDT,Wind,1052.0
09/16/2020 19:55:00,EDT,Hydro,2961.0
09/16/2020 20:00:00,EDT,Dual Fuel,4838.0
09/16/2020 20:00:00,EDT,Natural Gas,3758.0
09/16/2020 20:00:00,EDT,Nuclear,3485.0
09/16/2020 20:00:00,EDT,Other Fossil Fuels,1.0
09/16/2020 20:00:00,EDT,Other Renewables,247.0
09/16/2020 20:00:00,EDT,Wind,1076.0
09/16/2020 20:00:00,EDT,Hydro,2905.0
09/16/2020 20:05:00,EDT,Dual Fuel,4792.0
09/16/2020 20:05:00,EDT,Natural Gas,3771.0
09/16/2020 20:05:00,EDT,Nuclear,3485.0
09/16/2020 20:05:00,EDT,Other Fossil Fuels,1.0
09/16/2020 20:05:00,EDT,Other Renewables,245.0
09/16/2020 20:05:00,EDT,Wind,1062.0
09/16/2020 20:05:00,EDT,Hydro,2897.0
09/16/2020 20:10:00,EDT,Dual Fuel,4776.0
09/16/2020 20:10:00,EDT,Natural Gas,3754.0
09/16/2020 20:10:00,EDT,Nuclear,3485.0
09/16/2020 20:10:00,EDT,Other Fossil Fuels,1.0
09/16/2020 20:10:00,EDT,Other Renewables,243.0
09/16/2020 20:10:00,EDT,Wind,1050.0
09/16/2020 20:10:00,EDT,Hydro,2927.0
09/16/2020 20:15:00,EDT,Dual Fuel,4772.0
09/16/2020 20:15:00,EDT,Natural Gas,3696.0
09/16/2020 20:15:00,EDT,Nuclear,3487.0
09/16/2020 20:15:00,EDT,Other Fossil Fuels,1.0
09/16/2020 20:15:00,EDT,Other Renewables,247.0
09/16/2020 20:15:00,EDT,Wind,1059.0
09/16/2020 20:15:00,EDT,Hydro,2870.0
09/16/2020 20:20:00,EDT,Dual Fuel,4738.0
09/16/2020 20:20:00,EDT,Natural Gas,3666.0
09/16/2020 20:20:00,EDT,Nuclear,3486.0
09/16/2020 20:20:00,EDT,Other Fossil Fuels,1.0
09/16/2020 20:20:00,EDT,Other Renewables,247.0
09/16/2020 20:20:00,EDT,Wind,1116.0
09/16/2020 20:20:00,EDT,Hydro,2854.0
09/16/2020 20:25:00,EDT,Dual Fuel,4721.0
09/16/2020 20:25:00,EDT,Natural Gas,3653.0
09/16/2020 20:25:00,EDT,Nuclear,3486.0
09/16/2020 20:25:00,EDT,Other Fossil Fuels,1.0
09/16/2020 20:25:00,EDT,Other Renewables,242.0
09/16/2020 20:25:00,EDT,Wind,1138.0
09/16/2020 20:25:00,EDT,Hydro,2773.0
09/16/2020 20:30:00,EDT,Dual Fuel,4714.0
09/16/2020 20:30:00,EDT,Natural Gas,3654.0
09/16/2020 20:30:00,EDT,Nuclear,3486.0
09/16/2020 20:30:00,EDT,Other Fossil Fuels,1.0
09/16/2020 20:30:00,EDT,Other Renewables,243.0
09/16/2020 20:30:00,EDT,Wind,1144.0
09/16/2020 20:30:00,EDT,Hydro,2709.0
09/16/2020 20:35:00,EDT,Dual Fuel,4705.0
09/16/2020 20:35:00,EDT,Natural Gas,3628.0
09/16/2020 20:35:00,EDT,Nuclear,3486.0
09/16/2020 20:35:00,EDT,Other Fossil Fuels,1.0
09/16/2020 20:35:00,EDT,Other Renewables,243.0
09/16/2020 20:35:00,EDT,Wind,1155.0
09/16/2020 20:35:00,EDT,Hydro,2637.0
09/16/2020 20:40:00,EDT,Dual Fuel,4688.0
09/16/2020 20:40:00,EDT,Natural Gas,3594.0
09/16/2020 20:40:00,EDT,Nuclear,3486.0
09/16/2020 20:40:00,EDT,Other Fossil Fuels,1.0
09/16/2020 20:40:00,EDT,Other Renewables,248.0
09/16/2020 20:40:00,EDT,Wind,1149.0
09/16/2020 20:40:00,EDT,Hydro,2616.0
09/16/2020 20:45:00,EDT,Dual Fuel,4656.0
09/16/2020 20:45:00,EDT,Natural Gas,3558.0
09/16/2020 20:45:00,EDT,Nuclear,3485.0
09/16/2020 20:45:00,EDT,Other Fossil Fuels,1.0
09/16/2020 20:45:00,EDT,Other Renewables,248.0
09/16/2020 20:45:00,EDT,Wind,1155.0
09/16/2020 20:45:00,EDT,Hydro,2610.0
09/16/2020 20:50:00,EDT,Dual Fuel,4552.0
09/16/2020 20:50:00,EDT,Natural Gas,3527.0
09/16/2020 20:50:00,EDT,Nuclear,3486.0
09/16/2020 20:50:00,EDT,Other Fossil Fuels,1.0
09/16/2020 20:50:00,EDT,Other Renewables,249.0
09/16/2020 20:50:00,EDT,Wind,1166.0
09/16/2020 20:50:00,EDT,Hydro,2658.0
09/16/2020 20:55:00,EDT,Dual Fuel,4393.0
09/16/2020 20:55:00,EDT,Natural Gas,3498.0
09/16/2020 20:55:00,EDT,Nuclear,3486.0
09/16/2020 20:55:00,EDT,Other Fossil Fuels,1.0
09/16/2020 20:55:00,EDT,Other Renewables,245.0
09/16/2020 20:55:00,EDT,Wind,1182.0
09/16/2020 20:55:00,EDT,Hydro,2756.0
09/16/2020 21:00:00,EDT,Dual Fuel,4358.0
09/16/2020 21:00:00,EDT,Natural Gas,3428.0
09/16/2020 21:00:00,EDT,Nuclear,3487.0
09/16/2020 21:00:00,EDT,Other Fossil Fuels,1.0
09/16/2020 21:00:00,EDT,Other Renewables,242.0
09/16/2020 21:00:00,EDT,Wind,1261.0
09/16/2020 21:00:00,EDT,Hydro,2815.0
09/16/2020 21:05:00,EDT,Dual Fuel,4333.0
09/16/2020 21:05:00,EDT,Natural Gas,3273.0
09/16/2020 21:05:00,EDT,Nuclear,3486.0
09/16/2020 21:05:00,EDT,Other Fossil Fuels,1.0
09/16/2020 21:05:00,EDT,Other Renewables,242.0
09/16/2020 21:05:00,EDT,Wind,1352.0
09/16/2020 21:05:00,EDT,Hydro,2908.0
09/16/2020 21:06:30,EDT,Dual Fuel,4244.0
09/16/2020 21:06:30,EDT,Natural Gas,3224.0
09/16/2020 21:06:30,EDT,Nuclear,3488.0
09/16/2020 21:06:30,EDT,Other Fossil Fuels,1.0
09/16/2020 21:06:30,EDT,Other Renewables,244.0
09/16/2020 21:06:30,EDT,Wind,1387.0
09/16/2020 21:06:30,EDT,Hydro,2997.0
09/16/2020 21:08:06,EDT,Dual Fuel,4194.0
09/16/2020 21:08:06,EDT,Natural Gas,3211.0
09/16/2020 21:08:06,EDT,Nuclear,3487.0
09/16/2020 21:08:06,EDT,Other Fossil Fuels,1.0
09/16/2020 21:08:06,EDT,Other Renewables,243.0
09/16/2020 21:08:06,EDT,Wind,1402.0
09/16/2020 21:08:06,EDT,Hydro,3063.0
09/16/2020 21:10:00,EDT,Dual Fuel,4185.0
09/16/2020 21:10:00,EDT,Natural Gas,3206.0
09/16/2020 21:10:00,EDT,Nuclear,3488.0
09/16/2020 21:10:00,EDT,Other Fossil Fuels,1.0
09/16/2020 21:10:00,EDT,Other Renewables,244.0
09/16/2020 21:10:00,EDT,Wind,1383.0
09/16/2020 21:10:00,EDT,Hydro,3086.0
09/16/2020 21:15:00,EDT,Dual Fuel,4160.0
09/16/2020 21:15:00,EDT,Natural Gas,3127.0
09/16/2020 21:15:00,EDT,Nuclear,3488.0
09/16/2020 21:15:00,EDT,Other Fossil Fuels,1.0
09/16/2020 21:15:00,EDT,Other Renewables,243.0
09/16/2020 21:15:00,EDT,Wind,1383.0
09/16/2020 21:15:00,EDT,Hydro,3130.0
09/16/2020 21:20:00,EDT,Dual Fuel,4126.0
09/16/2020 21:20:00,EDT,Natural Gas,3047.0
09/16/2020 21:20:00,EDT,Nuclear,3488.0
09/16/2020 21:20:00,EDT,Other Fossil Fuels,1.0
09/16/2020 21:20:00,EDT,Other Renewables,240.0
09/16/2020 21:20:00,EDT,Wind,1371.0
09/16/2020 21:20:00,EDT,Hydro,3128.0
09/16/2020 21:25:00,EDT,Dual Fuel,4059.0
09/16/2020 21:25:00,EDT,Natural Gas,3041.0
09/16/2020 21:25:00,EDT,Nuclear,3490.0
09/16/2020 21:25:00,EDT,Other Fossil Fuels,1.0
09/16/2020 21:25:00,EDT,Other Renewables,236.0
09/16/2020 21:25:00,EDT,Wind,1363.0
09/16/2020 21:25:00,EDT,Hydro,3152.0
09/16/2020 21:30:00,EDT,Dual Fuel,4014.0
09/16/2020 21:30:00,EDT,Natural Gas,3028.0
09/16/2020 21:30:00,EDT,Nuclear,3489.0
09/16/2020 21:30:00,EDT,Other Fossil Fuels,1.0
09/16/2020 21:30:00,EDT,Other Renewables,241.0
09/16/2020 21:30:00,EDT,Wind,1350.0
09/16/2020 21:30:00,EDT,Hydro,3231.0
09/16/2020 21:35:00,EDT,Dual Fuel,4017.0
09/16/2020 21:35:00,EDT,Natural Gas,3013.0
09/16/2020 21:35:00,EDT,Nuclear,3487.0
09/16/2020 21:35:00,EDT,Other Fossil Fuels,1.0
09/16/2020 21:35:00,EDT,Other Renewables,242.0
09/16/2020 21:35:00,EDT,Wind,1351.0
09/16/2020 21:35:00,EDT,Hydro,3192.0
09/16/2020 21:40:00,EDT,Dual Fuel,4000.0
09/16/2020 21:40:00,EDT,Natural Gas,3041.0
09/16/2020 21:40:00,EDT,Nuclear,3487.0
09/16/2020 21:40:00,EDT,Other Fossil Fuels,1.0
09/16/2020 21:40:00,EDT,Other Renewables,237.0
09/16/2020 21:40:00,EDT,Wind,1354.0
09/16/2020 21:40:00,EDT,Hydro,3131.0
09/16/2020 21:45:00,EDT,Dual Fuel,4007.0
09/16/2020 21:45:00,EDT,Natural Gas,3069.0
09/16/2020 21:45:00,EDT,Nuclear,3488.0
09/16/2020 21:45:00,EDT,Other Fossil Fuels,1.0
09/16/2020 21:45:00,EDT,Other Renewables,236.0
09/16/2020 21:45:00,EDT,Wind,1345.0
09/16/2020 21:45:00,EDT,Hydro,3067.0
09/16/2020 21:50:00,EDT,Dual Fuel,4010.0
09/16/2020 21:50:00,EDT,Natural Gas,2979.0
09/16/2020 21:50:00,EDT,Nuclear,3489.0
09/16/2020 21:50:00,EDT,Other Fossil Fuels,1.0
09/16/2020 21:50:00,EDT,Other Renewables,240.0
09/16/2020 21:50:00,EDT,Wind,1344.0
09/16/2020 21:50:00,EDT,Hydro,2968.0
09/16/2020 21:55:00,EDT,Dual Fuel,3989.0
09/16/2020 21:55:00,EDT,Natural Gas,2902.0
09/16/2020 21:55:00,EDT,Nuclear,3489.0
09/16/2020 21:55:00,EDT,Other Fossil Fuels,1.0
09/16/2020 21:55:00,EDT,Other Renewables,237.0
09/16/2020 21:55:00,EDT,Wind,1342.0
09/16/2020 21:55:00,EDT,Hydro,2984.0
09/16/2020 22:00:00,EDT,Dual Fuel,3940.0
09/16/2020 22:00:00,EDT,Natural Gas,2843.0
09/16/2020 22:00:00,EDT,Nuclear,3489.0
09/16/2020 22:00:00,EDT,Other Fossil Fuels,1.0
09/16/2020 22:00:00,EDT,Other Renewables,237.0
09/16/2020 22:00:00,EDT,Wind,1343.0
09/16/2020 22:00:00,EDT,Hydro,2981.0
09/16/2020 22:05:00,EDT,Dual Fuel,3803.0
09/16/2020 22:05:00,EDT,Natural Gas,2741.0
09/16/2020 22:05:00,EDT,Nuclear,3488.0
09/16/2020 22:05:00,EDT,Other Fossil Fuels,1.0
09/16/2020 22:05:00,EDT,Other Renewables,242.0
09/16/2020 22:05:00,EDT,Wind,1337.0
09/16/2020 22:05:00,EDT,Hydro,3110.0
09/16/2020 22:10:00,EDT,Dual Fuel,3725.0
09/16/2020 22:10:00,EDT,Natural Gas,2650.0
09/16/2020 22:10:00,EDT,Nuclear,3488.0
09/16/2020 22:10:00,EDT,Other Fossil Fuels,1.0
09/16/2020 22:10:00,EDT,Other Renewables,240.0
09/16/2020 22:10:00,EDT,Wind,1346.0
09/16/2020 22:10:00,EDT,Hydro,3252.0
09/16/2020 22:15:00,EDT,Dual Fuel,3672.0
09/16/2020 22:15:00,EDT,Natural Gas,2622.0
09/16/2020 22:15:00,EDT,Nuclear,3487.0
09/16/2020 22:15:00,EDT,Other Fossil Fuels,1.0
09/16/2020 22:15:00,EDT,Other Renewables,237.0
09/16/2020 22:15:00,EDT,Wind,1350.0
09/16/2020 22:15:00,EDT,Hydro,3254.0
09/16/2020 22:20:00,EDT,Dual Fuel,3647.0
09/16/2020 22:20:00,EDT,Natural Gas,2623.0
09/16/2020 22:20:00,EDT,Nuclear,3489.0
09/16/2020 22:20:00,EDT,Other Fossil Fuels,1.0
09/16/2020 22:20:00,EDT,Other Renewables,234.0
09/16/2020 22:20:00,EDT,Wind,1335.0
09/16/2020 22:20:00,EDT,Hydro,3251.0
09/16/2020 22:25:00,EDT,Dual Fuel,3624.0
09/16/2020 22:25:00,EDT,Natural Gas,2598.0
09/16/2020 22:25:00,EDT,Nuclear,3488.0
09/16/2020 22:25:00,EDT,Other Fossil Fuels,1.0
09/16/2020 22:25:00,EDT,Other Renewables,234.0
09/16/2020 22:25:00,EDT,Wind,1331.0
09/16/2020 22:25:00,EDT,Hydro,3255.0
09/16/2020 22:30:00,EDT,Dual Fuel,3602.0
09/16/2020 22:30:00,EDT,Natural Gas,2585.0
09/16/2020 22:30:00,EDT,Nuclear,3491.0
09/16/2020 22:30:00,EDT,Other Fossil Fuels,1.0
09/16/2020 22:30:00,EDT,Other Renewables,235.0
09/16/2020 22:30:00,EDT,Wind,1323.0
09/16/2020 22:30:00,EDT,Hydro,3219.0
09/16/2020 22:35:00,EDT,Dual Fuel,3575.0
09/16/2020 22:35:00,EDT,Natural Gas,2633.0
09/16/2020 22:35:00,EDT,Nuclear,3490.0
09/16/2020 22:35:00,EDT,Other Fossil Fuels,1.0
09/16/2020 22:35:00,EDT,Other Renewables,239.0
09/16/2020 22:35:00,EDT,Wind,1325.0
09/16/2020 22:35:00,EDT,Hydro,3207.0
09/16/2020 22:40:00,EDT,Dual Fuel,3548.0
09/16/2020 22:40:00,EDT,Natural Gas,2661.0
09/16/2020 22:40:00,EDT,Nuclear,3490.0
09/16/2020 22:40:00,EDT,Other Fossil Fuels,1.0
09/16/2020 22:40:00,EDT,Other Renewables,242.0
09/16/2020 22:40:00,EDT,Wind,1319.0
09/16/2020 22:40:00,EDT,Hydro,3143.0
09/16/2020 22:45:00,EDT,Dual Fuel,3532.0
09/16/2020 22:45:00,EDT,Natural Gas,2638.0
09/16/2020 22:45:00,EDT,Nuclear,3491.0
09/16/2020 22:45:00,EDT,Other Fossil Fuels,1.0
09/16/2020 22:45:00,EDT,Other Renewables,242.0
09/16/2020 22:45:00,EDT,Wind,1310.0
09/16/2020 22:45:00,EDT,Hydro,3119.0
09/16/2020 22:50:00,EDT,Dual Fuel,3525.0
09/16/2020 22:50:00,EDT,Natural Gas,2607.0
09/16/2020 22:50:00,EDT,Nuclear,3489.0
09/16/2020 22:50:00,EDT,Other Fossil Fuels,1.0
09/16/2020 22:50:00,EDT,Other Renewables,245.0
09/16/2020 22:50:00,EDT,Wind,1296.0
09/16/2020 22:50:00,EDT,Hydro,3150.0
09/16/2020 22:55:00,EDT,Dual Fuel,3509.0
09/16/2020 22:55:00,EDT,Natural Gas,2548.0
09/16/2020 22:55:00,EDT,Nuclear,3490.0
09/16/2020 22:55:00,EDT,Other Fossil Fuels,1.0
09/16/2020 22:55:00,EDT,Other Renewables,245.0
09/16/2020 22:55:00,EDT,Wind,1285.0
09/16/2020 22:55:00,EDT,Hydro,3202.0
09/16/2020 23:00:00,EDT,Dual Fuel,3519.0
09/16/2020 23:00:00,EDT,Natural Gas,2507.0
09/16/2020 23:00:00,EDT,Nuclear,3490.0
09/16/2020 23:00:00,EDT,Other Fossil Fuels,1.0
09/16/2020 23:00:00,EDT,Other Renewables,243.0
09/16/2020 23:00:00,EDT,Wind,1271.0
09/16/2020 23:00:00,EDT,Hydro,3147.0
09/16/2020 23:05:00,EDT,Dual Fuel,3526.0
09/16/2020 23:05:00,EDT,Natural Gas,2472.0
09/16/2020 23:05:00,EDT,Nuclear,3490.0
09/16/2020 23:05:00,EDT,Other Fossil Fuels,1.0
09/16/2020 23:05:00,EDT,Other Renewables,243.0
09/16/2020 23:05:00,EDT,Wind,1264.0
09/16/2020 23:05:00,EDT,Hydro,3213.0
09/16/2020 23:10:00,EDT,Dual Fuel,3520.0
09/16/2020 23:10:00,EDT,Natural Gas,2441.0
09/16/2020 23:10:00,EDT,Nuclear,3490.0
09/16/2020 23:10:00,EDT,Other Fossil Fuels,1.0
09/16/2020 23:10:00,EDT,Other Renewables,243.0
09/16/2020 23:10:00,EDT,Wind,1251.0
09/16/2020 23:10:00,EDT,Hydro,3262.0
09/16/2020 23:15:00,EDT,Dual Fuel,3510.0
09/16/2020 23:15:00,EDT,Natural Gas,2409.0
09/16/2020 23:15:00,EDT,Nuclear,3489.0
09/16/2020 23:15:00,EDT,Other Fossil Fuels,1.0
09/16/2020 23:15:00,EDT,Other Renewables,244.0
09/16/2020 23:15:00,EDT,Wind,1236.0
09/16/2020 23:15:00,EDT,Hydro,3249.0
09/16/2020 23:20:00,EDT,Dual Fuel,3510.0
09/16/2020 23:20:00,EDT,Natural Gas,2381.0
09/16/2020 23:20:00,EDT,Nuclear,3489.0
09/16/2020 23:20:00,EDT,Other Fossil Fuels,1.0
09/16/2020 23:20:00,EDT,Other Renewables,242.0
09/16/2020 23:20:00,EDT,Wind,1227.0
09/16/2020 23:20:00,EDT,Hydro,3249.0
09/16/2020 23:25:00,EDT,Dual Fuel,3509.0
09/16/2020 23:25:00,EDT,Natural Gas,2380.0
09/16/2020 23:25:00,EDT,Nuclear,3491.0
09/16/2020 23:25:00,EDT,Other Fossil Fuels,1.0
09/16/2020 23:25:00,EDT,Other Renewables,243.0
09/16/2020 23:25:00,EDT,Wind,1229.0
09/16/2020 23:25:00,EDT,Hydro,3259.0
09/16/2020 23:30:00,EDT,Dual Fuel,3506.0
09/16/2020 23:30:00,EDT,Natural Gas,2376.0
09/16/2020 23:30:00,EDT,Nuclear,3491.0
09/16/2020 23:30:00,EDT,Other Fossil Fuels,1.0
09/16/2020 23:30:00,EDT,Other Renewables,245.0
09/16/2020 23:30:00,EDT,Wind,1229.0
09/16/2020 23:30:00,EDT,Hydro,3230.0
09/16/2020 23:35:00,EDT,Dual Fuel,3464.0
09/16/2020 23:35:00,EDT,Natural Gas,2361.0
09/16/2020 23:35:00,EDT,Nuclear,3490.0
09/16/2020 23:35:00,EDT,Other Fossil Fuels,1.0
09/16/2020 23:35:00,EDT,Other Renewables,243.0
09/16/2020 23:35:00,EDT,Wind,1238.0
09/16/2020 23:35:00,EDT,Hydro,3198.0
09/16/2020 23:40:00,EDT,Dual Fuel,3470.0
09/16/2020 23:40:00,EDT,Natural Gas,2358.0
09/16/2020 23:40:00,EDT,Nuclear,3491.0
09/16/2020 23:40:00,EDT,Other Fossil Fuels,1.0
09/16/2020 23:40:00,EDT,Other Renewables,244.0
09/16/2020 23:40:00,EDT,Wind,1234.0
09/16/2020 23:40:00,EDT,Hydro,3139.0
09/16/2020 23:45:00,EDT,Dual Fuel,3405.0
09/16/2020 23:45:00,EDT,Natural Gas,2353.0
09/16/2020 23:45:00,EDT,Nuclear,3490.0
09/16/2020 23:45:00,EDT,Other Fossil Fuels,1.0
09/16/2020 23:45:00,EDT,Other Renewables,244.0
09/16/2020 23:45:00,EDT,Wind,1234.0
09/16/2020 23:45:00,EDT,Hydro,3117.0
09/16/2020 23:50:00,EDT,Dual Fuel,3298.0
09/16/2020 23:50:00,EDT,Natural Gas,2355.0
09/16/2020 23:50:00,EDT,Nuclear,3491.0
09/16/2020 23:50:00,EDT,Other Fossil Fuels,1.0
09/16/2020 23:50:00,EDT,Other Renewables,242.0
09/16/2020 23:50:00,EDT,Wind,1226.0
09/16/2020 23:50:00,EDT,Hydro,3084.0
09/16/2020 23:55:00,EDT,Dual Fuel,3169.0
09/16/2020 23:55:00,EDT,Natural Gas,2353.0
09/16/2020 23:55:00,EDT,Nuclear,3491.0
09/16/2020 23:55:00,EDT,Other Fossil Fuels,1.0
09/16/2020 23:55:00,EDT,Other Renewables,239.0
09/16/2020 23:55:00,EDT,Wind,1220.0
09/16/2020 23:55:00,EDT,Hydro,3132.0
09/17/2020 00:00:00,EDT,Dual Fuel,3171.0
09/17/2020 00:00:00,EDT,Natural Gas,2277.0
09/17/2020 00:00:00,EDT,Nuclear,3491.0
09/17/2020 00:00:00,EDT,Other Fossil Fuels,1.0
09/17/2020 00:00:00,EDT,Other Renewables,242.0
09/17/2020 00:00:00,EDT,Wind,1212.0
09/17/2020 00:00:00,EDT,Hydro,3114.0